data_raster/melanesia/PNMC_chlorophyll_2021/chl-202103.grd
DSAA																																																																																																																																																																																																																																																																																																																																																																																																																											
412	268																																																																																																																																																																																																																																																																																																																																																																																																																										
156	174.5																																																																																																																																																																																																																																																																																																																																																																																																																										
-26.5	-14.5																																																																																																																																																																																																																																																																																																																																																																																																																										
0.0612	0.1732																																																																																																																																																																																																																																																																																																																																																																																																																										
[rows 58 to 86 of 268, columns 201 to 267 of 412]
0.07991 0.07981 0.07973 0.07967 0.07963 0.07965 0.07971 0.07983 0.08002 0.08028 0.08060 0.08100 0.08147 0.08200 0.08257 0.08317 0.08379 0.08442 0.08504 0.08565 0.08622 0.08676 0.08724 0.08767 0.08804 0.08835 0.08860 0.08880 0.08894 0.08903 0.08907 0.08908 0.08905 0.08900 0.08893 0.08884 0.08873 0.08861 0.08849 0.08837 0.08824 0.08812 0.08801 0.08790 0.08781 0.08773 0.08767 0.08764 0.08764 0.08767 0.08774 0.08782 0.08791 0.08799 0.08804 0.08804 0.08800 0.08792 0.08780 0.08765 0.08748 0.08729 0.08709 0.08688 0.08666 0.08643 0.08619
0.07998 0.07986 0.07974 0.07964 0.07957 0.07955 0.07958 0.07968 0.07985 0.08009 0.08042 0.08082 0.08130 0.08184 0.08243 0.08306 0.08371 0.08436 0.08502 0.08565 0.08625 0.08680 0.08730 0.08774 0.08811 0.08842 0.08868 0.08887 0.08901 0.08909 0.08913 0.08913 0.08909 0.08903 0.08893 0.08883 0.08870 0.08857 0.08844 0.08831 0.08819 0.08808 0.08797 0.08788 0.08781 0.08776 0.08773 0.08772 0.08774 0.08779 0.08787 0.08797 0.08806 0.08814 0.08819 0.08820 0.08816 0.08808 0.08796 0.08781 0.08764 0.08745 0.08724 0.08703 0.08682 0.08662 0.08642
0.08010 0.07995 0.07979 0.07966 0.07956 0.07950 0.07951 0.07958 0.07973 0.07996 0.08027 0.08068 0.08117 0.08172 0.08233 0.08298 0.08365 0.08433 0.08501 0.08566 0.08629 0.08686 0.08737 0.08782 0.08820 0.08851 0.08877 0.08896 0.08910 0.08918 0.08922 0.08921 0.08916 0.08908 0.08898 0.08885 0.08871 0.08857 0.08842 0.08829 0.08816 0.08804 0.08795 0.08787 0.08781 0.08777 0.08776 0.08778 0.08782 0.08788 0.08797 0.08807 0.08817 0.08825 0.08831 0.08832 0.08828 0.08821 0.08810 0.08796 0.08779 0.08760 0.08741 0.08721 0.08702 0.08685 0.08669
0.08028 0.08010 0.07991 0.07974 0.07961 0.07952 0.07949 0.07954 0.07966 0.07987 0.08018 0.08058 0.08107 0.08163 0.08225 0.08292 0.08361 0.08431 0.08501 0.08569 0.08633 0.08692 0.08744 0.08790 0.08829 0.08861 0.08887 0.08907 0.08920 0.08929 0.08932 0.08930 0.08925 0.08915 0.08904 0.08890 0.08874 0.08858 0.08843 0.08828 0.08815 0.08803 0.08793 0.08785 0.08780 0.08778 0.08778 0.08781 0.08786 0.08794 0.08803 0.08814 0.08824 0.08833 0.08839 0.08841 0.08839 0.08832 0.08823 0.08810 0.08795 0.08779 0.08761 0.08744 0.08728 0.08714 0.08703
0.08053 0.08032 0.08010 0.07990 0.07973 0.07960 0.07954 0.07955 0.07964 0.07983 0.08012 0.08051 0.08100 0.08157 0.08221 0.08288 0.08359 0.08431 0.08502 0.08571 0.08637 0.08697 0.08751 0.08798 0.08838 0.08872 0.08898 0.08918 0.08932 0.08940 0.08942 0.08940 0.08933 0.08923 0.08910 0.08895 0.08879 0.08862 0.08846 0.08830 0.08816 0.08803 0.08793 0.08785 0.08780 0.08778 0.08779 0.08783 0.08789 0.08797 0.08807 0.08818 0.08829 0.08839 0.08846 0.08849 0.08848 0.08844 0.08836 0.08826 0.08815 0.08801 0.08788 0.08774 0.08762 0.08752 0.08746
0.08083 0.08061 0.08037 0.08013 0.07992 0.07976 0.07966 0.07963 0.07969 0.07985 0.08011 0.08049 0.08098 0.08155 0.08219 0.08288 0.08359 0.08432 0.08504 0.08574 0.08641 0.08702 0.08758 0.08806 0.08848 0.08882 0.08910 0.08930 0.08944 0.08951 0.08953 0.08950 0.08942 0.08932 0.08918 0.08902 0.08885 0.08867 0.08850 0.08834 0.08819 0.08806 0.08795 0.08787 0.08782 0.08779 0.08780 0.08784 0.08790 0.08799 0.08809 0.08821 0.08833 0.08843 0.08851 0.08856 0.08857 0.08856 0.08851 0.08845 0.08837 0.08828 0.08819 0.08811 0.08803 0.08798 0.08795
0.08119 0.08096 0.08070 0.08044 0.08020 0.08000 0.07986 0.07979 0.07982 0.07994 0.08018 0.08054 0.08102 0.08158 0.08222 0.08290 0.08362 0.08434 0.08506 0.08577 0.08644 0.08707 0.08764 0.08814 0.08857 0.08893 0.08922 0.08943 0.08957 0.08964 0.08965 0.08961 0.08952 0.08940 0.08926 0.08909 0.08892 0.08873 0.08856 0.08839 0.08823 0.08810 0.08798 0.08789 0.08784 0.08781 0.08782 0.08785 0.08791 0.08800 0.08810 0.08823 0.08835 0.08847 0.08857 0.08863 0.08867 0.08868 0.08867 0.08865 0.08861 0.08858 0.08854 0.08851 0.08848 0.08847 0.08847
0.08159 0.08136 0.08110 0.08082 0.08056 0.08033 0.08016 0.08006 0.08004 0.08013 0.08034 0.08067 0.08113 0.08167 0.08229 0.08296 0.08367 0.08439 0.08510 0.08581 0.08648 0.08711 0.08769 0.08821 0.08866 0.08904 0.08934 0.08956 0.08970 0.08977 0.08978 0.08973 0.08963 0.08950 0.08935 0.08917 0.08898 0.08879 0.08861 0.08844 0.08828 0.08814 0.08803 0.08793 0.08787 0.08784 0.08784 0.08787 0.08792 0.08801 0.08812 0.08824 0.08838 0.08851 0.08862 0.08871 0.08877 0.08882 0.08884 0.08886 0.08887 0.08889 0.08890 0.08892 0.08894 0.08896 0.08898
0.08203 0.08182 0.08156 0.08129 0.08101 0.08077 0.08057 0.08044 0.08039 0.08044 0.08060 0.08090 0.08132 0.08183 0.08243 0.08307 0.08375 0.08445 0.08516 0.08585 0.08653 0.08716 0.08775 0.08828 0.08874 0.08914 0.08946 0.08969 0.08984 0.08991 0.08992 0.08986 0.08976 0.08962 0.08945 0.08925 0.08905 0.08885 0.08866 0.08848 0.08833 0.08819 0.08808 0.08799 0.08792 0.08789 0.08788 0.08790 0.08795 0.08803 0.08814 0.08827 0.08841 0.08855 0.08869 0.08880 0.08889 0.08896 0.08902 0.08908 0.08913 0.08919 0.08925 0.08930 0.08935 0.08940 0.08943
0.08249 0.08231 0.08209 0.08183 0.08157 0.08132 0.08111 0.08095 0.08087 0.08088 0.08100 0.08125 0.08162 0.08208 0.08263 0.08323 0.08387 0.08455 0.08523 0.08591 0.08658 0.08721 0.08781 0.08835 0.08883 0.08924 0.08957 0.08982 0.08998 0.09006 0.09007 0.09002 0.08991 0.08975 0.08956 0.08934 0.08912 0.08890 0.08869 0.08852 0.08837 0.08824 0.08814 0.08805 0.08799 0.08795 0.08794 0.08795 0.08799 0.08807 0.08818 0.08831 0.08846 0.08862 0.08877 0.08890 0.08902 0.08912 0.08922 0.08930 0.08939 0.08948 0.08956 0.08964 0.08971 0.08976 0.08979
0.08296 0.08284 0.08266 0.08245 0.08221 0.08197 0.08176 0.08159 0.08148 0.08146 0.08153 0.08172 0.08202 0.08242 0.08290 0.08344 0.08404 0.08467 0.08532 0.08599 0.08664 0.08728 0.08787 0.08842 0.08891 0.08934 0.08969 0.08996 0.09013 0.09023 0.09024 0.09019 0.09007 0.08990 0.08968 0.08943 0.08918 0.08893 0.08872 0.08854 0.08840 0.08829 0.08820 0.08813 0.08808 0.08804 0.08802 0.08803 0.08807 0.08814 0.08824 0.08838 0.08853 0.08870 0.08886 0.08902 0.08916 0.08929 0.08941 0.08953 0.08963 0.08974 0.08983 0.08991 0.08997 0.09001 0.09003
0.08343 0.08338 0.08326 0.08310 0.08290 0.08270 0.08250 0.08233 0.08220 0.08214 0.08217 0.08230 0.08252 0.08284 0.08324 0.08372 0.08425 0.08484 0.08546 0.08610 0.08674 0.08736 0.08796 0.08851 0.08901 0.08945 0.08981 0.09009 0.09028 0.09039 0.09042 0.09036 0.09024 0.09005 0.08980 0.08953 0.08925 0.08898 0.08876 0.08858 0.08845 0.08835 0.08828 0.08823 0.08818 0.08815 0.08813 0.08813 0.08816 0.08823 0.08833 0.08847 0.08863 0.08880 0.08897 0.08915 0.08931 0.08946 0.08961 0.08974 0.08986 0.08996 0.09005 0.09012 0.09016 0.09017 0.09016
0.08388 0.08390 0.08385 0.08375 0.08361 0.08345 0.08328 0.08311 0.08298 0.08290 0.08288 0.08295 0.08311 0.08335 0.08366 0.08406 0.08453 0.08506 0.08564 0.08625 0.08687 0.08748 0.08807 0.08863 0.08913 0.08957 0.08995 0.09024 0.09043 0.09055 0.09058 0.09052 0.09039 0.09019 0.08993 0.08964 0.08934 0.08906 0.08883 0.08865 0.08853 0.08844 0.08838 0.08834 0.08830 0.08827 0.08826 0.08826 0.08829 0.08835 0.08845 0.08858 0.08874 0.08891 0.08909 0.08927 0.08946 0.08963 0.08979 0.08994 0.09006 0.09016 0.09023 0.09027 0.09028 0.09026 0.09020
0.08428 0.08438 0.08440 0.08437 0.08430 0.08418 0.08405 0.08391 0.08379 0.08369 0.08365 0.08367 0.08376 0.08392 0.08416 0.08448 0.08488 0.08536 0.08589 0.08647 0.08706 0.08766 0.08823 0.08878 0.08928 0.08973 0.09010 0.09039 0.09058 0.09069 0.09071 0.09065 0.09052 0.09031 0.09005 0.08977 0.08947 0.08920 0.08896 0.08879 0.08866 0.08857 0.08851 0.08847 0.08843 0.08841 0.08840 0.08841 0.08844 0.08850 0.08859 0.08871 0.08886 0.08902 0.08920 0.08939 0.08959 0.08978 0.08995 0.09010 0.09023 0.09031 0.09035 0.09036 0.09034 0.09027 0.09018
0.08461 0.08478 0.08489 0.08493 0.08492 0.08486 0.08478 0.08468 0.08458 0.08449 0.08444 0.08442 0.08446 0.08457 0.08474 0.08499 0.08533 0.08575 0.08623 0.08676 0.08732 0.08789 0.08845 0.08899 0.08948 0.08992 0.09028 0.09055 0.09072 0.09080 0.09080 0.09073 0.09059 0.09040 0.09017 0.08991 0.08965 0.08940 0.08918 0.08900 0.08886 0.08875 0.08867 0.08862 0.08858 0.08856 0.08856 0.08857 0.08861 0.08867 0.08876 0.08887 0.08899 0.08914 0.08931 0.08950 0.08970 0.08990 0.09008 0.09024 0.09035 0.09042 0.09044 0.09041 0.09034 0.09024 0.09011
0.08487 0.08510 0.08527 0.08538 0.08544 0.08545 0.08543 0.08538 0.08532 0.08526 0.08522 0.08520 0.08521 0.08527 0.08539 0.08559 0.08587 0.08623 0.08666 0.08715 0.08766 0.08820 0.08874 0.08926 0.08973 0.09015 0.09049 0.09073 0.09086 0.09089 0.09085 0.09075 0.09061 0.09045 0.09027 0.09009 0.08990 0.08970 0.08951 0.08933 0.08916 0.08901 0.08888 0.08879 0.08873 0.08871 0.08872 0.08876 0.08881 0.08888 0.08895 0.08904 0.08914 0.08926 0.08941 0.08958 0.08978 0.08998 0.09017 0.09033 0.09044 0.09049 0.09048 0.09042 0.09031 0.09017 0.09000
0.08505 0.08533 0.08555 0.08573 0.08585 0.08593 0.08598 0.08600 0.08600 0.08599 0.08598 0.08597 0.08598 0.08602 0.08611 0.08626 0.08649 0.08680 0.08718 0.08761 0.08808 0.08858 0.08908 0.08958 0.09003 0.09042 0.09073 0.09092 0.09099 0.09096 0.09087 0.09074 0.09060 0.09049 0.09039 0.09030 0.09020 0.09008 0.08993 0.08974 0.08953 0.08932 0.08913 0.08899 0.08890 0.08888 0.08891 0.08896 0.08904 0.08911 0.08917 0.08923 0.08929 0.08938 0.08949 0.08964 0.08983 0.09003 0.09022 0.09038 0.09048 0.09052 0.09048 0.09039 0.09025 0.09007 0.08987
0.08515 0.08548 0.08575 0.08598 0.08617 0.08632 0.08645 0.08655 0.08662 0.08668 0.08671 0.08673 0.08676 0.08680 0.08687 0.08699 0.08718 0.08744 0.08776 0.08814 0.08856 0.08900 0.08947 0.08993 0.09035 0.09071 0.09097 0.09111 0.09112 0.09104 0.09090 0.09075 0.09063 0.09056 0.09055 0.09056 0.09055 0.09051 0.09040 0.09019 0.08994 0.08966 0.08941 0.08921 0.08909 0.08907 0.08912 0.08920 0.08929 0.08937 0.08941 0.08944 0.08946 0.08950 0.08957 0.08970 0.08987 0.09006 0.09025 0.09040 0.09049 0.09051 0.09045 0.09033 0.09016 0.08995 0.08972
0.08520 0.08556 0.08588 0.08616 0.08641 0.08663 0.08684 0.08702 0.08718 0.08731 0.08741 0.08747 0.08752 0.08757 0.08764 0.08774 0.08790 0.08812 0.08839 0.08871 0.08907 0.08946 0.08987 0.09029 0.09067 0.09098 0.09121 0.09131 0.09128 0.09116 0.09100 0.09085 0.09075 0.09073 0.09079 0.09088 0.09095 0.09096 0.09087 0.09065 0.09035 0.09001 0.08969 0.08945 0.08931 0.08930 0.08936 0.08946 0.08958 0.08966 0.08968 0.08967 0.08965 0.08964 0.08966 0.08975 0.08990 0.09008 0.09025 0.09039 0.09048 0.09047 0.09039 0.09024 0.09004 0.08981 0.08955
0.08521 0.08559 0.08594 0.08627 0.08658 0.08688 0.08716 0.08744 0.08768 0.08789 0.08806 0.08817 0.08826 0.08833 0.08840 0.08849 0.08863 0.08881 0.08904 0.08930 0.08960 0.08993 0.09028 0.09063 0.09096 0.09123 0.09141 0.09149 0.09146 0.09135 0.09121 0.09109 0.09102 0.09105 0.09115 0.09127 0.09138 0.09140 0.09130 0.09106 0.09072 0.09034 0.08998 0.08971 0.08957 0.08956 0.08964 0.08977 0.08990 0.08998 0.08998 0.08993 0.08986 0.08979 0.08977 0.08982 0.08993 0.09009 0.09024 0.09037 0.09044 0.09041 0.09030 0.09013 0.08990 0.08964 0.08936
0.08517 0.08558 0.08596 0.08633 0.08669 0.08706 0.08743 0.08779 0.08812 0.08841 0.08865 0.08883 0.08895 0.08905 0.08913 0.08922 0.08934 0.08949 0.08968 0.08989 0.09013 0.09039 0.09067 0.09094 0.09120 0.09142 0.09158 0.09167 0.09168 0.09163 0.09157 0.09152 0.09151 0.09156 0.09166 0.09176 0.09182 0.09181 0.09167 0.09139 0.09102 0.09062 0.09026 0.08998 0.08986 0.08987 0.08998 0.09012 0.09026 0.09033 0.09031 0.09021 0.09009 0.08997 0.08989 0.08990 0.08998 0.09010 0.09024 0.09034 0.09038 0.09033 0.09019 0.08999 0.08974 0.08946 0.08917
0.08511 0.08553 0.08594 0.08635 0.08676 0.08720 0.08765 0.08809 0.08850 0.08888 0.08918 0.08942 0.08958 0.08971 0.08981 0.08990 0.09001 0.09014 0.09030 0.09047 0.09065 0.09083 0.09102 0.09120 0.09138 0.09155 0.09170 0.09183 0.09194 0.09203 0.09211 0.09218 0.09224 0.09230 0.09233 0.09234 0.09228 0.09215 0.09193 0.09160 0.09123 0.09085 0.09052 0.09029 0.09020 0.09024 0.09037 0.09052 0.09065 0.09071 0.09065 0.09052 0.09034 0.09017 0.09005 0.09000 0.09004 0.09013 0.09023 0.09031 0.09032 0.09024 0.09007 0.08984 0.08957 0.08927 0.08896
0.08503 0.08546 0.08589 0.08633 0.08679 0.08729 0.08780 0.08833 0.08882 0.08927 0.08965 0.08994 0.09015 0.09031 0.09043 0.09053 0.09064 0.09076 0.09089 0.09101 0.09114 0.09125 0.09134 0.09143 0.09153 0.09164 0.09179 0.09200 0.09225 0.09252 0.09278 0.09299 0.09314 0.09318 0.09312 0.09297 0.09274 0.09245 0.09212 0.09175 0.09139 0.09106 0.09079 0.09063 0.09059 0.09066 0.09080 0.09095 0.09107 0.09109 0.09100 0.09083 0.09061 0.09039 0.09021 0.09012 0.09012 0.09017 0.09023 0.09027 0.09024 0.09013 0.08993 0.08967 0.08938 0.08906 0.08875
0.08491 0.08535 0.08580 0.08627 0.08677 0.08732 0.08791 0.08850 0.08908 0.08961 0.09005 0.09040 0.09066 0.09085 0.09100 0.09111 0.09122 0.09133 0.09144 0.09153 0.09160 0.09164 0.09165 0.09165 0.09167 0.09174 0.09191 0.09219 0.09260 0.09307 0.09352 0.09389 0.09412 0.09413 0.09395 0.09362 0.09319 0.09273 0.09228 0.09188 0.09154 0.09128 0.09110 0.09102 0.09104 0.09114 0.09127 0.09140 0.09148 0.09147 0.09134 0.09112 0.09086 0.09059 0.09037 0.09024 0.09019 0.09019 0.09021 0.09021 0.09014 0.09000 0.08977 0.08949 0.08917 0.08885 0.08853
0.08478 0.08521 0.08567 0.08616 0.08670 0.08730 0.08795 0.08861 0.08926 0.08987 0.09038 0.09079 0.09111 0.09134 0.09151 0.09164 0.09175 0.09186 0.09194 0.09200 0.09202 0.09200 0.09194 0.09187 0.09183 0.09188 0.09207 0.09245 0.09301 0.09365 0.09428 0.09479 0.09508 0.09506 0.09475 0.09424 0.09363 0.09300 0.07753 0.09203 0.09173 0.09156 0.09148 0.09148 0.09155 0.09166 0.09177 0.09186 0.09188 0.09181 0.09164 0.09138 0.09107 0.09078 0.09052 0.09034 0.09024 0.09020 0.09017 0.09012 0.09002 0.08984 0.08959 0.08929 0.08896 0.08863 0.08831
0.08462 0.08504 0.08550 0.08601 0.08657 0.08721 0.08792 0.08865 0.08938 0.09005 0.09064 0.09112 0.09148 0.09176 0.09197 0.09212 0.09224 0.09233 0.09239 0.09241 0.09240 0.09233 0.09222 0.09211 0.09205 0.09210 0.09232 0.09278 0.09346 0.09425 0.09501 0.09562 0.09595 0.09589 0.09546 0.09481 0.09404 0.09328 0.09266 0.09225 0.09202 0.09194 0.09195 0.09203 0.09213 0.09222 0.09229 0.09230 0.09225 0.09211 0.09187 0.09157 0.09124 0.09092 0.09063 0.09041 0.09027 0.09018 0.09010 0.09000 0.08986 0.08965 0.08937 0.08906 0.08873 0.08840 0.08810
0.08443 0.08485 0.08530 0.08581 0.08640 0.08707 0.08783 0.08862 0.08941 0.09016 0.09082 0.09137 0.09179 0.09212 0.09237 0.09255 0.09267 0.09275 0.09278 0.09277 0.09272 0.09263 0.09251 0.09239 0.09234 0.09243 0.09270 0.09321 0.09397 0.09483 0.09566 0.09631 0.09664 0.09653 0.09603 0.09527 0.09441 0.09359 0.09295 0.09258 0.09243 0.09245 0.09255 0.09269 0.09279 0.09283 0.09281 0.09272 0.09256 0.09233 0.09204 0.09170 0.09134 0.09100 0.09069 0.09044 0.09026 0.09012 0.08999 0.08984 0.08966 0.08942 0.08914 0.08882 0.08849 0.08818 0.08788
0.08423 0.08462 0.08507 0.08558 0.08617 0.08688 0.08768 0.08853 0.08938 0.09020 0.09094 0.09155 0.09205 0.09244 0.09273 0.09293 0.09305 0.09311 0.09312 0.09308 0.09300 0.09291 0.09281 0.09274 0.09275 0.09290 0.09323 0.09379 0.09456 0.09542 0.09623 0.09685 0.09714 0.09698 0.09643 0.09563 0.09475 0.09392 0.09332 0.09302 0.09296 0.09307 0.09324 0.09341 0.09349 0.09345 0.09331 0.09309 0.09281 0.09248 0.09212 0.09174 0.09137 0.09102 0.07753 0.07753 0.09021 0.09002 0.08984 0.08965 0.08943 0.08917 0.08887 0.08856 0.08825 0.08795 0.08768
0.08401 0.08439 0.08481 0.08532 0.08593 0.08665 0.08749 0.08839 0.08931 0.09020 0.09101 0.09170 0.09227 0.09272 0.09305 0.09328 0.09341 0.09344 0.09341 0.09334 0.09325 0.09318 0.09315 0.09318 0.09330 0.09356 0.09396 0.09455 0.09530 0.09610 0.09682 0.09734 0.09754 0.09731 0.09672 0.09590 0.09503 0.09425 0.09371 0.09349 0.09353 0.09372 0.09395 0.09413 0.09417 0.09403 0.09377 0.09340 0.09299 0.09255 0.09212 0.09172 0.09134 0.07753 0.07753 0.07753 0.09012 0.08988 0.08965 0.08942 0.08917 0.08889 0.08860 0.08830 0.08801 0.08773 0.08748
