data_raster/melanesia/PNMC_chlorophyll_2021/chl-202103.grd
DSAA																																																																																																																																																																																																																																																																																																																																																																																																																											
412	268																																																																																																																																																																																																																																																																																																																																																																																																																										
156	174.5																																																																																																																																																																																																																																																																																																																																																																																																																										
-26.5	-14.5																																																																																																																																																																																																																																																																																																																																																																																																																										
0.0612	0.1732																																																																																																																																																																																																																																																																																																																																																																																																																										
[rows 232 to 260 of 268, columns 335 to 401 of 412]
0.06843 0.06811 0.06784 0.06763 0.06752 0.06751 0.06759 0.06777 0.06801 0.06832 0.06868 0.06908 0.06948 0.06988 0.07026 0.07059 0.07086 0.07108 0.07126 0.07140 0.07152 0.07163 0.07172 0.07181 0.07188 0.07193 0.07197 0.07199 0.07199 0.07196 0.07191 0.07182 0.07170 0.07154 0.07133 0.07107 0.07075 0.07036 0.06990 0.06939 0.06889 0.06843 0.06806 0.06782 0.06773 0.06777 0.06792 0.06816 0.06847 0.06883 0.06922 0.06961 0.06999 0.07032 0.07059 0.07078 0.07091 0.07099 0.07103 0.07105 0.07106 0.07105 0.07103 0.07099 0.07091 0.07080 0.07064
0.06813 0.06782 0.06755 0.06735 0.06724 0.06724 0.06733 0.06751 0.06776 0.06808 0.06846 0.06887 0.06930 0.06972 0.07012 0.07046 0.07074 0.07097 0.07114 0.07129 0.07141 0.07151 0.07161 0.07170 0.07178 0.07184 0.07188 0.07190 0.07190 0.07187 0.07182 0.07173 0.07161 0.07144 0.07123 0.07097 0.07064 0.07024 0.06976 0.06925 0.06874 0.06827 0.06789 0.06764 0.06755 0.06758 0.06773 0.06797 0.06828 0.06863 0.06900 0.06938 0.06974 0.07005 0.07029 0.07046 0.07055 0.07060 0.07061 0.07059 0.07057 0.07054 0.07050 0.07043 0.07033 0.07020 0.07003
0.06782 0.06752 0.06725 0.06706 0.06696 0.06696 0.06705 0.06723 0.06749 0.06782 0.06821 0.06864 0.06909 0.06954 0.06995 0.07031 0.07060 0.07083 0.07102 0.07116 0.07128 0.07139 0.07149 0.07158 0.07166 0.07172 0.07176 0.07179 0.07178 0.07176 0.07170 0.07161 0.07148 0.07131 0.07110 0.07083 0.07049 0.07008 0.06960 0.06908 0.06856 0.06809 0.06771 0.06745 0.06735 0.06738 0.06752 0.06775 0.06804 0.06838 0.06874 0.06910 0.06943 0.06972 0.06995 0.07009 0.07017 0.07019 0.07018 0.07015 0.07010 0.07005 0.06998 0.06990 0.06978 0.06963 0.06945
0.06751 0.06720 0.06695 0.06677 0.06667 0.06667 0.06676 0.06694 0.06720 0.06753 0.06794 0.06839 0.06886 0.06933 0.06977 0.07015 0.07045 0.07069 0.07087 0.07102 0.07114 0.07125 0.07135 0.07144 0.07151 0.07158 0.07162 0.07164 0.07164 0.07161 0.07155 0.07145 0.07132 0.07115 0.07093 0.07065 0.07031 0.06990 0.06942 0.06889 0.06837 0.06789 0.06750 0.06724 0.06713 0.06715 0.06728 0.06749 0.06777 0.06808 0.06842 0.06875 0.06907 0.06934 0.06955 0.06968 0.06976 0.06978 0.06976 0.06971 0.06966 0.06959 0.06950 0.06940 0.06926 0.06910 0.06890
0.06718 0.06688 0.06664 0.06646 0.06636 0.06636 0.06645 0.06663 0.06689 0.06723 0.06765 0.06812 0.06862 0.06911 0.06957 0.06997 0.07029 0.07053 0.07072 0.07087 0.07099 0.07110 0.07120 0.07128 0.07136 0.07142 0.07146 0.07148 0.07147 0.07143 0.07137 0.07127 0.07113 0.07096 0.07073 0.07045 0.07011 0.06970 0.06921 0.06869 0.06817 0.06769 0.06729 0.06702 0.06690 0.06690 0.06701 0.06720 0.06745 0.06774 0.06805 0.06836 0.06865 0.06891 0.06911 0.06924 0.06932 0.06934 0.06933 0.06929 0.06923 0.06915 0.06905 0.06892 0.06877 0.06859 0.06838
0.06684 0.06655 0.06631 0.06614 0.06605 0.06605 0.06613 0.06631 0.06657 0.06692 0.06735 0.06784 0.06836 0.06888 0.06937 0.06979 0.07012 0.07038 0.07057 0.07072 0.07084 0.07095 0.07104 0.07113 0.07120 0.07125 0.07129 0.07130 0.07129 0.07125 0.07117 0.07107 0.07093 0.07075 0.07052 0.07023 0.06989 0.06948 0.06900 0.06847 0.06795 0.06747 0.06707 0.06679 0.06665 0.06664 0.06672 0.06688 0.06711 0.06736 0.06764 0.06792 0.06819 0.06843 0.06863 0.06877 0.06886 0.06890 0.06890 0.06887 0.06881 0.06872 0.06861 0.06847 0.06830 0.06811 0.06789
0.06648 0.06620 0.06597 0.06581 0.06572 0.06572 0.06581 0.06598 0.06625 0.06660 0.06705 0.06756 0.06811 0.06866 0.06917 0.06962 0.06997 0.07023 0.07043 0.07058 0.07070 0.07080 0.07089 0.07098 0.07104 0.07109 0.07112 0.07112 0.07110 0.07105 0.07097 0.07085 0.07071 0.07052 0.07029 0.07001 0.06966 0.06925 0.06877 0.06825 0.06774 0.06725 0.06685 0.06656 0.06640 0.06636 0.06642 0.06655 0.06673 0.06696 0.06720 0.06745 0.06770 0.06793 0.06812 0.06827 0.06838 0.06845 0.06847 0.06846 0.06840 0.06831 0.06819 0.06803 0.06785 0.06765 0.06742
0.06612 0.06584 0.06562 0.06547 0.06538 0.06539 0.06547 0.06565 0.06592 0.06629 0.06675 0.06729 0.06787 0.06845 0.06899 0.06946 0.06982 0.07010 0.07031 0.07046 0.07057 0.07067 0.07076 0.07084 0.07089 0.07093 0.07095 0.07094 0.07091 0.07085 0.07076 0.07064 0.07048 0.07029 0.07006 0.06977 0.06943 0.06903 0.06855 0.06804 0.06752 0.06704 0.06663 0.06633 0.06615 0.06608 0.06610 0.06619 0.06634 0.06652 0.06674 0.06696 0.06719 0.06740 0.06760 0.06776 0.06789 0.06798 0.06803 0.06804 0.06799 0.06790 0.06777 0.06761 0.06742 0.06721 0.06698
0.06574 0.06547 0.06526 0.06511 0.06504 0.06505 0.06514 0.06532 0.06560 0.06598 0.06646 0.06703 0.06764 0.06825 0.06883 0.06932 0.06970 0.06999 0.07020 0.07036 0.07047 0.07057 0.07065 0.07071 0.07076 0.07079 0.07080 0.07077 0.07073 0.07065 0.07055 0.07042 0.07026 0.07006 0.06983 0.06955 0.06921 0.06881 0.06834 0.06784 0.06732 0.06684 0.06642 0.06610 0.06589 0.06579 0.06577 0.06582 0.06593 0.06608 0.06626 0.06645 0.06666 0.06687 0.06707 0.06725 0.06740 0.06751 0.06759 0.06761 0.06758 0.06750 0.06737 0.06720 0.06700 0.06679 0.06655
0.06535 0.06509 0.06489 0.06476 0.06470 0.06471 0.06481 0.06500 0.06529 0.06569 0.06620 0.06679 0.06744 0.06808 0.06868 0.06920 0.06960 0.06990 0.07012 0.07027 0.07038 0.07047 0.07055 0.07061 0.07065 0.07066 0.07065 0.07062 0.07055 0.07046 0.07035 0.07021 0.07004 0.06984 0.06960 0.06933 0.06899 0.06860 0.06814 0.06764 0.06714 0.06665 0.06622 0.06588 0.06565 0.06550 0.06544 0.06545 0.06551 0.06562 0.06577 0.06595 0.06614 0.06634 0.06654 0.06673 0.06690 0.06704 0.06714 0.06719 0.06717 0.06709 0.06697 0.06680 0.06660 0.06638 0.06615
0.06498 0.06473 0.06454 0.06442 0.06437 0.06439 0.06450 0.06471 0.06501 0.06543 0.06596 0.06658 0.06725 0.06792 0.06855 0.06908 0.06950 0.06981 0.07004 0.07019 0.07031 0.07039 0.07046 0.07051 0.07054 0.07054 0.07052 0.07047 0.07039 0.07029 0.07016 0.07001 0.06983 0.06963 0.06939 0.06912 0.06879 0.06840 0.06796 0.06747 0.06696 0.06648 0.06604 0.06568 0.06541 0.06523 0.06512 0.06508 0.06511 0.06518 0.06530 0.06545 0.06563 0.06582 0.06603 0.06623 0.06642 0.06658 0.06669 0.06676 0.06676 0.06669 0.06657 0.06641 0.06621 0.06600 0.06577
0.06463 0.06439 0.06421 0.06411 0.06407 0.06411 0.06424 0.06445 0.06477 0.06520 0.06575 0.06639 0.06708 0.06777 0.06842 0.06897 0.06940 0.06972 0.06995 0.07011 0.07023 0.07031 0.07038 0.07042 0.07044 0.07043 0.07040 0.07033 0.07024 0.07012 0.06998 0.06982 0.06964 0.06943 0.06920 0.06892 0.06860 0.06822 0.06778 0.06730 0.06680 0.06631 0.06587 0.06549 0.06519 0.06497 0.06482 0.06474 0.06473 0.06477 0.06485 0.06498 0.06515 0.06533 0.06554 0.06574 0.06594 0.06612 0.06625 0.06633 0.06635 0.06629 0.06619 0.06603 0.06585 0.06564 0.06542
0.06433 0.06409 0.06393 0.06384 0.06382 0.06388 0.06402 0.06425 0.06458 0.06503 0.06559 0.06624 0.06694 0.06763 0.06829 0.06885 0.06929 0.06962 0.06985 0.07002 0.07014 0.07022 0.07028 0.07032 0.07034 0.07032 0.07028 0.07021 0.07010 0.06998 0.06983 0.06966 0.06947 0.06926 0.06902 0.06874 0.06842 0.06805 0.06762 0.06714 0.06665 0.06617 0.06571 0.06532 0.06500 0.06474 0.06456 0.06444 0.06438 0.06439 0.06445 0.06456 0.06471 0.06488 0.06508 0.06529 0.06549 0.06568 0.06582 0.06592 0.06594 0.06590 0.06581 0.06567 0.06549 0.06530 0.06509
0.06408 0.06386 0.06371 0.06363 0.06363 0.06371 0.06387 0.06412 0.06446 0.06491 0.06547 0.06612 0.06681 0.06751 0.06815 0.06871 0.06915 0.06949 0.06973 0.06990 0.07003 0.07012 0.07018 0.07022 0.07023 0.07021 0.07016 0.07008 0.06998 0.06985 0.06969 0.06952 0.06932 0.06911 0.06886 0.06858 0.06826 0.06789 0.06746 0.06700 0.06651 0.06603 0.06558 0.06517 0.06483 0.06455 0.06433 0.06418 0.06409 0.06407 0.06411 0.06420 0.06433 0.06449 0.06468 0.06488 0.06508 0.06526 0.06541 0.06551 0.06555 0.06552 0.06544 0.06532 0.06516 0.06498 0.06479
0.06389 0.06368 0.06355 0.06349 0.06351 0.06361 0.06378 0.06405 0.06440 0.06485 0.06541 0.06604 0.06671 0.06737 0.06800 0.06855 0.06898 0.06932 0.06957 0.06975 0.06989 0.06998 0.07005 0.07009 0.07010 0.07008 0.07004 0.06996 0.06986 0.06973 0.06957 0.06940 0.06920 0.06898 0.06873 0.06845 0.06812 0.06775 0.06733 0.06687 0.06639 0.06591 0.06546 0.06505 0.06469 0.06439 0.06415 0.06397 0.06386 0.06382 0.06383 0.06390 0.06401 0.06415 0.06433 0.06451 0.06470 0.06487 0.06502 0.06512 0.06516 0.06515 0.06509 0.06499 0.06485 0.06469 0.06451
0.06376 0.06357 0.06345 0.06341 0.06344 0.06355 0.06375 0.06402 0.06438 0.06482 0.06535 0.06595 0.06659 0.06722 0.06781 0.06834 0.06876 0.06909 0.06935 0.06955 0.06969 0.06980 0.06987 0.06992 0.06994 0.06992 0.06989 0.06982 0.06972 0.06960 0.06946 0.06929 0.06909 0.06887 0.06861 0.06832 0.06799 0.06762 0.06720 0.06675 0.06628 0.06582 0.06537 0.06496 0.06459 0.06428 0.06402 0.06383 0.06369 0.06363 0.06362 0.06367 0.06376 0.06388 0.06403 0.06420 0.06436 0.06452 0.06465 0.06475 0.06480 0.06480 0.06476 0.06468 0.06457 0.06443 0.06427
0.06369 0.06350 0.06339 0.06336 0.06341 0.06353 0.06373 0.06401 0.06436 0.06479 0.06529 0.06585 0.06644 0.06702 0.06757 0.06806 0.06847 0.06880 0.06906 0.06926 0.06942 0.06953 0.06962 0.06968 0.06971 0.06971 0.06968 0.06963 0.06956 0.06945 0.06932 0.06916 0.06898 0.06875 0.06850 0.06821 0.06788 0.06751 0.06710 0.06666 0.06620 0.06575 0.06531 0.06490 0.06454 0.06422 0.06395 0.06374 0.06359 0.06350 0.06348 0.06350 0.06357 0.06367 0.06379 0.06393 0.06407 0.06421 0.06433 0.06442 0.06447 0.06448 0.06446 0.06440 0.06431 0.06419 0.06405
0.06368 0.06349 0.06338 0.06335 0.06340 0.06352 0.06372 0.06398 0.06432 0.06472 0.06518 0.06569 0.06622 0.06675 0.06725 0.06770 0.06809 0.06840 0.06866 0.06887 0.06904 0.06917 0.06927 0.06934 0.06939 0.06940 0.06940 0.06938 0.06933 0.06925 0.06915 0.06901 0.06884 0.06863 0.06839 0.06810 0.06778 0.06742 0.06702 0.06659 0.06615 0.06571 0.06529 0.06489 0.06452 0.06420 0.06393 0.06371 0.06354 0.06344 0.06340 0.06340 0.06344 0.06352 0.06361 0.06372 0.06384 0.06395 0.06405 0.06413 0.06418 0.06420 0.06419 0.06415 0.06408 0.06399 0.06386
0.06371 0.06351 0.06339 0.06335 0.06339 0.06350 0.06368 0.06392 0.06422 0.06459 0.06500 0.06545 0.06592 0.06639 0.06683 0.06724 0.06760 0.06790 0.06816 0.06837 0.06854 0.06869 0.06880 0.06889 0.06895 0.06900 0.06902 0.06903 0.06902 0.06899 0.06892 0.06882 0.06868 0.06849 0.06826 0.06800 0.06769 0.06734 0.06696 0.06656 0.06614 0.06572 0.06531 0.06492 0.06456 0.06424 0.06396 0.06373 0.06356 0.06344 0.06337 0.06336 0.06337 0.06342 0.06349 0.06357 0.06366 0.06375 0.06383 0.06389 0.06394 0.06397 0.06397 0.06394 0.06389 0.06381 0.06370
0.06379 0.06356 0.06342 0.06336 0.06337 0.06345 0.06359 0.06379 0.06405 0.06436 0.06472 0.06510 0.06551 0.06591 0.06630 0.06667 0.06699 0.06727 0.06751 0.06772 0.06790 0.06806 0.06819 0.06829 0.06838 0.06846 0.06852 0.06858 0.06862 0.06863 0.06862 0.06857 0.06847 0.06832 0.06812 0.06789 0.06761 0.06729 0.06694 0.06656 0.06616 0.06577 0.06537 0.06500 0.06465 0.06433 0.06405 0.06382 0.06363 0.06350 0.06341 0.06337 0.06336 0.06339 0.06343 0.06348 0.06354 0.06360 0.06367 0.06372 0.06376 0.06379 0.06379 0.06377 0.06373 0.06366 0.06356
0.06390 0.06365 0.06347 0.06337 0.06333 0.06336 0.06346 0.06361 0.06381 0.06405 0.06434 0.06466 0.06500 0.06534 0.06568 0.06599 0.06628 0.06654 0.06676 0.06697 0.06715 0.06731 0.06745 0.06758 0.06770 0.06782 0.06792 0.06803 0.06813 0.06820 0.06825 0.06825 0.06821 0.06811 0.06796 0.06776 0.06752 0.06724 0.06693 0.06658 0.06622 0.06585 0.06548 0.06512 0.06478 0.06447 0.06419 0.06395 0.06375 0.06360 0.06350 0.06344 0.06340 0.06340 0.06341 0.06344 0.06348 0.06352 0.06356 0.06360 0.06364 0.06366 0.06366 0.06365 0.06361 0.06355 0.06345
0.06405 0.06375 0.06353 0.06337 0.06329 0.06326 0.06329 0.06337 0.06351 0.06369 0.06391 0.06416 0.06444 0.06472 0.06500 0.06527 0.06552 0.06575 0.06596 0.06615 0.06633 0.06649 0.06665 0.06680 0.06695 0.06710 0.06726 0.06742 0.06757 0.06771 0.06782 0.06789 0.06790 0.06786 0.06777 0.06763 0.06743 0.06720 0.06692 0.06661 0.06629 0.06594 0.06560 0.06526 0.06494 0.06463 0.06436 0.06411 0.06391 0.06375 0.06362 0.06354 0.06348 0.06345 0.06344 0.06345 0.06346 0.06348 0.06351 0.06354 0.06356 0.06357 0.06357 0.06356 0.06352 0.06346 0.06337
0.06421 0.06386 0.06359 0.06338 0.06323 0.06314 0.06310 0.06311 0.06318 0.06329 0.06345 0.06364 0.06386 0.06409 0.06432 0.06455 0.06476 0.06496 0.06515 0.06533 0.06550 0.06567 0.06584 0.06601 0.06618 0.06637 0.06657 0.06677 0.06698 0.06718 0.06735 0.06748 0.06756 0.06758 0.06755 0.06746 0.06732 0.06713 0.06690 0.06664 0.06635 0.06604 0.06572 0.06541 0.06510 0.06481 0.06454 0.06430 0.06408 0.06391 0.06377 0.06367 0.06359 0.06353 0.06350 0.06348 0.06348 0.06349 0.06350 0.06351 0.06352 0.06352 0.06351 0.06349 0.06345 0.06339 0.06330
0.06438 0.06398 0.06365 0.06338 0.06316 0.06300 0.06290 0.06285 0.06284 0.06289 0.06299 0.06313 0.06330 0.06348 0.06368 0.06387 0.06405 0.06422 0.06438 0.06455 0.06471 0.06488 0.06505 0.06524 0.06544 0.06565 0.06588 0.06613 0.06639 0.06664 0.06686 0.06705 0.06719 0.06727 0.06729 0.06726 0.06717 0.06704 0.06686 0.06664 0.06639 0.06611 0.06583 0.06554 0.06525 0.06498 0.06472 0.06448 0.06427 0.06408 0.06393 0.06381 0.06371 0.06364 0.06358 0.06355 0.06353 0.06352 0.06351 0.06351 0.06351 0.06350 0.06348 0.06345 0.06341 0.06335 0.06326
0.06456 0.06410 0.06370 0.06337 0.06309 0.06287 0.06270 0.06259 0.06253 0.06252 0.06257 0.06267 0.06280 0.06295 0.06312 0.06328 0.06343 0.06358 0.06372 0.06386 0.06402 0.06418 0.06436 0.06455 0.06476 0.06500 0.06525 0.06553 0.06581 0.06610 0.06636 0.06659 0.06678 0.06691 0.06699 0.06701 0.06699 0.06690 0.06677 0.06660 0.06638 0.06615 0.06589 0.06563 0.06537 0.06512 0.06487 0.06464 0.06444 0.06425 0.06409 0.06395 0.06384 0.06375 0.06368 0.06363 0.06359 0.06356 0.06354 0.06353 0.06351 0.06349 0.06347 0.06343 0.06339 0.06332 0.06324
0.06473 0.06421 0.06375 0.06336 0.06302 0.06274 0.06252 0.06235 0.06225 0.06220 0.06222 0.06229 0.06239 0.06252 0.06267 0.06281 0.06294 0.06307 0.06319 0.06332 0.06346 0.06361 0.06379 0.06398 0.06420 0.06444 0.06470 0.06499 0.06528 0.06558 0.06587 0.06613 0.06635 0.06653 0.06665 0.06673 0.06675 0.06672 0.06663 0.06650 0.06633 0.06613 0.06591 0.06569 0.06545 0.06522 0.06500 0.06478 0.06458 0.06440 0.06424 0.06409 0.06397 0.06386 0.06378 0.06371 0.06366 0.06362 0.06358 0.06356 0.06353 0.06350 0.06347 0.06343 0.06338 0.06331 0.06323
0.06490 0.06433 0.06381 0.06336 0.06297 0.06264 0.06237 0.06216 0.06202 0.06195 0.06194 0.06199 0.06209 0.06221 0.06234 0.06247 0.06259 0.06270 0.06281 0.06292 0.06305 0.06319 0.06335 0.06354 0.06375 0.06398 0.06424 0.06452 0.06482 0.06512 0.06541 0.06569 0.06593 0.06613 0.06630 0.06641 0.06648 0.06649 0.06645 0.06636 0.06623 0.06607 0.06589 0.06569 0.06549 0.06529 0.06508 0.06489 0.06470 0.06452 0.06436 0.06421 0.06408 0.06397 0.06387 0.06379 0.06372 0.06367 0.06363 0.06359 0.06355 0.06352 0.06348 0.06343 0.06338 0.06331 0.06323
0.06509 0.06446 0.06389 0.06339 0.06295 0.06257 0.06227 0.06203 0.06187 0.06178 0.06176 0.06180 0.06189 0.06200 0.06213 0.06226 0.06237 0.06247 0.06257 0.06267 0.06278 0.06291 0.06306 0.06323 0.06343 0.06365 0.06389 0.06415 0.06443 0.06472 0.06501 0.06528 0.06553 0.06575 0.06594 0.06609 0.06620 0.06625 0.06625 0.06619 0.06610 0.06597 0.06582 0.06566 0.06549 0.06531 0.06513 0.06496 0.06478 0.06462 0.06446 0.06431 0.06418 0.06406 0.06395 0.06386 0.06378 0.06372 0.06366 0.06362 0.06357 0.06353 0.06349 0.06345 0.06339 0.06333 0.06326
0.06529 0.06463 0.06402 0.06347 0.06298 0.06258 0.06224 0.06198 0.06180 0.06169 0.06167 0.06171 0.06180 0.06192 0.06205 0.06218 0.06228 0.06238 0.06246 0.06255 0.06265 0.06277 0.06290 0.06306 0.06324 0.06343 0.06365 0.06389 0.06415 0.06441 0.06468 0.06494 0.06518 0.06541 0.06562 0.06579 0.06592 0.06600 0.06603 0.06600 0.06594 0.06584 0.06572 0.06559 0.06545 0.06530 0.06514 0.06498 0.06483 0.06467 0.06452 0.06438 0.06424 0.06412 0.06401 0.06391 0.06383 0.06376 0.06370 0.06364 0.06360 0.06355 0.06351 0.06347 0.06342 0.06336 0.06329
