data_raster/melanesia/PNMC_chlorophyll_2021/chl-202103.grd
DSAA																																																																																																																																																																																																																																																																																																																																																																																																																											
412	268																																																																																																																																																																																																																																																																																																																																																																																																																										
156	174.5																																																																																																																																																																																																																																																																																																																																																																																																																										
-26.5	-14.5																																																																																																																																																																																																																																																																																																																																																																																																																										
0.0612	0.1732																																																																																																																																																																																																																																																																																																																																																																																																																										
[rows 29 to 57 of 268, columns 335 to 401 of 412]
0.07726 0.07732 0.07737 0.07742 0.07746 0.07748 0.07749 0.07749 0.07747 0.07743 0.07738 0.07732 0.07723 0.07713 0.07701 0.07687 0.07671 0.07652 0.07632 0.07611 0.07589 0.07566 0.07543 0.07520 0.07496 0.07473 0.07451 0.07430 0.07410 0.07392 0.07374 0.07359 0.07344 0.07331 0.07319 0.07308 0.07296 0.07283 0.07270 0.07255 0.07239 0.07220 0.07199 0.07175 0.07148 0.07119 0.07088 0.07056 0.07023 0.06990 0.06957 0.06925 0.06894 0.06863 0.06834 0.06807 0.06782 0.06759 0.06739 0.06722 0.06708 0.06698 0.06690 0.06685 0.06682 0.06681 0.06682
0.07747 0.07755 0.07761 0.07767 0.07772 0.07776 0.07778 0.07779 0.07779 0.07776 0.07773 0.07768 0.07761 0.07751 0.07740 0.07727 0.07711 0.07693 0.07674 0.07652 0.07630 0.07606 0.07581 0.07556 0.07530 0.07505 0.07481 0.07458 0.07436 0.07415 0.07396 0.07378 0.07363 0.07348 0.07335 0.07323 0.07311 0.07299 0.07287 0.07274 0.07260 0.07244 0.07226 0.07205 0.07182 0.07157 0.07129 0.07101 0.07072 0.07042 0.07012 0.06983 0.06955 0.06927 0.06901 0.06877 0.06855 0.06835 0.06818 0.06803 0.06791 0.06782 0.06776 0.06771 0.06768 0.06767 0.06768
0.07767 0.07775 0.07783 0.07790 0.07797 0.07802 0.07805 0.07808 0.07809 0.07808 0.07806 0.07802 0.07797 0.07789 0.07779 0.07767 0.07752 0.07735 0.07716 0.07695 0.07672 0.07647 0.07621 0.07594 0.07567 0.07540 0.07513 0.07488 0.07464 0.07441 0.07420 0.07400 0.07382 0.07367 0.07352 0.07339 0.07327 0.07315 0.07304 0.07292 0.07280 0.07267 0.07252 0.07234 0.07215 0.07194 0.07171 0.07146 0.07121 0.07095 0.07069 0.07043 0.07018 0.06994 0.06971 0.06950 0.06931 0.06914 0.06900 0.06887 0.06877 0.06870 0.06864 0.06860 0.06858 0.06857 0.06856
0.07785 0.07794 0.07803 0.07811 0.07819 0.07825 0.07831 0.07834 0.07837 0.07838 0.07837 0.07835 0.07831 0.07825 0.07817 0.07806 0.07793 0.07777 0.07759 0.07738 0.07715 0.07690 0.07663 0.07635 0.07606 0.07577 0.07548 0.07520 0.07494 0.07469 0.07446 0.07424 0.07404 0.07387 0.07371 0.07356 0.07343 0.07331 0.07321 0.07310 0.07300 0.07289 0.07276 0.07262 0.07247 0.07229 0.07210 0.07190 0.07169 0.07147 0.07125 0.07103 0.07081 0.07060 0.07041 0.07023 0.07007 0.06993 0.06981 0.06971 0.06962 0.06956 0.06951 0.06948 0.06946 0.06945 0.06945
0.07800 0.07811 0.07821 0.07830 0.07839 0.07847 0.07853 0.07858 0.07862 0.07865 0.07866 0.07865 0.07863 0.07859 0.07852 0.07843 0.07831 0.07817 0.07800 0.07781 0.07759 0.07734 0.07707 0.07677 0.07647 0.07616 0.07586 0.07556 0.07527 0.07500 0.07474 0.07450 0.07428 0.07408 0.07391 0.07375 0.07361 0.07349 0.07338 0.07328 0.07319 0.07310 0.07300 0.07288 0.07276 0.07262 0.07247 0.07231 0.07213 0.07195 0.07177 0.07159 0.07140 0.07123 0.07107 0.07092 0.07079 0.07067 0.07057 0.07049 0.07042 0.07037 0.07034 0.07031 0.07030 0.07029 0.07028
0.07814 0.07825 0.07836 0.07847 0.07856 0.07865 0.07873 0.07879 0.07885 0.07889 0.07891 0.07892 0.07892 0.07889 0.07884 0.07877 0.07868 0.07855 0.07841 0.07823 0.07802 0.07777 0.07750 0.07721 0.07690 0.07658 0.07626 0.07594 0.07563 0.07533 0.07505 0.07478 0.07454 0.07432 0.07412 0.07395 0.07380 0.07367 0.07356 0.07346 0.07338 0.07329 0.07321 0.07312 0.07302 0.07291 0.07279 0.07266 0.07252 0.07238 0.07223 0.07208 0.07193 0.07179 0.07166 0.07154 0.07143 0.07133 0.07125 0.07119 0.07113 0.07110 0.07107 0.07105 0.07104 0.07103 0.07103
0.07827 0.07838 0.07850 0.07861 0.07871 0.07881 0.07890 0.07897 0.07904 0.07909 0.07913 0.07915 0.07916 0.07916 0.07913 0.07908 0.07901 0.07891 0.07878 0.07862 0.07843 0.07820 0.07794 0.07765 0.07734 0.07701 0.07668 0.07634 0.07601 0.07568 0.07537 0.07508 0.07482 0.07458 0.07436 0.07417 0.07401 0.07386 0.07375 0.07364 0.07356 0.07348 0.07340 0.07333 0.07324 0.07316 0.07306 0.07296 0.07286 0.07274 0.07263 0.07251 0.07239 0.07227 0.07216 0.07207 0.07198 0.07190 0.07184 0.07178 0.07175 0.07172 0.07170 0.07169 0.07169 0.07168 0.07168
0.07837 0.07850 0.07862 0.07873 0.07884 0.07894 0.07904 0.07912 0.07919 0.07926 0.07931 0.07935 0.07937 0.07939 0.07938 0.07935 0.07930 0.07923 0.07913 0.07899 0.07882 0.07861 0.07836 0.07808 0.07778 0.07745 0.07711 0.07676 0.07640 0.07605 0.07572 0.07540 0.07511 0.07485 0.07461 0.07440 0.07422 0.07407 0.07394 0.07383 0.07374 0.07366 0.07358 0.07351 0.07344 0.07337 0.07330 0.07322 0.07314 0.07305 0.07296 0.07287 0.07277 0.07268 0.07260 0.07252 0.07245 0.07238 0.07233 0.07229 0.07227 0.07225 0.07224 0.07224 0.07224 0.07224 0.07223
0.07847 0.07859 0.07872 0.07884 0.07895 0.07906 0.07915 0.07924 0.07932 0.07939 0.07945 0.07950 0.07955 0.07957 0.07959 0.07958 0.07956 0.07952 0.07944 0.07934 0.07919 0.07900 0.07877 0.07851 0.07821 0.07789 0.07754 0.07718 0.07681 0.07644 0.07607 0.07573 0.07541 0.07513 0.07487 0.07465 0.07445 0.07428 0.07413 0.07401 0.07391 0.07382 0.07375 0.07368 0.07362 0.07356 0.07350 0.07344 0.07338 0.07331 0.07324 0.07317 0.07310 0.07303 0.07296 0.07290 0.07284 0.07279 0.07275 0.07272 0.07270 0.07270 0.07270 0.07270 0.07271 0.07271 0.07271
0.07855 0.07868 0.07881 0.07893 0.07904 0.07915 0.07924 0.07933 0.07941 0.07949 0.07956 0.07962 0.07967 0.07972 0.07975 0.07977 0.07978 0.07976 0.07972 0.07964 0.07953 0.07937 0.07916 0.07891 0.07863 0.07831 0.07797 0.07760 0.07721 0.07682 0.07644 0.07607 0.07573 0.07542 0.07514 0.07490 0.07468 0.07449 0.07433 0.07420 0.07408 0.07399 0.07391 0.07384 0.07378 0.07373 0.07368 0.07363 0.07358 0.07353 0.07348 0.07343 0.07337 0.07332 0.07327 0.07322 0.07317 0.07313 0.07310 0.07308 0.07307 0.07307 0.07308 0.07309 0.07310 0.07311 0.07311
0.07862 0.07875 0.07888 0.07900 0.07912 0.07922 0.07931 0.07940 0.07948 0.07956 0.07963 0.07970 0.07976 0.07982 0.07987 0.07991 0.07994 0.07996 0.07995 0.07990 0.07982 0.07969 0.07952 0.07929 0.07903 0.07872 0.07838 0.07801 0.07761 0.07720 0.07680 0.07641 0.07605 0.07572 0.07542 0.07515 0.07491 0.07471 0.07453 0.07438 0.07425 0.07415 0.07406 0.07399 0.07393 0.07388 0.07384 0.07380 0.07376 0.07372 0.07368 0.07364 0.07360 0.07356 0.07352 0.07348 0.07344 0.07341 0.07339 0.07338 0.07338 0.07339 0.07340 0.07342 0.07343 0.07344 0.07344
0.07868 0.07882 0.07895 0.07907 0.07918 0.07928 0.07936 0.07945 0.07952 0.07960 0.07967 0.07974 0.07981 0.07988 0.07994 0.08000 0.08006 0.08011 0.08013 0.08012 0.08007 0.07998 0.07983 0.07964 0.07940 0.07911 0.07877 0.07840 0.07800 0.07758 0.07716 0.07675 0.07637 0.07602 0.07570 0.07541 0.07515 0.07492 0.07473 0.07456 0.07442 0.07430 0.07421 0.07413 0.07407 0.07402 0.07398 0.07395 0.07392 0.07388 0.07385 0.07381 0.07378 0.07375 0.07371 0.07369 0.07366 0.07364 0.07363 0.07362 0.07363 0.07364 0.07366 0.07368 0.07370 0.07371 0.07372
0.07874 0.07888 0.07901 0.07912 0.07923 0.07932 0.07940 0.07948 0.07954 0.07961 0.07968 0.07975 0.07982 0.07990 0.07998 0.08006 0.08014 0.08021 0.08027 0.08030 0.08028 0.08023 0.08011 0.07995 0.07973 0.07946 0.07915 0.07878 0.07838 0.07795 0.07752 0.07709 0.07669 0.07632 0.07598 0.07567 0.07539 0.07514 0.07493 0.07474 0.07459 0.07446 0.07435 0.07427 0.07421 0.07416 0.07412 0.07409 0.07406 0.07403 0.07399 0.07396 0.07393 0.07390 0.07387 0.07385 0.07384 0.07383 0.07382 0.07383 0.07384 0.07385 0.07387 0.07389 0.07392 0.07394 0.07395
0.07878 0.07892 0.07905 0.07917 0.07927 0.07936 0.07943 0.07949 0.07955 0.07961 0.07968 0.07975 0.07982 0.07990 0.07999 0.08008 0.08019 0.08029 0.08037 0.08043 0.08046 0.08043 0.08036 0.08022 0.08004 0.07980 0.07950 0.07914 0.07874 0.07831 0.07787 0.07743 0.07701 0.07662 0.07626 0.07593 0.07563 0.07536 0.07513 0.07493 0.07476 0.07461 0.07450 0.07440 0.07433 0.07428 0.07424 0.07421 0.07418 0.07415 0.07412 0.07408 0.07405 0.07402 0.07400 0.07399 0.07398 0.07398 0.07398 0.07399 0.07400 0.07402 0.07404 0.07407 0.07409 0.07412 0.07414
0.07881 0.07896 0.07909 0.07921 0.07931 0.07939 0.07945 0.07951 0.07956 0.07962 0.07967 0.07974 0.07981 0.07989 0.07999 0.08009 0.08021 0.08033 0.08044 0.08053 0.08059 0.08060 0.08056 0.08047 0.08031 0.08010 0.07982 0.07948 0.07909 0.07866 0.07821 0.07777 0.07734 0.07693 0.07655 0.07620 0.07588 0.07559 0.07534 0.07511 0.07492 0.07476 0.07463 0.07453 0.07446 0.07440 0.07436 0.07433 0.07430 0.07426 0.07423 0.07419 0.07416 0.07413 0.07411 0.07410 0.07410 0.07410 0.07411 0.07412 0.07414 0.07416 0.07419 0.07421 0.07424 0.07428 0.07431
0.07883 0.07899 0.07913 0.07924 0.07934 0.07942 0.07948 0.07953 0.07958 0.07962 0.07968 0.07973 0.07980 0.07989 0.07998 0.08010 0.08023 0.08036 0.08049 0.08061 0.08069 0.08073 0.08073 0.08067 0.08056 0.08037 0.08012 0.07980 0.07942 0.07900 0.07855 0.07810 0.07766 0.07724 0.07684 0.07648 0.07614 0.07583 0.07555 0.07531 0.07509 0.07492 0.07477 0.07466 0.07457 0.07451 0.07447 0.07443 0.07440 0.07436 0.07433 0.07429 0.07426 0.07423 0.07421 0.07420 0.07420 0.07420 0.07422 0.07423 0.07425 0.07428 0.07431 0.07434 0.07437 0.07441 0.07445
0.07883 0.07900 0.07915 0.07927 0.07937 0.07945 0.07951 0.07956 0.07961 0.07965 0.07970 0.07975 0.07982 0.07990 0.07999 0.08011 0.08024 0.08038 0.08052 0.08065 0.08076 0.08083 0.08086 0.08084 0.08076 0.08062 0.08040 0.08010 0.07973 0.07932 0.07888 0.07843 0.07798 0.07755 0.07714 0.07676 0.07640 0.07607 0.07577 0.07550 0.07527 0.07507 0.07490 0.07477 0.07468 0.07461 0.07456 0.07453 0.07449 0.07446 0.07442 0.07439 0.07435 0.07433 0.07431 0.07429 0.07429 0.07430 0.07431 0.07433 0.07435 0.07438 0.07441 0.07445 0.07449 0.07454 0.07459
0.07883 0.07902 0.07917 0.07931 0.07941 0.07949 0.07956 0.07961 0.07965 0.07969 0.07974 0.07979 0.07985 0.07993 0.08002 0.08013 0.08025 0.08040 0.08054 0.08068 0.08080 0.08090 0.08096 0.08098 0.08094 0.08084 0.08065 0.08038 0.08003 0.07963 0.07920 0.07875 0.07830 0.07787 0.07745 0.07705 0.07667 0.07632 0.07600 0.07570 0.07544 0.07522 0.07503 0.07489 0.07478 0.07470 0.07465 0.07462 0.07458 0.07455 0.07452 0.07448 0.07445 0.07442 0.07440 0.07439 0.07438 0.07439 0.07440 0.07441 0.07444 0.07447 0.07450 0.07455 0.07460 0.07466 0.07472
0.07884 0.07904 0.07921 0.07934 0.07945 0.07954 0.07961 0.07966 0.07971 0.07975 0.07979 0.07984 0.07990 0.07997 0.08005 0.08015 0.08027 0.08040 0.08055 0.08069 0.08082 0.08094 0.08103 0.08109 0.08109 0.08102 0.08087 0.08063 0.08031 0.07993 0.07951 0.07906 0.07862 0.07818 0.07775 0.07734 0.07695 0.07658 0.07623 0.07591 0.07563 0.07538 0.07517 0.07501 0.07488 0.07480 0.07474 0.07470 0.07467 0.07464 0.07461 0.07458 0.07455 0.07452 0.07450 0.07448 0.07447 0.07447 0.07448 0.07449 0.07451 0.07455 0.07459 0.07464 0.07470 0.07476 0.07483
0.07888 0.07909 0.07926 0.07939 0.07950 0.07959 0.07966 0.07972 0.07977 0.07981 0.07986 0.07990 0.07995 0.08001 0.08009 0.08018 0.08029 0.08041 0.08054 0.08068 0.08082 0.08096 0.08108 0.08117 0.08121 0.08118 0.08107 0.08086 0.08056 0.08020 0.07980 0.07936 0.07892 0.07848 0.07805 0.07763 0.07723 0.07684 0.07647 0.07613 0.07582 0.07555 0.07532 0.07513 0.07500 0.07490 0.07483 0.07478 0.07475 0.07472 0.07469 0.07466 0.07464 0.07461 0.07459 0.07457 0.07456 0.07455 0.07455 0.07456 0.07458 0.07462 0.07467 0.07472 0.07479 0.07486 0.07493
0.07896 0.07917 0.07934 0.07947 0.07957 0.07966 0.07973 0.07979 0.07984 0.07988 0.07993 0.07997 0.08001 0.08007 0.08013 0.08021 0.08030 0.08042 0.08054 0.08068 0.08082 0.08097 0.08112 0.08124 0.08131 0.08132 0.08124 0.08106 0.08079 0.08045 0.08007 0.07965 0.07921 0.07878 0.07835 0.07792 0.07750 0.07710 0.07672 0.07636 0.07603 0.07574 0.07548 0.07528 0.07512 0.07501 0.07493 0.07487 0.07483 0.07480 0.07477 0.07474 0.07472 0.07470 0.07468 0.07466 0.07464 0.07463 0.07462 0.07463 0.07465 0.07469 0.07473 0.07479 0.07486 0.07493 0.07501
0.07912 0.07931 0.07946 0.07957 0.07966 0.07974 0.07980 0.07986 0.07991 0.07995 0.07999 0.08003 0.08007 0.08011 0.08017 0.08024 0.08032 0.08042 0.08054 0.08067 0.08082 0.08098 0.08114 0.08128 0.08138 0.08142 0.08137 0.08123 0.08099 0.08068 0.08031 0.07991 0.07949 0.07906 0.07863 0.07820 0.07777 0.07736 0.07697 0.07660 0.07625 0.07594 0.07567 0.07545 0.07527 0.07514 0.07504 0.07496 0.07491 0.07486 0.07483 0.07481 0.07479 0.07477 0.07475 0.07473 0.07472 0.07470 0.07470 0.07470 0.07472 0.07475 0.07479 0.07485 0.07491 0.07499 0.07507
0.07935 0.07951 0.07962 0.07971 0.07977 0.07983 0.07989 0.07993 0.07998 0.08002 0.08005 0.08008 0.08011 0.08015 0.08020 0.08026 0.08034 0.08043 0.08054 0.08067 0.08082 0.08099 0.08116 0.08132 0.08144 0.08150 0.08148 0.08136 0.08116 0.08087 0.08054 0.08016 0.07975 0.07933 0.07890 0.07846 0.07804 0.07762 0.07722 0.07684 0.07649 0.07617 0.07589 0.07565 0.07545 0.07529 0.07516 0.07506 0.07498 0.07493 0.07489 0.07486 0.07484 0.07483 0.07481 0.07480 0.07479 0.07478 0.07477 0.07478 0.07479 0.07481 0.07485 0.07489 0.07495 0.07502 0.07509
0.07966 0.07977 0.07984 0.07988 0.07991 0.07995 0.07998 0.08002 0.08005 0.08008 0.08011 0.08014 0.08016 0.08019 0.08023 0.08029 0.08036 0.08045 0.08055 0.08068 0.08083 0.08100 0.08118 0.08135 0.08148 0.08156 0.08156 0.08147 0.08129 0.08104 0.08073 0.08038 0.07999 0.07957 0.07915 0.07872 0.07829 0.07787 0.07747 0.07710 0.07675 0.07642 0.07613 0.07587 0.07565 0.07546 0.07530 0.07517 0.07507 0.07499 0.07494 0.07491 0.07489 0.07488 0.07487 0.07486 0.07486 0.07485 0.07485 0.07485 0.07486 0.07487 0.07490 0.07493 0.07497 0.07503 0.07510
0.08002 0.08007 0.08009 0.08009 0.08009 0.08009 0.08011 0.08013 0.08015 0.08017 0.08019 0.08020 0.08022 0.08025 0.08028 0.08033 0.08039 0.08048 0.08058 0.08070 0.08085 0.08102 0.08120 0.08137 0.08151 0.08160 0.08162 0.08155 0.08140 0.08118 0.08090 0.08057 0.08020 0.07980 0.07938 0.07896 0.07853 0.07811 0.07772 0.07735 0.07700 0.07668 0.07638 0.07611 0.07586 0.07564 0.07545 0.07529 0.07516 0.07507 0.07500 0.07496 0.07494 0.07493 0.07492 0.07493 0.07493 0.07493 0.07493 0.07494 0.07494 0.07494 0.07495 0.07496 0.07499 0.07504 0.07510
0.08041 0.08041 0.08038 0.08034 0.08030 0.08027 0.08027 0.08027 0.08028 0.08029 0.08029 0.08030 0.08031 0.08032 0.08035 0.08039 0.08045 0.08053 0.08063 0.08075 0.08089 0.08105 0.08122 0.08139 0.08153 0.08162 0.08166 0.08161 0.08149 0.08130 0.08105 0.08075 0.08040 0.08001 0.07960 0.07918 0.07876 0.07835 0.07796 0.07760 0.07726 0.07694 0.07664 0.07636 0.07609 0.07584 0.07562 0.07543 0.07528 0.07516 0.07508 0.07503 0.07500 0.07499 0.07499 0.07499 0.07500 0.07501 0.07502 0.07502 0.07502 0.07501 0.07500 0.07500 0.07502 0.07505 0.07511
0.08082 0.08078 0.08071 0.08062 0.08055 0.08050 0.08047 0.08045 0.08044 0.08044 0.08044 0.08043 0.08043 0.08043 0.08045 0.08048 0.08054 0.08061 0.08070 0.08081 0.08094 0.08109 0.08125 0.08141 0.08154 0.08164 0.08167 0.08165 0.08155 0.08139 0.08117 0.08089 0.08057 0.08020 0.07980 0.07939 0.07897 0.07857 0.07819 0.07784 0.07751 0.07719 0.07689 0.07660 0.07632 0.07605 0.07581 0.07560 0.07542 0.07529 0.07519 0.07512 0.07509 0.07507 0.07507 0.07508 0.07509 0.07510 0.07511 0.07511 0.07510 0.07509 0.07507 0.07506 0.07506 0.07508 0.07513
0.08123 0.08116 0.08106 0.08095 0.08085 0.08078 0.08073 0.08069 0.08067 0.08065 0.08063 0.08061 0.08060 0.08059 0.08060 0.08062 0.08066 0.08072 0.08080 0.08090 0.08102 0.08115 0.08130 0.08143 0.08155 0.08164 0.08168 0.08166 0.08159 0.08145 0.08126 0.08101 0.08071 0.08036 0.07998 0.07958 0.07918 0.07878 0.07841 0.07807 0.07774 0.07743 0.07713 0.07683 0.07654 0.07627 0.07602 0.07579 0.07560 0.07545 0.07533 0.07526 0.07521 0.07518 0.07517 0.07518 0.07519 0.07520 0.07521 0.07521 0.07520 0.07517 0.07515 0.07513 0.07512 0.07514 0.07518
0.08163 0.08155 0.08143 0.08131 0.08120 0.08111 0.08104 0.08099 0.08095 0.08091 0.08088 0.08084 0.08082 0.08080 0.08079 0.08080 0.08083 0.08087 0.08094 0.08102 0.08112 0.08123 0.08135 0.08146 0.08156 0.08164 0.08167 0.08166 0.08160 0.08149 0.08133 0.08110 0.08083 0.08050 0.08014 0.07976 0.07937 0.07898 0.07862 0.07828 0.07795 0.07764 0.07734 0.07705 0.07676 0.07649 0.07623 0.07600 0.07580 0.07564 0.07552 0.07543 0.07536 0.07532 0.07530 0.07529 0.07530 0.07530 0.07531 0.07531 0.07529 0.07527 0.07524 0.07522 0.07521 0.07522 0.07526
