data_raster/melanesia/PNMC_chlorophyll_2021/chl-202103.grd
DSAA																																																																																																																																																																																																																																																																																																																																																																																																																											
412	268																																																																																																																																																																																																																																																																																																																																																																																																																										
156	174.5																																																																																																																																																																																																																																																																																																																																																																																																																										
-26.5	-14.5																																																																																																																																																																																																																																																																																																																																																																																																																										
0.0612	0.1732																																																																																																																																																																																																																																																																																																																																																																																																																										
[rows 87 to 115 of 268, columns 201 to 267 of 412]
0.08379 0.08415 0.08456 0.08506 0.08567 0.08642 0.08730 0.08824 0.08922 0.09017 0.09106 0.09182 0.09246 0.09298 0.09336 0.09361 0.09373 0.09374 0.09367 0.09357 0.09349 0.09347 0.09354 0.09373 0.09403 0.09443 0.09494 0.09556 0.09626 0.09693 0.09750 0.09786 0.09791 0.09758 0.09693 0.09611 0.09526 0.09453 0.09407 0.09394 0.09406 0.09432 0.09460 0.09478 0.09476 0.09453 0.09414 0.09364 0.09310 0.09256 0.09207 0.09164 0.09125 0.07753 0.07753 0.07753 0.08999 0.08972 0.08945 0.08918 0.08890 0.08862 0.08833 0.08804 0.08777 0.08752 0.08731
0.08359 0.08392 0.08432 0.08482 0.08544 0.08621 0.08711 0.08810 0.08913 0.09015 0.09110 0.09194 0.09266 0.09323 0.09367 0.09394 0.09405 0.09402 0.09391 0.09379 0.09373 0.09379 0.09402 0.09442 0.09495 0.09556 0.09621 0.09687 0.09748 0.09799 0.09834 0.09847 0.09833 0.09785 0.09713 0.09628 0.09544 0.09476 0.09435 0.09430 0.09449 0.09480 0.09511 0.09529 0.09522 0.09490 0.09440 0.09378 0.09313 0.09250 0.09197 0.09151 0.09112 0.07753 0.09045 0.09014 0.08983 0.08953 0.08923 0.08893 0.08864 0.08835 0.08807 0.08780 0.08756 0.08734 0.08715
0.08340 0.08372 0.08411 0.08461 0.08524 0.08603 0.08696 0.08800 0.08908 0.09015 0.09117 0.09208 0.09287 0.09351 0.09398 0.09428 0.09437 0.09430 0.09415 0.09402 0.09399 0.09416 0.09460 0.09528 0.09610 0.09698 0.09781 0.09852 0.09904 0.09935 0.09943 0.09928 0.09887 0.09820 0.09734 0.09642 0.09556 0.09489 0.09451 0.09449 0.09472 0.09507 0.09539 0.09557 0.09547 0.09509 0.09451 0.09381 0.09308 0.09240 0.09182 0.09135 0.09095 0.09060 0.09028 0.08997 0.08965 0.08933 0.08901 0.08869 0.08839 0.08811 0.08784 0.08759 0.08737 0.08717 0.08701
0.08324 0.08355 0.08394 0.08445 0.08509 0.08590 0.08687 0.08794 0.08907 0.09020 0.09128 0.09226 0.09311 0.09381 0.09432 0.09463 0.09471 0.09460 0.09440 0.09426 0.09428 0.09459 0.09530 0.09631 0.09749 0.09868 0.09974 0.10053 0.10095 0.10103 0.10080 0.10031 0.09958 0.09865 0.09761 0.09656 0.09563 0.09491 0.07753 0.07753 0.09473 0.09509 0.09542 0.09559 0.09548 0.09507 0.09445 0.09372 0.09295 0.07753 0.07753 0.09116 0.09076 0.09041 0.09008 0.08976 0.08944 0.08911 0.08878 0.08847 0.08817 0.08789 0.08764 0.08741 0.08721 0.08704 0.08689
0.08312 0.08343 0.08384 0.08436 0.08502 0.08586 0.08686 0.08797 0.08914 0.09032 0.09145 0.09249 0.09340 0.09415 0.09470 0.09502 0.09507 0.09491 0.09468 0.09453 0.09462 0.09509 0.09606 0.09743 0.09898 0.10051 0.10181 0.10267 0.10299 0.10284 0.10229 0.10144 0.10037 0.09917 0.09792 0.09673 0.09569 0.09490 0.09446 0.07753 0.09459 0.09492 0.09523 0.09539 0.09527 0.09486 0.09425 0.09352 0.09275 0.09204 0.09144 0.09095 0.09054 0.09019 0.08986 0.08954 0.08921 0.08889 0.08857 0.08826 0.08797 0.08771 0.08747 0.08726 0.08708 0.08692 0.08680
0.08306 0.08339 0.08381 0.08436 0.08506 0.08593 0.08696 0.08811 0.08932 0.09054 0.09172 0.09281 0.09376 0.09454 0.09512 0.09544 0.09547 0.09528 0.09501 0.09487 0.09502 0.09563 0.09686 0.09855 0.10044 0.10226 0.10377 0.10470 0.10492 0.10454 0.10370 0.10252 0.10114 0.09968 0.09825 0.09693 0.09580 0.07753 0.07753 0.07753 0.09442 0.07753 0.07753 0.09506 0.09492 0.09452 0.09393 0.09323 0.09249 0.09180 0.09122 0.09073 0.09032 0.08995 0.08962 0.08930 0.08898 0.08866 0.08836 0.08807 0.08780 0.08755 0.08733 0.08713 0.08697 0.08683 0.08672
0.08307 0.08342 0.08388 0.08447 0.08521 0.08612 0.08720 0.08839 0.08964 0.09090 0.09211 0.09323 0.09421 0.09501 0.09559 0.09590 0.09592 0.09570 0.09542 0.09529 0.09549 0.09622 0.09764 0.09957 0.10170 0.07753 0.07753 0.10634 0.10647 0.10590 0.10481 0.07753 0.10176 0.10014 0.09860 0.09720 0.07753 0.07753 0.07753 0.07753 0.07753 0.07753 0.07753 0.07753 0.09448 0.09408 0.09352 0.09287 0.09218 0.09153 0.09097 0.09049 0.09008 0.08972 0.08938 0.08906 0.08875 0.08845 0.08816 0.08789 0.08764 0.08741 0.08720 0.08702 0.08687 0.08674 0.08665
0.08316 0.08357 0.08408 0.08472 0.08551 0.08648 0.08760 0.08884 0.09012 0.09141 0.09264 0.09377 0.09475 0.09555 0.09612 0.09642 0.09643 0.09620 0.09592 0.09581 0.09605 0.09684 0.09835 0.10039 0.10262 0.10475 0.10643 0.10735 0.10738 0.10667 0.10543 0.07753 0.10213 0.10045 0.07753 0.07753 0.07753 0.07753 0.07753 0.07753 0.07753 0.07753 0.07753 0.07753 0.09401 0.09360 0.09306 0.09246 0.09183 0.09124 0.09071 0.09025 0.08984 0.08948 0.08914 0.08883 0.08853 0.08824 0.08798 0.08773 0.08749 0.08728 0.08709 0.08692 0.08678 0.08667 0.08658
0.08336 0.08383 0.08441 0.08512 0.08598 0.08701 0.08819 0.08948 0.09080 0.09211 0.09334 0.09446 0.09541 0.09617 0.09671 0.09700 0.09701 0.09680 0.09655 0.09645 0.09670 0.09749 0.09895 0.10092 0.07753 0.10508 0.10665 0.10747 0.10741 0.10663 0.07753 0.07753 0.07753 0.07753 0.07753 0.07753 0.07753 0.07753 0.07753 0.07753 0.07753 0.07753 0.07753 0.07753 0.09357 0.09311 0.09258 0.09202 0.09146 0.09092 0.09044 0.09000 0.08961 0.08925 0.08892 0.08861 0.08832 0.08806 0.08781 0.08758 0.08736 0.08716 0.08698 0.08683 0.08669 0.08659 0.08651
0.08368 0.08423 0.08489 0.08568 0.08661 0.08771 0.08896 0.09028 0.09164 0.09295 0.09418 0.09526 0.09616 0.09688 0.09738 0.09764 0.09766 0.09749 0.09729 0.09722 0.09745 0.09814 0.09943 0.10114 0.10301 0.10474 0.10607 0.10671 0.10656 0.07753 0.10459 0.07753 0.07753 0.07753 0.07753 0.07753 0.07753 0.07753 0.07753 0.07753 0.07753 0.07753 0.07753 0.09374 0.09318 0.09263 0.09209 0.09157 0.09107 0.09060 0.09016 0.08975 0.08938 0.08903 0.08871 0.08842 0.08814 0.08789 0.08765 0.08744 0.08724 0.08705 0.08688 0.08673 0.08660 0.08651 0.08644
0.08414 0.08478 0.08552 0.08639 0.08739 0.08855 0.08983 0.09118 0.09254 0.09384 0.09504 0.09608 0.09694 0.09761 0.09808 0.09834 0.09839 0.09827 0.09812 0.09807 0.09825 0.09880 0.09981 0.10116 0.10261 0.10394 0.07753 0.07753 0.07753 0.07753 0.07753 0.07753 0.07753 0.07753 0.07753 0.07753 0.07753 0.07753 0.07753 0.07753 0.07753 0.07753 0.09441 0.09357 0.09282 0.09218 0.09161 0.09111 0.09067 0.09026 0.08987 0.08950 0.08916 0.08883 0.08853 0.08824 0.08798 0.08774 0.08751 0.08730 0.08711 0.08693 0.08677 0.08663 0.08651 0.08642 0.08636
0.08477 0.08549 0.08631 0.08725 0.08830 0.08947 0.09075 0.09208 0.09340 0.09467 0.09583 0.09683 0.09766 0.09832 0.09880 0.09908 0.09918 0.09913 0.09903 0.09898 0.09908 0.09943 0.10012 0.07753 0.10203 0.07753 0.07753 0.07753 0.07753 0.07753 0.07753 0.07753 0.07753 0.07753 0.07753 0.07753 0.07753 0.07753 0.07753 0.07753 0.07753 0.07753 0.09450 0.09340 0.09247 0.09173 0.09114 0.09067 0.09027 0.08992 0.08958 0.08926 0.08894 0.08864 0.08836 0.08809 0.08783 0.08760 0.08738 0.08717 0.08699 0.08681 0.08666 0.08652 0.08642 0.08634 0.08629
0.08560 0.08639 0.08727 0.08824 0.08929 0.09044 0.09165 0.09289 0.09413 0.09532 0.09642 0.09741 0.09826 0.09897 0.09951 0.09987 0.10004 0.10006 0.09998 0.09990 0.09989 0.10003 0.07753 0.10089 0.10144 0.07753 0.07753 0.07753 0.07753 0.07753 0.07753 0.07753 0.07753 0.07753 0.07753 0.07753 0.07753 0.07753 0.07753 0.07753 0.07753 0.09585 0.09446 0.09317 0.09210 0.09129 0.09069 0.09024 0.08989 0.08959 0.08930 0.08902 0.08874 0.08847 0.08821 0.08795 0.08770 0.08747 0.08725 0.08704 0.08685 0.08668 0.08654 0.08641 0.08632 0.08625 0.08621
0.08664 0.08749 0.08840 0.08936 0.09037 0.09140 0.09247 0.09354 0.09461 0.09568 0.09672 0.09773 0.09867 0.09950 0.10019 0.10069 0.10097 0.10103 0.10095 0.10080 0.10065 0.07753 0.07753 0.10080 0.07753 0.07753 0.07753 0.07753 0.07753 0.07753 0.07753 0.07753 0.07753 0.07753 0.07753 0.07753 0.07753 0.07753 0.07753 0.09842 0.09714 0.09569 0.09419 0.09281 0.09170 0.09086 0.09026 0.08983 0.08952 0.08926 0.08902 0.08878 0.08855 0.08831 0.08807 0.08783 0.08759 0.08734 0.08711 0.08690 0.08671 0.08654 0.08640 0.08629 0.08621 0.08616 0.08614
0.08792 0.08879 0.08969 0.09059 0.09148 0.09233 0.09314 0.09395 0.09479 0.09568 0.09665 0.09772 0.09883 0.09989 0.10082 0.10153 0.10195 0.10205 0.07753 0.10167 0.07753 0.10109 0.10092 0.10086 0.10084 0.07753 0.07753 0.07753 0.07753 0.07753 0.07753 0.07753 0.07753 0.07753 0.07753 0.07753 0.07753 0.07753 0.09872 0.09776 0.09650 0.09508 0.09363 0.09231 0.09123 0.09043 0.08986 0.08946 0.08918 0.08896 0.08876 0.08856 0.08837 0.08817 0.08795 0.08772 0.08748 0.08722 0.08698 0.08675 0.08655 0.08638 0.08626 0.08616 0.08611 0.08608 0.08608
0.08935 0.09020 0.09105 0.09185 0.09257 0.09317 0.09368 0.09418 0.09473 0.09542 0.09632 0.09748 0.09881 0.10016 0.10140 0.10238 0.07753 0.10312 0.10295 0.10258 0.07753 0.07753 0.10136 0.07753 0.07753 0.07753 0.07753 0.07753 0.07753 0.07753 0.07753 0.07753 0.07753 0.07753 0.07753 0.07753 0.09852 0.09814 0.09749 0.09654 0.09537 0.09410 0.09283 0.09167 0.09073 0.09002 0.08950 0.08913 0.08887 0.08867 0.08850 0.08835 0.08820 0.08804 0.08785 0.08763 0.08737 0.08710 0.08683 0.08658 0.08637 0.08621 0.08610 0.08602 0.08599 0.08599 0.08601
0.09082 0.09163 0.09238 0.09304 0.09356 0.09390 0.09410 0.09428 0.09457 0.09507 0.09592 0.09718 0.09874 0.10039 0.10194 0.10321 0.10399 0.07753 0.07753 0.07753 0.07753 0.07753 0.07753 0.07753 0.07753 0.07753 0.07753 0.07753 0.07753 0.07753 0.07753 0.07753 0.07753 0.07753 0.09826 0.09781 0.09729 0.09666 0.09589 0.09497 0.09396 0.09291 0.09190 0.09098 0.09022 0.08962 0.08917 0.08883 0.08859 0.08841 0.08827 0.08816 0.08804 0.08792 0.08775 0.08754 0.08727 0.08698 0.08669 0.08641 0.08619 0.08602 0.08592 0.08587 0.08586 0.08589 0.08593
0.09225 0.09294 0.09356 0.09405 0.09437 0.09448 0.09442 0.09436 0.09444 0.09481 0.09563 0.09698 0.09873 0.10063 0.10246 0.10399 0.10500 0.10540 0.07753 0.07753 0.07753 0.07753 0.07753 0.07753 0.07753 0.07753 0.07753 0.07753 0.07753 0.07753 0.07753 0.07753 0.07753 0.09836 0.09759 0.09676 0.09591 0.09503 0.09416 0.09329 0.09246 0.09167 0.09094 0.09029 0.08972 0.08926 0.08887 0.08857 0.08834 0.08818 0.08806 0.08798 0.08790 0.08781 0.08766 0.08745 0.08717 0.08686 0.08654 0.08624 0.08600 0.08583 0.08574 0.08571 0.08572 0.08577 0.08583
0.09351 0.09405 0.09449 0.09479 0.09493 0.09486 0.09467 0.09449 0.09448 0.09481 0.09563 0.09705 0.09890 0.10095 0.10297 0.10472 0.07753 0.07753 0.07753 0.07753 0.07753 0.07753 0.07753 0.07753 0.07753 0.07753 0.07753 0.07753 0.07753 0.07753 0.07753 0.07753 0.09886 0.09789 0.09680 0.09566 0.09453 0.09346 0.09251 0.09172 0.09107 0.09052 0.09006 0.08965 0.08928 0.08893 0.08862 0.08835 0.08813 0.08798 0.08788 0.08783 0.08778 0.08770 0.08757 0.08736 0.08707 0.08673 0.08638 0.08606 0.08580 0.08563 0.08555 0.08553 0.08556 0.08562 0.08570
0.09451 0.09483 0.09505 0.09516 0.09515 0.09503 0.09485 0.09474 0.09483 0.09525 0.09612 0.09754 0.09937 0.07753 0.07753 0.07753 0.07753 0.07753 0.07753 0.07753 0.07753 0.07753 0.07753 0.07753 0.07753 0.07753 0.07753 0.07753 0.07753 0.07753 0.07753 0.07753 0.09830 0.09717 0.09590 0.09459 0.09331 0.09215 0.09119 0.09048 0.08998 0.08962 0.08937 0.08915 0.08892 0.08866 0.08841 0.08817 0.08796 0.08782 0.08774 0.08770 0.08767 0.08760 0.08748 0.08727 0.08696 0.08660 0.08623 0.08588 0.08561 0.08543 0.08535 0.08534 0.08537 0.08544 0.08552
0.09521 0.09526 0.09522 0.09515 0.09506 0.09500 0.09501 0.09516 0.09552 0.07753 0.07753 0.07753 0.07753 0.07753 0.07753 0.07753 0.07753 0.07753 0.07753 0.07753 0.07753 0.07753 0.07753 0.07753 0.07753 0.07753 0.07753 0.07753 0.07753 0.07753 0.07753 0.09836 0.09735 0.09620 0.09491 0.09359 0.09232 0.09120 0.09030 0.08968 0.08928 0.08905 0.08891 0.08879 0.08864 0.08845 0.08823 0.08802 0.08783 0.08769 0.08762 0.08759 0.08757 0.08751 0.08738 0.08716 0.08684 0.08646 0.08607 0.08571 0.08542 0.08524 0.08515 0.08513 0.08516 0.08523 0.08530
0.09568 0.09544 0.09517 0.09493 0.09481 0.09489 0.09519 0.09572 0.09645 0.07753 0.07753 0.07753 0.07753 0.07753 0.07753 0.07753 0.07753 0.07753 0.07753 0.07753 0.07753 0.07753 0.07753 0.07753 0.07753 0.07753 0.07753 0.07753 0.07753 0.09918 0.09808 0.09711 0.09614 0.09506 0.09389 0.09269 0.09155 0.09054 0.08975 0.08922 0.08890 0.08873 0.08863 0.08856 0.08844 0.08828 0.08809 0.08789 0.08772 0.08760 0.08754 0.08751 0.08748 0.08742 0.08728 0.08705 0.08671 0.08632 0.08591 0.08554 0.08523 0.08504 0.08494 0.08491 0.08493 0.07753 0.07753
0.09598 0.09550 0.09504 0.09469 0.09459 0.09484 0.09547 0.07753 0.07753 0.07753 0.07753 0.07753 0.07753 0.07753 0.07753 0.07753 0.07753 0.07753 0.07753 0.07753 0.07753 0.07753 0.07753 0.07753 0.07753 0.07753 0.10460 0.10169 0.09949 0.09785 0.09664 0.09567 0.09480 0.09387 0.09288 0.09188 0.09094 0.09011 0.08946 0.08902 0.08874 0.08858 0.08849 0.08840 0.08829 0.08814 0.08796 0.08779 0.08763 0.08752 0.08747 0.08744 0.08740 0.08732 0.08718 0.08693 0.08658 0.08617 0.08575 0.08536 0.08505 0.08484 0.08472 0.07753 0.07753 0.07753 0.07753
0.09619 0.09556 0.09499 0.09461 0.09456 0.07753 0.07753 0.07753 0.07753 0.07753 0.07753 0.07753 0.07753 0.07753 0.07753 0.07753 0.07753 0.07753 0.07753 0.07753 0.07753 0.07753 0.07753 0.07753 0.07753 0.10821 0.10420 0.10079 0.09824 0.09642 0.09513 0.09421 0.09346 0.09272 0.09195 0.09118 0.09047 0.08983 0.08933 0.08896 0.08871 0.08854 0.08841 0.08830 0.08817 0.08801 0.08785 0.08769 0.08756 0.08746 0.08741 0.08737 0.08732 0.08723 0.08707 0.08680 0.08644 0.08602 0.08559 0.08519 0.08486 0.08464 0.08450 0.07753 0.07753 0.07753 0.07753
0.09639 0.09574 0.09518 0.09486 0.07753 0.07753 0.07753 0.07753 0.07753 0.07753 0.07753 0.07753 0.07753 0.07753 0.07753 0.07753 0.07753 0.07753 0.07753 0.07753 0.07753 0.07753 0.07753 0.07753 0.11207 0.10761 0.10328 0.09961 0.09690 0.09501 0.09373 0.09288 0.09226 0.09170 0.09114 0.09059 0.09008 0.08963 0.08924 0.08894 0.08870 0.08851 0.08835 0.08820 0.08805 0.08790 0.08774 0.08760 0.08749 0.08740 0.08735 0.08731 0.08725 0.08714 0.08696 0.08668 0.08631 0.08588 0.08544 0.08502 0.08468 0.08444 0.07753 0.07753 0.07753 0.07753 0.07753
0.07753 0.09614 0.07753 0.07753 0.07753 0.07753 0.07753 0.07753 0.07753 0.07753 0.07753 0.07753 0.07753 0.07753 0.07753 0.07753 0.07753 0.07753 0.07753 0.07753 0.11961 0.07753 0.07753 0.11446 0.11040 0.10599 0.10175 0.09818 0.09556 0.09376 0.09257 0.09183 0.09133 0.09091 0.09050 0.09012 0.08976 0.08943 0.08913 0.08887 0.08864 0.08844 0.08826 0.08809 0.08793 0.08777 0.08763 0.08751 0.08741 0.08733 0.08729 0.08724 0.08717 0.08705 0.08685 0.08656 0.08617 0.08573 0.08528 0.08485 0.08449 0.08423 0.07753 0.07753 0.07753 0.07753 0.07753
0.09698 0.09674 0.07753 0.07753 0.07753 0.07753 0.07753 0.07753 0.07753 0.07753 0.07753 0.07753 0.07753 0.07753 0.07753 0.07753 0.07753 0.07753 0.07753 0.07753 0.07753 0.11642 0.11439 0.11127 0.07753 0.10352 0.09973 0.09658 0.09427 0.09269 0.09167 0.09105 0.09065 0.09033 0.09003 0.08974 0.08947 0.08921 0.08896 0.08873 0.08851 0.08831 0.08811 0.08794 0.08778 0.08764 0.08751 0.08740 0.08732 0.08726 0.08721 0.08716 0.08708 0.08695 0.08675 0.08644 0.08604 0.08559 0.08513 0.08469 0.08432 0.08404 0.07753 0.07753 0.07753 0.08357 0.08350
0.07753 0.09747 0.07753 0.07753 0.07753 0.07753 0.07753 0.07753 0.07753 0.07753 0.07753 0.07753 0.07753 0.07753 0.07753 0.07753 0.07753 0.07753 0.07753 0.11414 0.11358 0.11223 0.11001 0.10712 0.10386 0.10054 0.09745 0.09491 0.09306 0.09179 0.09098 0.09049 0.09017 0.08992 0.08967 0.08943 0.08920 0.08898 0.08876 0.08854 0.08833 0.08813 0.08794 0.08777 0.08762 0.08749 0.08738 0.08729 0.08721 0.08716 0.08712 0.08707 0.08699 0.08685 0.08664 0.08633 0.08592 0.08547 0.08499 0.08455 0.08416 0.08387 0.08366 0.08351 0.07753 0.08332 0.08323
0.07753 0.07753 0.07753 0.07753 0.07753 0.07753 0.07753 0.07753 0.07753 0.07753 0.07753 0.07753 0.07753 0.07753 0.07753 0.07753 0.07753 0.11236 0.11192 0.11092 0.10941 0.10747 0.10514 0.10258 0.09994 0.09740 0.09512 0.09328 0.09194 0.09102 0.09043 0.09007 0.08982 0.08961 0.08939 0.08917 0.08896 0.08874 0.08852 0.08831 0.08811 0.08792 0.08774 0.08758 0.08744 0.08733 0.08723 0.08715 0.08709 0.08704 0.08700 0.08696 0.08688 0.08674 0.08653 0.08622 0.08581 0.08536 0.08488 0.08443 0.08404 0.08373 0.08351 0.08334 0.08322 0.08311 0.08300
