data_raster/melanesia/20231128-TOPEX-ZEE2_GRILLEV2.1_original.GRD
DSAA
412 268
156.008 174.508
-26.4936 -14.5009
-7141.24 1374.96                
[rows 196 to 223 of 268, columns 189 to 251 of 412]
-4502.44 -4396.59 -4276.59 -4266.92 -4442.74 -4676.31 -4553.53 -4266.56 -4291.3 -4471.86 -4566.63 -4605.75 -4549.92 -4404.78 -4411.85 -4563.85 -4724.04 -4759.25 -4706.45 -4674.47 -4672.71 -4596.02 -4569.57 -4535.42 -4436.98 -4328.87 -4338.15 -4316.14 -4397.38 -4443.38 -4530.86 -4463.56 -4400.69 -4353.51 -4225.2 -4198.05 -4336.9 -4483.52 -4493.25 -4614.7 -4700.32 -4657.19 -4644.99 -4744.17 -4870.6 -4810.65 -4654.67 -4594.22 -4593.81 -4572.53 -4553.86 -4608.15 -4757.01 -4798.2 -4804.19 -4834.29 -4868.06 -4938.47 -4930.52 -5004.64 -5190.99 -5874.23 -5943.85
-4486.98 -4389.34 -4356.35 -4434.04 -4544.28 -4626.7 -4405.83 -3931.71 -3721.61 -3989.37 -4384.34 -4644.96 -4691.96 -4525.09 -4483.14 -4585.31 -4669.53 -4780.09 -4685.74 -4505.66 -4562.38 -4490.48 -4511.91 -4485.88 -4390.89 -4306.04 -4173.02 -4126.04 -4191.61 -4402.2 -4409.65 -4550.9 -4496.92 -4402.22 -4285.45 -4292.95 -4267.57 -4233.22 -4191.5 -4263.83 -4487.4 -4640.39 -4753.86 -4720.21 -4555.24 -4569.22 -4477.87 -4482.37 -4579.04 -4565.2 -4587.9 -4679.75 -4847.59 -4919.57 -4816.06 -4834.79 -4878.71 -4881.96 -4931.17 -4980.68 -5377.35 -5886.23 -6076.1
-4482.89 -4420.84 -4455.58 -4617.03 -4607.19 -4548.79 -4354.97 -3921.56 -3373.86 -3475.58 -4187.15 -4624.66 -4658.16 -4563.62 -4550.21 -4590.38 -4533.19 -4611.31 -4644.15 -4464.16 -4400.3 -4440.27 -4464.75 -4362.15 -4357.92 -4289 -4190.14 -4014.23 -4026.08 -4145.63 -4361.92 -4509.44 -4408.41 -4320.73 -4257.03 -4092.25 -3655.26 -3997.41 -4006.07 -4051.48 -4198.82 -4348.88 -4733.97 -4731.75 -4374.45 -4277.42 -4261.88 -4283.5 -4404.71 -4481.14 -4476.66 -4606.17 -4716.64 -4938.41 -4973.72 -4987.65 -5041.88 -4963.62 -4933.88 -4941.48 -5034.65 -5604.08 -6074.89
-4497.64 -4453.07 -4527.7 -4704.64 -4615.64 -4539.04 -4346.63 -3957.91 -3246.85 -3260.85 -4130.33 -4629.75 -4726.43 -4652.96 -4575.81 -4519.8 -4611.65 -4609.45 -4646.21 -4400.8 -4283.6 -4375.18 -4454.36 -4383.29 -4306.08 -4264.14 -4231.76 -4056.56 -4029.58 -4007.3 -4166.41 -4283.58 -4242.8 -4295.58 -4273.72 -4058.75 -4028.83 -4202.66 -4015.29 -4047.54 -4180.25 -4390.34 -4661.19 -4716.99 -4626.03 -4462.44 -4074.2 -4113.28 -3973.94 -4154.01 -4337.49 -4453.34 -4589.71 -4804.52 -4983.22 -5048.35 -5157.19 -4754.58 -4500.56 -4941.09 -4930.31 -5620.05 -5970.48
-4498.43 -4469.68 -4560.51 -4702.58 -4711.27 -4594.6 -4380.56 -3876.97 -2965.72 -3181.27 -3995.81 -4502.81 -4590.56 -4466.18 -4379.25 -4365.89 -4422.96 -4446.76 -4572.39 -4315.25 -4356.03 -4460.41 -4521.94 -4416.67 -4320.99 -4269.12 -4213.42 -4157.6 -4137.96 -4150.35 -4155.33 -4191.76 -4161.08 -4322.72 -4128.67 -4236.96 -4093.3 -4173.24 -3999.05 -4194.59 -4324.27 -4438.3 -4525.34 -4481.27 -4501.67 -4719.34 -4957.87 -4027.06 -3897.28 -3877.57 -4249.87 -4216.87 -4461.99 -4714.52 -4947.68 -5138.82 -5166.85 -4986.74 -3696.9 -4464.86 -4789.83 -5522.07 -5852.85
-4452.94 -4441.1 -4574.22 -4610.24 -4695.35 -4620.09 -4396.47 -3930.22 -2806.59 -3050.95 -3820.74 -4307 -4427.19 -4332.92 -4301.13 -4306.38 -4333.68 -4399.47 -4447.73 -4372.39 -4427.15 -4507.35 -4516.87 -4431.47 -4319.15 -4254.46 -4208.84 -4193.9 -4254.97 -4328.67 -4326.76 -4247.83 -4161.62 -4118.51 -4098.25 -4208.73 -4169.68 -4208.14 -4246.43 -4427.13 -4501.09 -4538.79 -4457.1 -4250.92 -4074.92 -4225.55 -4834.47 -4877.88 -4556.69 -4278.29 -4241.37 -4710.07 -4842.99 -5021.76 -5114.93 -5129.32 -5158.86 -5106.41 -4149.63 -3334.22 -4344.93 -4953.1 -4949.34
-4546.89 -4526.2 -4561 -4678.37 -4719.83 -4553.52 -4061.19 -3696.86 -3179.91 -3213.32 -3702.99 -4107.56 -4234.04 -4234.46 -4282.73 -4379.85 -4333.34 -4389.62 -4474.97 -4390.29 -4418.44 -4488.61 -4503.52 -4456.22 -4375.56 -4362.62 -4371.15 -4373.94 -4414.33 -4472.76 -4447.9 -4310.47 -4213.81 -4147.89 -4082.4 -4088.26 -4169.35 -4261.38 -4363.68 -4551.1 -4672.79 -4703.73 -4568.16 -4302.19 -4075.99 -4104.03 -4408.74 -4788.74 -5058.01 -5083.7 -4779.75 -4875.16 -5078.76 -5131.34 -5107.94 -5098.13 -5134.69 -5024.97 -4129.41 -2963.53 -3318.5 -4591.29 -4828.82
-4512.88 -4569.5 -4603.26 -4647.95 -4557.71 -4275.94 -3846.63 -3422.53 -3342.91 -3517.2 -3885.31 -4101.68 -4110.98 -4193.48 -4350.8 -4437.35 -4429.97 -4453.07 -4453.72 -4362.37 -4417.5 -4497.89 -4506.66 -4494.71 -4455.1 -4493.11 -4579.3 -4611.4 -4588.78 -4524.09 -4445.64 -4344.66 -4282.08 -4271.09 -4220 -4130.81 -4186.55 -4264.59 -4337.78 -4475.88 -4635.6 -4746.53 -4735.53 -4578.19 -4347.88 -4199.62 -4377.95 -4715.56 -4975.1 -5120.29 -5124.32 -5145.71 -5213.22 -5213.36 -5142.64 -5106.14 -5008.46 -4678.06 -4671.88 -3663.12 -3627.26 -4343.41 -5057.52
-4486.58 -4563.9 -4574.4 -4465.44 -4293.26 -4094.5 -3792.39 -3553.57 -3585.97 -3812.56 -4106.88 -4264.38 -4171.29 -4201.83 -4439.98 -4595.71 -4579.14 -4564.77 -4454.25 -4338.31 -4433.63 -4522.69 -4519.09 -4528.27 -4505.2 -4555.34 -4692.26 -4741.84 -4673.33 -4570.96 -4506.15 -4452.61 -4431.71 -4386.01 -4304.66 -4281.84 -4321.23 -4322.93 -4339.12 -4446.44 -4566.72 -4690.65 -4777.16 -4796.54 -4616.19 -4582.31 -4565.9 -4635.61 -4893 -4980.78 -5057.35 -5136.91 -5166.2 -5170.52 -5111.75 -5028.63 -4852.69 -4538.06 -4453.5 -3875.67 -3745.68 -4656.67 -5353.65
-4472.45 -4530.65 -4468.37 -4308.75 -4186.44 -4104.48 -3955.7 -3837.78 -3819.62 -4035.17 -4353.35 -4521.05 -4417.39 -4371.87 -4549.34 -4687.01 -4634.18 -4608.65 -4509.87 -4399.67 -4481.33 -4538.48 -4504.85 -4501.99 -4488.47 -4540.49 -4682.51 -4727.17 -4678.24 -4645.9 -4624.82 -4561.52 -4555.85 -4372.51 -4152.41 -4354 -4425.04 -4384.01 -4379.69 -4477.9 -4552.96 -4654.04 -4806.03 -4850.02 -4740.93 -4668.38 -4638.9 -4782.99 -4908.26 -5024.17 -5016.88 -5107.85 -5126.4 -5106.82 -5066.52 -4966.68 -4819.97 -4612.57 -4428.54 -4075.72 -4247.13 -5515.39 -6056.74
-4706.19 -4582.04 -4360.13 -4187.97 -4201.54 -4279.61 -4266.74 -4198.81 -4143.81 -4310.52 -4596.77 -4629.29 -4731.97 -4637.25 -4643.23 -4642.62 -4595.5 -4608.94 -4569.05 -4491.4 -4519.34 -4518.02 -4448.31 -4413.06 -4434.89 -4535.99 -4644.16 -4635.48 -4604.57 -4617.63 -4610.52 -4473.31 -4235.33 -3937.66 -4175.75 -4377.6 -4423.94 -4418.56 -4468.83 -4584.23 -4668.15 -4692.96 -4715.56 -4777.47 -4833.71 -4755.5 -4700.64 -4775.37 -4876.8 -4922.47 -5040.07 -5129.29 -5153.4 -5119.93 -5051.09 -4950.78 -4805.9 -4759.23 -4649.82 -4819.33 -4999.05 -5609.59 -6656.65
-4836.58 -4658.79 -4262.46 -4025.88 -4143.59 -4376.07 -4493.96 -4467.02 -4435.44 -4623.66 -4885.54 -4958.04 -4915.98 -4847.68 -4738.41 -4594.55 -4570.45 -4617.58 -4599.64 -4526.88 -4492 -4470.06 -4422.77 -4397.2 -4475.68 -4598.94 -4637.49 -4567.33 -4492.67 -4491.61 -4526.22 -4114.53 -3875.79 -3888.39 -4210.83 -4443.91 -4498.13 -4537.07 -4615.57 -4741.65 -4816.18 -4747.47 -4673.77 -4729.93 -4855.44 -4811.54 -4801.56 -4850.94 -4953.08 -4984.95 -5000.78 -5042.18 -5138.29 -5169.43 -5132.15 -5052.67 -4714.59 -4713.85 -4752.71 -5121.26 -5273.86 -5742.81 -6507.38
-4861.16 -4673.17 -4187.07 -3847.36 -3950.82 -4275.58 -4495.39 -4499.95 -4539.39 -4841.31 -5130.28 -5184.94 -5069.03 -4927.63 -4770.73 -4638.81 -4637.13 -4659.71 -4621.54 -4547.28 -4458.83 -4442.81 -4472.07 -4489.55 -4559.51 -4621.08 -4603.31 -4564.41 -4623.92 -4633.19 -4413.55 -3947.9 -4014.48 -4197.35 -4392.2 -4518.3 -4577.69 -4688.91 -4773.16 -4762.01 -4758.79 -4712.18 -4661.82 -4718.62 -4832.92 -4856.64 -4908.69 -4937.87 -4967.95 -4987.37 -4986.17 -4982.56 -5097.75 -5177.58 -5347.1 -5337.53 -5064.44 -4917.73 -4989.77 -5503.46 -5487.86 -5789.05 -6091.14
-4781.3 -4552.3 -4135.71 -3731.56 -3692.68 -4058.82 -4430.31 -4499.65 -4583.5 -4939.33 -5243.85 -5290.73 -5141.82 -4943.88 -4788.71 -4731.6 -4696.31 -4699.83 -4632.81 -4575.2 -4484.28 -4476.67 -4553.54 -4575.68 -4575.5 -4563.51 -4547.02 -4627.76 -4777.53 -4759.33 -4620.86 -4432.72 -4455.04 -4566.24 -4572.54 -4555.12 -4607.21 -4729.67 -4771.62 -4681.24 -4630.5 -4660.63 -4661.72 -4709.07 -4766.17 -4806.72 -4834.04 -4836.96 -4919.55 -4977.94 -4960.2 -4927.34 -5057.74 -5052.45 -5132.02 -3633.8 -4536.81 -4807.55 -4655.02 -4766.72 -5182.64 -5828.59 -6004.47
-4561.9 -4335.28 -4119.2 -3769.87 -3591.97 -3999.22 -4531.02 -4605.28 -4594.03 -4869.98 -5206.75 -5320.38 -5208.89 -5001.1 -4837.4 -4792.76 -4773.71 -4760.9 -4541.73 -4572.65 -4552.71 -4562.26 -4579.4 -4545.81 -4505.89 -4548.54 -4605.87 -4671.16 -4780.32 -4853.89 -4774.39 -4651.18 -4668.47 -4743.62 -4679.94 -4606.1 -4636.47 -4704.94 -4696.63 -4671.87 -4562.25 -4633.09 -4611.56 -4609.26 -4606.87 -4661.68 -4712.74 -4745.89 -4908.64 -4980.6 -4952.69 -4940.08 -5017.04 -5018.26 -4971.49 -4860.25 -3855.6 -3902.59 -3995.92 -4094.56 -4592.6 -4369.46 -5653.23
-4350.18 -4074.17 -4166.4 -3953.43 -3766.03 -4293.27 -4875.27 -4788.55 -4562.98 -4691.13 -5036.95 -5286.06 -5282.06 -5098.1 -4907.27 -4874.53 -4893.92 -4851.1 -4701.37 -4748.4 -4574.74 -4608.15 -4656.81 -4569.75 -4539.48 -4666.16 -4786.93 -4807.92 -4828.46 -4865.5 -4802.53 -4683.77 -4663.06 -4707.79 -4702.2 -4675.72 -4716.98 -4776.03 -4713.43 -4676.79 -4583.84 -4438.3 -4472.44 -4464.23 -4502.42 -4609.96 -4703.51 -4775.37 -4905.27 -4993.73 -4983.21 -4989.92 -5025.84 -4926.8 -4948.84 -4758.42 -4422.16 -4429.26 -4793.79 -5139.47 -4885.54 -4895.04 -5382.13
-4096.06 -3960.56 -4222.74 -4061.76 -3937.03 -4757.04 -5388.48 -5017.44 -4551.52 -4475.64 -4736.72 -5091.84 -5241.41 -5141.33 -4994.59 -4955.57 -5011.76 -4884.71 -4714.82 -4617.51 -4555.71 -4606.56 -4706.46 -4668.96 -4690.46 -4833.61 -4963.53 -4936.18 -4875.45 -4843.19 -4764.23 -4674.92 -4653.41 -4674.86 -4689.05 -4705.29 -4755.15 -4787.39 -4759.31 -4719.34 -4637.34 -4580.48 -4455.81 -4360.96 -4480.66 -4742.94 -4772.62 -4906.52 -4821.02 -4668 -4869.31 -4923.33 -4969.91 -4992 -4970.76 -4829.29 -4759.51 -4732.96 -4940.29 -4979.98 -4646.41 -4838.65 -4687.32
-4158.97 -3938.87 -3853.63 -3885.74 -3962.61 -5662.47 -5881.72 -5137.91 -4579.4 -4249.2 -4403.04 -4782.68 -5096.35 -5067.35 -5072.05 -5023.58 -5042.05 -4965.99 -4769.65 -4637.27 -4550.48 -4706.01 -4858.86 -4809.56 -4850.3 -4970.12 -5012.33 -4924.07 -4818.94 -4761.06 -4712.94 -4693.96 -4696.84 -4707.38 -4721.09 -4755.28 -4818.92 -4829.22 -4825.73 -4784 -4743.93 -4781.05 -4624.79 -4444.2 -4584.95 -4876.9 -4812.01 -4703.55 -4779.48 -4851.56 -4864.12 -4894.23 -4962.28 -4978.63 -4903.72 -4775.43 -4699.5 -4576.09 -4727.24 -4919.73 -4608.77 -4527.21 -4393.02
-4300.7 -3979.7 -3846.02 -4091.93 -4745.32 -5794.8 -5791.09 -5196.96 -4614 -4110.23 -4332.1 -4597.15 -4733.63 -4976.79 -5163.21 -5183.36 -5115.51 -4988.03 -4894.94 -4725.4 -4647.41 -4816.89 -4895.03 -4871.71 -4861.37 -4912.3 -4932.01 -4847.78 -4766.39 -4736.94 -4751.87 -4779.16 -4779.78 -4784.31 -4799.87 -4828 -4851.14 -4833.86 -4809.94 -4779.88 -4732.74 -4775.61 -4772.21 -4677.49 -4672.5 -4562.92 -4594.68 -4655.52 -4809.52 -4819.19 -4852.69 -4882.11 -4924.65 -4934.81 -4878.25 -4778.01 -4511.61 -4435.05 -4854.81 -4779.32 -4739.68 -4271.6 -4163.95
-4386.31 -4126.29 -4122.27 -4667.3 -5406.73 -5785.28 -5548.02 -5181.41 -4488.28 -4195.79 -4310.34 -4424.89 -4635.14 -4814.65 -5096.29 -5093.51 -5090.74 -4987.92 -4860.51 -4775.1 -4762.66 -4925.33 -4862.48 -4821.65 -4747.96 -4774.01 -4814.51 -4835.82 -4815.09 -4837.24 -4881.83 -4863.75 -4805.92 -4810.59 -4823.49 -4812.94 -4821.2 -4803.84 -4778.4 -4733.9 -4633.63 -4670.35 -4761.16 -4700.09 -4641.51 -4701.79 -4797.59 -4661.13 -4789.78 -4847.88 -4835.4 -4882.77 -4895.84 -4672.86 -4296 -4204.45 -4226.41 -4312.61 -4370.75 -4680.86 -4753.48 -4382.87 -4098.67
-4524.53 -4400.21 -4363.16 -5328.5 -5803.1 -5787.37 -5494.63 -4955.25 -4426.92 -4141.47 -4145.71 -4201.19 -4297.65 -4538.29 -4818.95 -4954.65 -5031.69 -5047.91 -4931.13 -4906.12 -4901.88 -4975.38 -4701.83 -4507.85 -4671.17 -4623.01 -4803.66 -4884.94 -4885.83 -4935.37 -4963.78 -4885.35 -4790.94 -4792.92 -4801.42 -4782.36 -4816.98 -4820.83 -4763.52 -4682.88 -4617.76 -4655.72 -4696.62 -4648.02 -4593.97 -4739.79 -4598.67 -4459.08 -4697.15 -4474.65 -4669.75 -4808.57 -4869.71 -4435.65 -4310.38 -4280.04 -4313.29 -4525.06 -4774.54 -4913.29 -4512.48 -4127.91 -3885.6
-4691.08 -4704.69 -4432.52 -5188.3 -5914.1 -5796.26 -5262.21 -4647.01 -4219.9 -4007.12 -4018.21 -4073.13 -4156.28 -4361.96 -4570.41 -4719.42 -4893.6 -5015.68 -4827.5 -4887.75 -4904.22 -4906.41 -4929.95 -4921.25 -4855.85 -4826.61 -4873.35 -4872.76 -4874.24 -4904.44 -4901.01 -4859.82 -4808.44 -4817.26 -4808.09 -4768 -4790.63 -4767.06 -4667.72 -4581.43 -4546.31 -4581.93 -4566.39 -4474.57 -4557.51 -4597.72 -4315.73 -4277.55 -4561.65 -4594.85 -4571.45 -4555.38 -4391.55 -4231.32 -4245.46 -4125.65 -3969.54 -4344.31 -4841.72 -4673.17 -4221.57 -3613.83 -3008.73
-4746.95 -4631.58 -4589.21 -5118.29 -5717.5 -5659.22 -5131.46 -4502.46 -4095.2 -3965.77 -4026.36 -4095.25 -4181.77 -4326.55 -4439.63 -4507.67 -4691.15 -4965.92 -4876.65 -4848.45 -4888.8 -4908.08 -4959.87 -5032.36 -4981.43 -4988.42 -4968.48 -4911.33 -4883.62 -4815.39 -4828.56 -4811.98 -4822.71 -4843.02 -4803.84 -4742.56 -4747.52 -4707.46 -4619.93 -4544.55 -4486.08 -4476.44 -4430.66 -4343.83 -4392.33 -4399.74 -4386.71 -4443.24 -4518.42 -4526.51 -4540.33 -4468.32 -4366.71 -4283.28 -4289.39 -4182.21 -3978.38 -4391 -4741.17 -4479.62 -4056.08 -3354.1 -2723.47
-4818.4 -4689.61 -4647.74 -4989.21 -5484 -5549.27 -5180.96 -4613.04 -4190.03 -4106.22 -4192.23 -4224.8 -4249.95 -4317.57 -4360.47 -4386.29 -4527.21 -4776.62 -4764.64 -4795.74 -4895.79 -4845.47 -4960.61 -5045.75 -5047.13 -5123.95 -5106.05 -4933.77 -4830.96 -4815.04 -4781.82 -4777.62 -4811.32 -4814.68 -4783.2 -4679.53 -4689.39 -4685.15 -4671.61 -4619.25 -4507.62 -4454.87 -4416.89 -4356.52 -4394.22 -4398.71 -4424.03 -4466.77 -4516.91 -4488.69 -4468.15 -4441.07 -4425.49 -4391.25 -4337.43 -4229.58 -4137.25 -4110.42 -4448.77 -4546.36 -3769.57 -2786.42 -2354.4
-4834.7 -4751.85 -4676.82 -4807.93 -5145.75 -5317.2 -5173.83 -4767.08 -4351.34 -4289.15 -4437.37 -4428.11 -4308.46 -4263.58 -4260.2 -4276.22 -4354.22 -4554.97 -4530.53 -4712.92 -4778.13 -4799.44 -4976 -5051.08 -5079.81 -5113.53 -5005.68 -4848.74 -4806.86 -4834.8 -4781.01 -4787.42 -4731.72 -4784.7 -4721.2 -4568.07 -4670.46 -4637.61 -4634.84 -4718.08 -4484.98 -4453.65 -4421.19 -4434.14 -4445.73 -4432.55 -4422.11 -4377.34 -4360.16 -4365.96 -4385.12 -4387.56 -4372.75 -4342.7 -4274.6 -4182.52 -4173.75 -4236.34 -4274.94 -4382.42 -3911.06 -3488.21 -2855.38
-4774.31 -4714.45 -4639.13 -4612.75 -4744.23 -4925.92 -4966.78 -4717.95 -4356.63 -4310.99 -4522.29 -4542.1 -4350.26 -4210.11 -4168.01 -4163.42 -4164.66 -4298.53 -4484.42 -4591.27 -4599.89 -4775.23 -4970.06 -5030.87 -5058.42 -5033.09 -4874.86 -4794.63 -4846.71 -4869.07 -4760.54 -4614.96 -4681.26 -4802.4 -4713.18 -4605.83 -4615.74 -4628.98 -4571.6 -4502.88 -4461.85 -4451.61 -4424.84 -4462.24 -4254.93 -4392.35 -4402.68 -4320.17 -4341.82 -4350.8 -4348.94 -4311.63 -4302.91 -4257.86 -4261.76 -4203.06 -4234.02 -4246.88 -3936.31 -3989.98 -3979.85 -3283.11 -1892
-4709.21 -4651.67 -4609.11 -4527.38 -4483.96 -4557.43 -4646.85 -4493.66 -4170.38 -4094.87 -4269.08 -4388.12 -4317.75 -4164.63 -4078.2 -4040.2 -3993.05 -4047.12 -4394.38 -4492.98 -4584.69 -4816.5 -4942.17 -4960.09 -4967.48 -4936.98 -4860.69 -4845.76 -4940.1 -4899.34 -4774.09 -4735.59 -4778.05 -4770.91 -4672.35 -4609.15 -4746.15 -4595.43 -4547.09 -4493.58 -4493.32 -4482.47 -4477.08 -4464.95 -4437.28 -4385.3 -4375.68 -4350.28 -4343.38 -4324.82 -4331.52 -4314.39 -4307.29 -4249.12 -4205.06 -4249.23 -4239.81 -3789.88 -4215.64 -3749.61 -3376.82 -2235.53 -1172.7
-4730.62 -4678.97 -4630.41 -4501.69 -4348.4 -4289.16 -4316.34 -4233.52 -3993.13 -3855.63 -3873.11 -4048.69 -4179.3 -4092.18 -3946.32 -3904.27 -3939.16 -3982.51 -4192.63 -4605.31 -4744.31 -4860.04 -4917.11 -4897.68 -4920.13 -4918.46 -4877.66 -4899.24 -4972.65 -4911.85 -4760.19 -4716.51 -4738.48 -4751.47 -4706.23 -4699.71 -4834.77 -4572.6 -4547.57 -4549.47 -4551 -4547.85 -4513.97 -4492.98 -4445.4 -4401.9 -4373.32 -4341.58 -4319.25 -4311.45 -4296.65 -4276.06 -4245.55 -4194.08 -4271.54 -4083.4 -3812.49 -3659.89 -3631.28 -3401.02 -2777.92 -1996.94 -1380.33
