data_raster/melanesia/20231128-TOPEX-ZEE2_GRILLEV2.1_original.GRD
DSAA
412 268
156.008 174.508
-26.4936 -14.5009
-7141.24 1374.96                
[rows 112 to 139 of 268, columns 252 to 314 of 412]
-2061.57 -2036.11 -1868.8 -1775.66 -1721.53 -1808.44 -1704.8 -1506.76 -1385.77 -1328.92 -506.727 82.116 77.8446 59.0908 60.9305 32.6444 46.4159 44.7565 -635.902 -998.642 -1272.38 -1408.62 -1649.73 -1761.63 -1725.87 -1663.61 -1902.63 -2129.51 -1926.14 -2173.21 -2432.12 -2966.91 -3506.77 -3827.42 -4228.33 -4689.57 -5390.5 -5454.27 -5374.64 -5567.89 -5145.4 -4555.03 -4320.65 -4079.03 -3920.86 -3681.8 -3348.7 -2685.51 -2161.24 -1874.69 -1842.14 -2278.42 -2543.42 -2709.12 -2864.25 -2962.18 -2939.72 -2843.92 -2763 -2378.53 -1881.99 -1642.93 -1560.09
-2025.86 -1964.76 -1905.08 -1724.37 -1659.98 -1677.8 -1669.33 -1519.5 -1147.06 -561.299 -174.201 89.8382 66.2551 63.1145 -88.3971 -570.112 -475.388 -479.896 -772.78 -1031.35 -1183.69 -1660.64 -1935 -1969.12 -1742.67 -1643.28 -2168.94 -2669.56 -2804.76 -2852.06 -3265.76 -3657.97 -4080.92 -4451.62 -4770.16 -5013.86 -5607.43 -5557.92 -5417.27 -5314.67 -5213.13 -4389.91 -4028.06 -3777.02 -3733.76 -3569.15 -3175.6 -2513.39 -2229.69 -1898.75 -2173.13 -2407.79 -2510.82 -2621.1 -2863.85 -2904.05 -2916.45 -2816.24 -2763.03 -2545.87 -2219.78 -2242.26 -2529.03
-2013.43 -1955.98 -1859.99 -1708.23 -1580.72 -1424.25 -1598.89 -1571.41 -929.02 -374.97 -101.004 -27.0866 -134.595 40.5408 -85.7624 -784.69 -845.795 -948.92 -1076.45 -998.097 -1000.63 -1525.85 -2137.15 -2409.15 -2040.78 -2094.55 -2528.12 -3062.06 -3324.34 -3525.67 -3916.84 -4336.49 -4742.57 -5000.67 -5377.42 -5691.38 -5948.66 -5721.72 -5244.61 -5532.43 -4436.44 -3981.51 -3629.79 -3456.43 -3509.58 -3370.78 -2745.97 -2101.9 -1983.55 -2187.58 -2412.47 -2444.47 -2473.57 -2508.48 -2639.24 -2702.92 -2720.99 -2693.66 -2638.78 -2526.23 -2437.51 -2451.2 -2571.83
-2008.72 -1873 -1801.07 -1718.37 -1410.19 -371.993 -1129.45 -1459.49 -796.879 -257.117 -566.07 -657.98 -591.036 -127.388 -80.8428 -580.887 -820.272 -1605.49 -1523.4 -1459.52 -1356.8 -1738.55 -2339.89 -2669.3 -2679 -2421.7 -2869.53 -3475.41 -3738.84 -3921.77 -4328.07 -4835.03 -4994.52 -5405.18 -5943.93 -6482.73 -6356.79 -5702.45 -4927.3 -4844.29 -4503.87 -3750.31 -3093.88 -3153.76 -3423.85 -3360.59 -2636.23 -2103.15 -2041.84 -2133.47 -2333.08 -2481.85 -2470.94 -2378.78 -2431.29 -2498.42 -2541.1 -2566.95 -2532.9 -2476.12 -2424.49 -2340.54 -2545.86
-1917.02 -1877.85 -1842.62 -1761.02 -1461.2 -286.689 -541.6 -1158.51 -853.377 -715.205 -765.593 -946.339 -833.113 -609.067 -430.196 -816.167 -1721.58 -1624.12 -1965.13 -2199.32 -2130.82 -2372.68 -2726.41 -2888.15 -3025.37 -3172.38 -3495.25 -3852.99 -4062.1 -4255.49 -4789.27 -5174.89 -5330.32 -5741.02 -6184.63 -6025.3 -5799.12 -5348.1 -4595.82 -4557.07 -4283.71 -3836.32 -3285.45 -3097.83 -3129.2 -3102.73 -2938.63 -2515.71 -2191.51 -2122.22 -2284.57 -2499.38 -2535.4 -2375.71 -2345.2 -2407.64 -2466.15 -2471.5 -2443.56 -2418.66 -2453.54 -2472.6 -2479.1
-1573.11 -1793.06 -1752.46 -1676.07 -1524.85 -901.509 -704.972 -1430.9 -1464.07 -1016.75 -1062.92 -1052.43 -901.067 -672.799 -469.209 -1137.22 -1653.26 -2083.88 -2384.08 -2349.11 -2591.51 -3058.43 -3074.32 -3175.76 -3352.36 -3698.1 -3760.91 -4176.77 -4276.52 -4784.09 -5107.63 -5373.07 -5558.58 -5479.32 -5833.32 -5967.04 -5629.97 -5118.78 -4662.88 -4595.81 -4380.77 -3935.8 -3395.47 -3126.59 -3080.5 -3079.84 -3015.94 -2670.69 -2311.86 -2150.04 -2251.44 -2463.54 -2587.44 -2480.98 -2377.71 -2382.95 -2396.74 -2385.16 -2359.89 -2341.85 -2329.09 -2388.84 -2353.45
-122.851 -612.889 -1363.4 -1489.05 -1320.55 -1151.55 -1013.94 -1064.83 -1074.47 -1092.06 -1020.74 -965.536 -844.778 -504.158 -625.325 -1564.82 -1950.16 -2220.42 -2553.73 -2589.31 -2984.26 -3268.81 -3393.72 -3449.64 -3637.83 -3958.07 -4223.35 -4412.23 -4494.23 -5008.28 -5682.6 -5673.16 -5886.93 -5696.07 -5482.06 -5706.99 -5569.87 -5218.21 -5005.5 -4847.21 -4525.12 -4156.41 -3549.67 -3142.08 -2960.55 -2905.16 -2780.13 -2530.5 -2308.49 -2136.71 -2230.97 -2387.3 -2551.86 -2486.3 -2377 -2352.71 -2277.09 -2256.03 -2252.89 -2141.97 -2005.73 -2072.96 -2157.28
72.7501 86.8463 -510.937 -948.849 -419.105 -303.885 -767.847 -839.36 -968.23 -874.699 -789.238 -437.719 -500.573 -276.761 -704.016 -1612.13 -2275.29 -2809.65 -2895.56 -2660.18 -3478.89 -3560.58 -3714.6 -3770.13 -3927.91 -4146.22 -4354.48 -4708.71 -4773 -5287.37 -5863.44 -5806.26 -5975.13 -6132.21 -5260.2 -5619.42 -5476.99 -5224.95 -5187.49 -4953.7 -4594.68 -4188.18 -3636.84 -3165.26 -2914.04 -2773.55 -2586.29 -2340.55 -2215.3 -2272.19 -2201.13 -2263.84 -2376.44 -2399.88 -2445.04 -2336.15 -2193.57 -2135.49 -2072.19 -1763.25 -1431.05 -1378.24 -1099.52
54.8391 53.7378 -150.413 -307.968 -277.13 -415.853 -706.396 -725.225 -745.163 -385.331 28.6505 -328.559 -940.718 -1424.61 -2015.56 -2273.25 -2543.36 -3141.19 -3541 -3693.99 -3745.55 -3741.18 -3952.14 -3998.63 -4129.32 -4352.21 -4428.38 -4842.07 -5125.83 -5571.7 -5953.29 -5946.2 -6273.05 -5973.69 -5697.74 -5402.88 -5247.95 -5384.62 -5401.04 -4959.77 -4567.87 -4141.2 -3609.84 -3116.65 -2902.7 -2720.17 -2527.04 -2322.14 -2264.23 -2187.64 -2199.43 -2248.46 -2281.48 -2300.34 -2320.9 -2249.9 -2094.04 -1999.49 -1862.61 -1414.21 -954.363 -800.58 -984.924
48.1915 69.8972 26.5252 -265.184 -430.902 -542.805 -529.956 -545.3 -382.335 11.0258 -580.384 -1405.84 -1804.16 -2326.57 -2667.59 -3038.62 -3713.72 -3893.18 -3884.15 -3989.81 -4044.78 -3987.05 -3928.13 -4116.02 -4193.02 -4418.97 -4523.95 -4763.49 -5193.26 -5744.9 -6035.3 -6208.33 -6267.06 -5796.04 -5974.74 -5455.86 -5288.77 -5462.87 -5319.66 -4728.6 -4375.47 -3994.68 -3575.39 -3115.17 -2774 -2608.19 -2500.56 -2331.77 -2281.86 -2229.66 -2166.26 -2212.89 -2250.53 -2215.74 -2146.67 -2048.98 -1996.88 -1853.59 -1597.92 -984.578 -361.486 -645.573 -1321.11
60.7062 -43.3573 -52.9538 -311.795 -459.675 -640.723 -625.97 -851.165 -1119.7 -894.316 -1683.23 -2310.84 -2842.89 -3123.45 -3346.39 -3576.51 -3961.48 -4038.3 -3997.49 -4029.54 -4109.48 -4132.22 -4142.78 -4191.6 -4184.93 -4415.56 -4608.94 -4914.04 -5511.41 -5988.18 -6113.71 -6108.2 -6014.18 -5959.61 -5854.27 -5526.23 -5517.22 -5454.53 -4988.3 -4406.98 -4110.64 -3872.69 -3499.99 -3087.55 -2739.15 -2564.79 -2450.6 -2229 -2192.46 -2138.67 -2086.98 -2112.5 -2107.34 -2102.26 -2003.88 -1929.42 -1810.41 -1675.91 -1377.46 -693.673 -4.46821 -1070.8 -1169.16
68.5854 -100.288 -513.971 -740.624 -739.608 -716.452 -1082.42 -1341.09 -1553.01 -1660.13 -2348.51 -3119.26 -3662.3 -3672.3 -3812.76 -3921.9 -4021.93 -4039.22 -4037.81 -4057.06 -4115.26 -4168.38 -4224.38 -4331.54 -4385.71 -4439.13 -4646.08 -5037.64 -5949.58 -6045.58 -6252.29 -6141.35 -5951.92 -5896.82 -5759.13 -5508.31 -5183.83 -5115.1 -4668.55 -4256.31 -3955.36 -3731.04 -3366.77 -2961.86 -2677.94 -2533.29 -2369.08 -2223.26 -2127.41 -2098.46 -2087.05 -2068.44 -1982.13 -1938.56 -1886.09 -1866.43 -1783.19 -1610.51 -1395.12 -1116 -998.936 -1310.87 -1382.89
-303.57 -545.687 -779.056 -860.768 -838.354 -544.978 -1150.5 -1286.96 -1293.84 -1478.19 -2474.37 -3344.94 -3930.65 -3865.19 -3917.48 -3972.92 -3952.53 -3966.86 -4042.66 -4114.13 -4158.96 -4209.27 -4303.27 -4458.56 -4515.76 -4573.68 -4770.9 -5372.72 -5902.79 -6256.64 -6396.4 -6204.29 -5835.71 -5768.06 -5586.48 -5387.21 -5096.82 -4570.42 -4331.96 -4033.65 -3848.61 -3606.29 -3291.9 -2914.22 -2648.11 -2530.29 -2358.36 -2258.48 -2170.1 -2107.49 -2082.91 -2021.18 -1953.48 -1811.83 -1619.31 -1669.62 -1676.51 -1599.86 -1497.78 -1570.03 -1478.74 -1403.65 -1378.28
-1057.94 -891.688 -574.026 -963.648 -1095.71 -1063 -1225.39 -1483.46 -1747.43 -2096.53 -2991.26 -3565.64 -3861.92 -3918.73 -3982.68 -4011.95 -3976.83 -3966.92 -4010.6 -4106.01 -4199.05 -4247.24 -4309.55 -4477.39 -4577.85 -4689.83 -5010.92 -5523.14 -6003.7 -6504.68 -6516.81 -6244.09 -5872.26 -5578.8 -5541.6 -5425.88 -4819.94 -4525.5 -4153.68 -3936.93 -3515.03 -3359.55 -3107.4 -2882.8 -2693.28 -2494.66 -2331.05 -2272.01 -2199.73 -2111.71 -2110.59 -1995.39 -1894.24 -1744.15 -1504.5 -1554.67 -1627.22 -1566.86 -1321.26 -183.626 -1271.52 -1313.98 -1414.27
-1038.93 -1094.7 -703.365 -1035.58 -1576.7 -1850.53 -2141.15 -2523 -2987.49 -3249.51 -2669.48 -3290.13 -3861.01 -4006.77 -4040.79 -4036.25 -4060.27 -4023.16 -4000.44 -4040.84 -4165.15 -4278.43 -4356.87 -4721.03 -4846.22 -5095.44 -5366.01 -5790.98 -6229.55 -6556.52 -6452.23 -6222.64 -6004.51 -5896.71 -5353.45 -5154.39 -4666.15 -4557.71 -4171.42 -3620.55 -3343.57 -3097.82 -2934.91 -2760.38 -2648.36 -2445.84 -2258.51 -2207.69 -2144.73 -2038.24 -2085.73 -2010.57 -1956.99 -1845.43 -1701.24 -1585.68 -1586.12 -1600.96 -1605.84 -1515.37 -1622.61 -1528.09 -1536.86
-1170.97 -1745.22 -1572.52 -1546.79 -2356.99 -3251.1 -3394.88 -3549.48 -3767 -3810.39 -2971.1 -3390.46 -3980.89 -4016.59 -4049.18 -4036.47 -4027.08 -4018.26 -4029.28 -4086.98 -4139.92 -4208.11 -4496.12 -4789.67 -5102.37 -5300.85 -5734.92 -5989.27 -6291.47 -6497.72 -6413.1 -6127.65 -5978.3 -5873.54 -5398.67 -5040.6 -4775.31 -4117.98 -3738.85 -3435.61 -3123.36 -2946.6 -2837.51 -2694.92 -2557.49 -2205.41 -2177.72 -2186.02 -2117.15 -1994.91 -1991.15 -1971.86 -1921.5 -1777.92 -1621.11 -1587.64 -1612.66 -1704.57 -1768.8 -1876.16 -1790.93 -1534.49 -1227.57
-1573.05 -2722.04 -2832.19 -2770.4 -3159.47 -3638.5 -3808.81 -3941.54 -3979.63 -3962.76 -3859.94 -3966.51 -3990.8 -3975.28 -3999.82 -3961.23 -3943.43 -3972.87 -4018.36 -4110.47 -4260 -4346.01 -4622.66 -4988.72 -5298.77 -5488.27 -5874.26 -6215.82 -6533.13 -6427.85 -6422.58 -6088.16 -5970.99 -5853.87 -5196.33 -4678.97 -4243.91 -3758.71 -3466.7 -3067.74 -2648.07 -2661.37 -2612.75 -2722.97 -2501.22 -2044.24 -2196.89 -2038.85 -1957.5 -1932.72 -1926.3 -1879.77 -1782.99 -1746.81 -1645.83 -1626.53 -1652.62 -1667.35 -1961.96 -1821.78 -1648.81 -1416.84 -1154.66
-2394.6 -3036.57 -3513 -3555.29 -3706.66 -3902.46 -3930.41 -3978.15 -3837.75 -3943.51 -4020.75 -3974.72 -3929.1 -3939.19 -3971.97 -3913.58 -3906.31 -3966.99 -4000.67 -4058.09 -4253.54 -4522.31 -4819.79 -5088.83 -5425.32 -5678.45 -6171.36 -6635.7 -6702.39 -6500.74 -6278.07 -6148.66 -5878.87 -5753.85 -4686.98 -4290.22 -3917.05 -3569.23 -3241.3 -2786.03 -2471.86 -2236.49 -2376.29 -2530.88 -2413.81 -2115.71 -2070.75 -1839.91 -1651.34 -1765.71 -1926.48 -1875.77 -1792.14 -1742.14 -1673.11 -1647.29 -1447.03 -1381.92 -1893.46 -1766.03 -1710.42 -1613.57 -1604.94
-3471.47 -3513.55 -3615.48 -3739.72 -3852.62 -3930.55 -3933.68 -3912.82 -3866.7 -3950.57 -4006.04 -3899.66 -3848.74 -3895.33 -3923.16 -3852.68 -3877.22 -4006.97 -4065.72 -4126.92 -4377.19 -4741.03 -5069.47 -5270.78 -5370.39 -5859.56 -6517.86 -6997.98 -6797.36 -6609.97 -6443.96 -5996.44 -5453.33 -5122.36 -4799.96 -4282.5 -3947.84 -3514.3 -3021.83 -2631.97 -2422.88 -2264.27 -2177.03 -2285.89 -2145.64 -1950.07 -1836.11 -1666.84 -1444.54 -1567.75 -1656.4 -1688.28 -1744.98 -1662.2 -1617.88 -1546.6 -1329.53 -1443.45 -1957.99 -2388.08 -2137.9 -1770.31 -1801.81
-3589.67 -3665.26 -3665.37 -3738.01 -3843.59 -3922.37 -3944.21 -3929.41 -3860.94 -3887.56 -3914.09 -3859.14 -3836.05 -3862.54 -3853.72 -3776.4 -3864.12 -4059.65 -4122.64 -4232.37 -4579.65 -4964.38 -5331.56 -5815.98 -6036.75 -6394.3 -6749.99 -6813.73 -7079.68 -6455.98 -6051.71 -5673.94 -5335.17 -4733.87 -4472.12 -4423.97 -4059.19 -3461.4 -2874.35 -2688.77 -2270.03 -2080.56 -2080.35 -2072.84 -1869.39 -1762.05 -1565.85 -1485.64 -1360.76 -1244.73 -1246.89 -1609.35 -1500.1 -1433.66 -1460.69 -1356.18 -1332.95 -1251.59 -2257.71 -2790.99 -2363.75 -1797.55 -1989.93
-3650.41 -3690.89 -3691.79 -3702.13 -3799.97 -3892.57 -3918.63 -3910.81 -3851.99 -3878.84 -3940.42 -3890 -3856.39 -3870.39 -3872.42 -3832.57 -3961.31 -4146.05 -4196.21 -4378.53 -4827.67 -5222.81 -5564.72 -6019.74 -6413.3 -6674.13 -6855.8 -6872.94 -6894.22 -6523.5 -5602.18 -5509.58 -5134.23 -4744.52 -4566.53 -4447.39 -4125.76 -3355.48 -2779.67 -2513.67 -2314.11 -2171.57 -2059.39 -1919.69 -1549.25 -1386.24 -1308.97 -1352.23 -1323.03 -1234.65 -1119.72 -1187.86 -1078.24 -1169.73 -1432.35 -1339.21 -1326.97 -1528.04 -2318.81 -2824.18 -1907.1 -1951.27 -2205.43
-3698.48 -3708.11 -3754.04 -3741.88 -3799.07 -3857.07 -3872.5 -3862.5 -3831.52 -3868.72 -3900.44 -3865.03 -3859.48 -3887.85 -3928.75 -3968.73 -4068.97 -4203.04 -4345.65 -4620.06 -5073.84 -5426.4 -5736.75 -6166.81 -6650.96 -6663.48 -6781.58 -6768.61 -6568.72 -6044.99 -5778.7 -5614.43 -5096.03 -4771.35 -4825.79 -4577.6 -4114.51 -3527.23 -2851.42 -2425.29 -2233.14 -2111.82 -1951.95 -1878.72 -1441.97 -1149.6 -1201.69 -1347.35 -1294.13 -1337.65 -1234.77 -1139.41 -1208.55 -1250.1 -1498.53 -1496.74 -1552.59 -1853.81 -2323.52 -2581.22 -2094.88 -1970.19 -2233.4
-3683.39 -3725.47 -3795.52 -3784.25 -3811.14 -3845.65 -3828.35 -3868.38 -3850.49 -3876.77 -3914.44 -3846.09 -3835.89 -3844.94 -3854.06 -3914.69 -4018.97 -4137.27 -4508.41 -4770.2 -5172.64 -5472.05 -5836.03 -6388.11 -6771.93 -6788.31 -6813.03 -6690.51 -6414.31 -6077.38 -5664.84 -5491.69 -5342.21 -5013.66 -4967.01 -4539.5 -3882.36 -3433.59 -2883.77 -2124.09 -1707.18 -1649.78 -1566.32 -1727.5 -1337.63 -1000.32 -1077.64 -1271 -1276.26 -1310.57 -1289.77 -1272.38 -1477.65 -1594.69 -1560.68 -1594.47 -1725.78 -1963.38 -2247.99 -2392.12 -2206.39 -1793.78 -2032.88
-3709.31 -3756.39 -3807.6 -3787.32 -3797.38 -3819.74 -3829.92 -3856.38 -3860.65 -3894.63 -3923.63 -3841.41 -3826.38 -3833.6 -3819.4 -3870.42 -3998.62 -4202.81 -4549.72 -4832.17 -5282.41 -5420.5 -5868.25 -6567.06 -7056.76 -6943.14 -6876.06 -6796.77 -6379.13 -5874.93 -5624.6 -5482.74 -5547.94 -5118.23 -4973.07 -4415.65 -3641.15 -3060.31 -2606.82 -1764.29 -1071.03 -1044.97 -1166.91 -1727.22 -1419.75 -874.409 -894.952 -924.751 -1179.84 -1248.45 -1284.42 -1378.32 -1448.11 -1474.45 -1452.07 -1507.98 -1689.84 -1867.53 -2037.4 -2226.21 -2440 -2106.99 -2095.63
-3728.92 -3765.46 -3796.42 -3783.68 -3772.48 -3801.67 -3841.35 -3862.99 -3864.88 -3906.29 -3917.52 -3865.81 -3912.15 -3992.54 -4007.49 -4034.37 -4156.61 -4380.32 -4701.83 -5072.57 -5375.08 -5561.67 -5946.32 -6631.26 -6704.39 -6728.25 -6799.73 -6772.47 -6567.58 -6094.07 -5615.17 -5567.7 -5310.03 -4689.58 -4363.58 -4039.25 -2691.34 -2773.27 -2212.06 -1576.35 -1277.94 -1421.73 -1679.12 -1665.07 -1518.81 -1129.09 -992.364 -952.016 -1272.49 -1268.26 -1198.17 -1231.42 -1176.7 -1054.19 -1028.57 -1035.68 -1121.32 -1494.15 -1749.82 -1812.34 -2297.25 -2526.29 -2332.19
-3754.3 -3784.72 -3798.23 -3800.41 -3812.28 -3838.67 -3862.22 -3883.37 -3909.93 -3953.03 -3947.81 -3933.99 -4047.47 -4191.06 -4255.32 -4293.54 -4408.04 -4619.51 -4915.03 -5243.92 -5507.97 -5789.38 -6175.71 -6503.25 -6433.37 -6330.71 -6673.45 -6372.9 -6263.65 -5963.81 -5536.15 -5298.82 -5207.88 -5040.46 -4581.57 -3959.51 -3094.34 -2080.01 -1887.54 -1802.54 -1545.14 -1653.63 -1593.93 -1518.12 -1429.9 -1295.94 -1189.68 -1253.86 -1282 -1290.19 -1102.02 -1072.92 -879.11 -545.282 -321.054 -273.356 -411.944 -995.693 -1469.46 -1604.52 -1827.98 -2412.44 -2349.78
-3739.1 -3803.36 -3802.39 -3824.62 -3863.83 -3866.2 -3879.63 -3940.59 -3978.36 -4007.56 -4008.99 -4012.01 -4143.09 -4329.48 -4446.2 -4511.96 -4615.53 -4788.4 -5036.68 -5334.87 -5649.35 -6036.43 -6389.33 -6513.68 -6532.15 -6649.12 -6590.8 -6247.55 -6173.03 -5882.24 -5394.7 -5129.88 -4983.06 -4759.74 -4363.21 -3766.1 -3044.6 -2487.88 -2042.56 -1869 -1565.64 -1597.94 -871.892 -945.112 -1086.28 -1147.4 -1294.21 -1299.95 -1273.49 -1305.54 -1227.76 -904.128 -536.815 -112.953 -15.5434 -59.6411 -85.9567 -656.776 -1263.98 -1653.05 -2033.93 -2289.83 -1989.15
-3754.92 -3783.7 -3790 -3802.06 -3867.86 -3854.84 -3846.92 -3954.53 -4072.6 -4052.69 -4036.3 -4034.15 -4190.85 -4429.38 -4582.55 -4637.27 -4717.06 -4879.28 -5119.75 -5405.66 -5787.08 -6258.35 -6561.61 -6548.19 -6496.54 -6685.65 -6617.87 -6381.11 -6144.82 -5685.01 -5276.07 -5101.29 -4765.48 -4434.24 -4253.11 -3569.56 -2999.04 -2419.87 -1987.96 -1772.54 -1561.06 -950.851 -714.129 -635.091 -995.074 -1289.41 -1332.99 -1295.75 -1321.23 -1346.21 -1239.96 -875.853 -397.781 -63.9451 6.68943 3.14962 17.2728 -213.688 -887.082 -1567.5 -1929.79 -2252.87 -1947.1
