data_raster/melanesia/20231128-TOPEX-ZEE2_GRILLEV2.1_original.GRD
DSAA
412 268
156.008 174.508
-26.4936 -14.5009
-7141.24 1374.96                
[rows 196 to 223 of 268, columns 315 to 377 of 412]
-2668.47 -2702.58 -2725.51 -2767.46 -2798.04 -2809.49 -2802.54 -2800.96 -2811.63 -2842.37 -2862.49 -2803.12 -2819.36 -2876.93 -2908.84 -2862.74 -2907.95 -2850.38 -2911.76 -2987.53 -2961.38 -2933.19 -3021.97 -3053.57 -2957.46 -2862.32 -3124.13 -2885.6 -2516.02 -3106.58 -3006.99 -2548.68 -2731.74 -2669.49 -2950.49 -2717.67 -2395.31 -2631.81 -2907.24 -2991.23 -2533.39 -2196.47 -2244.29 -2840.96 -3225.2 -3171.02 -2916.39 -3037.03 -3087.14 -2960.21 -2870.24 -2770.19 -2802.73 -2903.01 -2942.65 -2845.86 -2734.93 -2686.19 -2760.7 -2880.96 -2813.11 -2819.26 -2872.22
-2961.64 -2769.62 -2782.19 -2846.61 -2885.18 -2903.71 -2873.96 -2861.56 -2889.38 -2851.13 -2876.19 -2903.89 -2856.54 -2844 -2779.16 -2874.49 -3075.17 -2897.78 -2901.96 -2948.36 -2910.1 -2798.86 -2998.75 -3133.48 -3127.68 -3001.85 -3103.57 -3035.77 -3111.51 -3132.71 -3062.91 -2816.79 -2696.02 -2811.04 -3171 -3267.01 -3244.39 -2943.12 -2990.84 -3054.24 -2859.84 -2444.62 -2203.17 -2456.27 -2962.85 -3156.87 -2984.61 -3034.54 -3155.48 -3152.17 -3021.43 -2838.85 -2769.14 -2874.01 -2989.68 -2964.2 -2859.7 -2619.72 -2764.12 -2806.31 -2827.66 -2641.16 -2642.08
-3073.78 -2974.82 -2884.3 -2917.36 -2913.4 -2938.64 -2930.87 -2888.64 -2898.44 -2855.53 -2941.19 -3130.84 -3160.14 -2916.5 -2853.25 -3087.74 -3109.61 -3059.16 -2996.22 -2945.9 -2844.05 -2722.5 -2806.05 -2839.42 -3181.11 -3061.14 -3082.1 -3043.79 -3071.01 -3127.48 -3121.71 -2981.45 -2601.29 -2285.86 -2732.73 -3230.39 -3358.91 -3267.36 -3215.33 -3167.09 -3018.24 -3006.89 -2706.2 -2315.9 -2784.01 -3117.75 -3228.16 -3186.57 -3274.16 -3291.76 -3216.38 -2925.03 -2795.24 -2835.66 -2873.23 -2827.03 -2694.59 -2705.36 -2794.51 -2784.36 -2969.08 -2798.9 -2668.57
-2946.62 -3078.78 -3012.1 -2928.37 -2910.94 -2910.33 -2944.71 -2935.34 -2918.49 -2909.76 -2993.57 -3150.63 -3168.24 -3001.92 -3033.68 -3072.31 -3083.5 -3006.06 -2942.29 -2900.58 -2801.06 -2910.03 -3032.32 -2909.93 -3140.44 -3049.57 -3052.02 -2862.73 -3134.07 -3084.07 -2996.25 -3134.49 -2928 -2538.79 -2254.1 -3075.82 -3144.56 -3079.02 -3117.3 -2960.58 -2571.13 -2402.64 -2909.55 -3059.33 -3106.49 -3201.3 -3096.13 -3177.09 -2961.15 -2947.91 -2840.84 -2950.42 -2864.84 -2879.93 -2876.9 -2927.01 -2905.77 -2930.66 -2792.08 -2661.1 -2751.59 -2867.28 -2775.31
-2928.97 -3018.35 -3054.05 -3057.16 -2948.07 -2927.45 -2928.73 -2948.55 -2917.29 -2919.34 -2905.23 -2942.02 -3003.07 -3039.07 -3104.94 -3043.69 -2981.77 -3017.3 -3065.91 -2924.29 -2976.67 -3102.36 -3211.53 -3222.82 -3023.74 -3029.17 -3005.55 -3069.51 -3032.6 -2955.35 -2768.6 -3087.18 -3197.91 -3238.18 -2481.75 -2578.59 -2755.84 -2747.76 -2707.24 -2433.76 -2079.14 -2353.68 -2929.9 -2991.46 -3180.9 -3072.17 -2895.12 -3132.63 -3100.89 -3208.68 -3229.92 -3149.84 -3069.38 -2889.65 -2739.26 -2860.74 -2989.95 -2954.78 -2903.38 -2659.82 -2634.49 -2822.39 -2773.34
-2889.28 -2924.63 -2973.24 -3043.12 -3030.81 -2997.36 -2954.62 -2907.18 -2868.48 -2862.32 -2806.03 -2832.14 -2971.57 -3082.47 -3075.32 -2999.06 -3017.55 -3091.8 -3119.02 -2963.84 -2893.54 -2946.41 -3235.08 -3021.51 -2899.94 -3026.56 -3117.84 -3010.94 -3044.19 -3019.53 -3165.95 -3120.27 -3128.95 -2913.56 -2601.84 -2926.35 -2803.22 -2687.81 -2426.53 -2195.17 -1857.48 -1541.43 -1934.46 -2461.18 -2878.78 -2776.1 -2786.43 -2972.05 -2980.95 -3084.33 -3107.12 -3136.2 -3139.88 -3085.34 -2870.5 -2773.34 -2802.59 -2915.76 -2955.08 -2813.48 -2663.78 -2687.16 -2784.87
-2879.31 -2901.03 -2916.09 -2906.33 -2983.23 -2973.44 -3018.15 -2808.71 -2868.19 -2889.18 -2867.23 -2965.5 -3065.39 -3102.79 -3022.01 -2984.08 -2898.6 -3034.24 -3104.62 -3055.08 -3105.26 -3118.65 -3234.8 -2830.5 -2920.92 -3095.64 -3112.05 -3042.33 -3021.9 -3078.66 -3164.14 -3173.57 -3138.35 -3062.24 -2981.84 -3039.28 -3172.18 -3123.45 -2960.39 -2595.73 -1990.86 -1410.59 -1235.54 -1968.58 -2555.11 -2666.98 -2671.88 -2783.97 -2769.73 -2832.35 -2963.45 -3005.18 -2977.33 -2978.14 -2987.2 -2844.89 -2752.1 -2829.08 -2959.74 -3027.68 -2840.11 -2849.67 -2902.97
-2905.32 -2924.38 -2918.72 -2931.48 -2984.29 -3106.52 -3019.9 -2958 -2977.71 -2945.32 -2850.59 -3074.06 -3082.54 -3082.78 -3001.61 -2999.63 -3096.2 -3228.35 -3060.91 -3071.43 -3159.95 -3288.59 -3224.04 -3057.72 -2928.6 -2886.53 -3047.11 -3106.64 -3110.98 -3109.83 -3110.05 -3040.82 -2942.89 -3013.53 -2929.6 -2932.01 -3048.27 -3169.39 -3130.33 -2921.72 -2430.67 -1787.91 -1592.76 -2207.26 -2645.1 -2780.81 -2831.19 -2733.86 -2738.01 -2900.14 -2972.53 -2868.66 -2761.69 -2806.06 -3002.01 -2994.58 -2830.45 -2685.08 -2923.94 -3049.5 -2987.9 -2818.88 -2896.54
-2932.63 -2948.92 -2942.41 -2977.48 -3052.88 -3127.45 -3113.69 -3077.37 -3018.13 -2994.79 -2981.41 -3103.46 -3044 -3048.94 -3024.17 -3068.95 -3222.3 -3201.12 -2967.02 -2950.51 -3091.33 -3279.77 -3237.06 -2957.25 -2994.95 -2832.64 -2992.65 -3125.21 -3069.46 -3088.08 -3062.06 -2930.82 -2888.27 -2873.8 -2989.7 -2965.82 -3001.36 -3112.48 -3039.9 -3052.84 -2884.81 -2569.28 -2559.04 -2731.13 -2893.59 -2941.85 -2859.67 -2755.24 -2737.58 -2809.3 -2855.71 -2738.76 -2671.8 -2681.79 -2890.01 -3055.83 -2985.37 -2740.69 -2828.3 -2998.92 -3015.27 -2905.09 -2846.21
-2960.84 -2970.85 -2985.71 -3018.62 -3052.68 -3050.55 -3046.5 -3073.37 -3034.88 -3090.1 -3150.42 -3152.48 -3132.12 -3064.92 -3009.98 -3055.18 -3109.82 -3134.16 -3005.03 -3129.77 -3188.88 -3207.78 -3045.84 -2884.41 -3027.66 -2972.8 -3047.55 -3066.94 -3016 -3068.93 -3050.1 -2866.82 -2785.32 -2826.36 -2871.6 -2946.58 -2939.12 -2939.37 -2879.92 -3047.77 -2954.02 -2716.31 -2790.79 -2903.52 -2817.13 -2937.51 -2795.76 -2714.85 -2636.76 -2561.7 -2873.09 -2738.46 -2758.98 -2420.61 -2774.82 -2966.12 -2909.99 -2814.62 -2643.69 -2971.95 -3029.75 -2965.15 -2820.03
-2944.11 -2981.97 -3047.23 -3085.2 -3087.3 -3057.19 -3061.13 -3072.53 -2998.73 -3119.51 -3213.3 -3148.6 -3157.91 -3138.24 -3136.47 -3176.73 -3205.91 -3108.46 -3118.79 -3197.26 -3208.85 -3214.97 -3200.55 -3097.42 -3012.69 -2975.85 -2978.1 -2977.65 -3001.61 -3101.37 -3035.93 -2820.01 -2749.85 -2864.52 -2888.58 -2932.79 -2972.9 -2888.05 -2704.68 -2916.09 -2772.81 -2692.45 -2519.85 -2842.56 -2941.51 -2954.22 -2779.7 -2792.1 -2758.44 -2345.97 -2738.77 -2783.94 -2696.21 -2557.93 -2724.43 -2960.45 -2726.27 -2633.95 -2556.4 -2539.54 -2888.72 -2904.31 -2839.36
-2575.64 -3009.86 -3065.25 -3079.26 -3081.22 -3097 -3160.43 -3195.37 -3146.44 -3196.73 -3248.72 -3150.13 -3125.69 -3192.44 -3284.13 -3280.82 -3310.85 -3242.1 -3196.47 -3207.52 -2912.75 -3193.02 -3207.16 -3126.53 -3109.36 -3077.81 -3030.76 -2969.34 -3089.23 -3142.77 -2992.44 -2731.34 -2616.79 -2655.76 -2792.43 -2951.86 -3003.29 -3040.61 -2935.92 -2805.18 -2968.77 -3089.18 -2337.98 -2806.24 -2882.95 -2944.1 -2664.39 -2937.82 -2785.33 -2573.84 -2581.67 -2833.51 -2809.42 -2421.64 -2833.64 -2826.35 -2743.59 -2573.54 -2564.61 -2738.7 -2735.75 -2942.68 -3007.5
-2801.91 -3031.06 -3052.83 -3045.55 -3044.94 -3130.2 -3218.14 -3224.5 -3196.01 -3256.54 -3290.98 -3175.99 -3036.55 -3169.93 -3264.2 -3252.81 -3304.32 -3272.78 -3196.32 -3169.44 -3182.16 -3237.13 -3232.06 -3246.16 -2936.72 -3312.04 -3001.58 -2931.08 -3012.5 -2953.79 -2995.67 -2730.42 -2735.8 -2495.06 -3071.69 -2928.74 -3146.79 -3181.66 -2905.15 -2355.29 -2708.1 -2581.44 -2507.75 -2827.79 -2983.56 -3102.62 -2705.11 -2982.98 -2681.9 -2540.56 -2652.76 -2756.62 -2829.67 -2780.97 -2597.69 -2795.55 -2711.59 -2497.48 -2511.78 -2549.16 -2804.84 -2867.21 -3022.27
-3050.65 -3032.62 -3005.49 -2964.75 -3111.09 -3176.88 -3182.93 -3040.66 -3037.03 -3184.46 -3302.17 -3239.62 -3165.34 -3211.63 -3193.02 -3171.62 -3222.01 -3225.81 -3183.91 -3235.01 -3300.96 -3298.76 -3037.26 -3239.52 -3086.67 -3209.62 -3073.68 -2957.03 -3009.13 -3099 -3206.5 -3128.62 -2801.23 -2714.48 -2994.28 -3078.09 -3329.72 -3330.49 -2931.06 -2305.63 -2700.26 -2801.15 -2749.65 -2693.76 -2945.6 -2986.42 -2976.64 -2920.18 -2640.03 -2580.06 -2573.21 -2595.01 -2725.17 -2966.23 -2860.87 -2695.07 -2739.29 -2611.77 -2788.26 -2662.59 -2648.22 -2891.38 -2761.11
-2997.65 -2878.23 -2995.37 -3147.99 -3174.05 -3183 -3151.13 -2905.8 -3161.96 -3199.84 -3231.34 -3246.81 -3279.66 -3344.52 -3095.44 -3129.02 -3121.66 -3238.63 -3201.83 -3245.14 -3306.15 -3276.84 -3235.44 -3060.27 -3000.77 -3058.84 -2999.25 -2999.73 -3059.29 -3116.49 -3278.48 -3125.3 -2798.05 -2938.23 -2995.19 -3313.01 -3363.82 -3375.38 -3081.47 -2583.4 -2702.29 -2904.26 -2753.9 -2880.53 -2784.64 -2824.21 -2950.52 -2788.7 -2676.89 -2708.17 -2637.81 -2809.16 -2732.85 -3025.17 -2984.3 -2640.53 -2489.48 -2904.53 -2984.45 -2978.84 -2702.2 -2846.96 -3052.7
-2923.46 -2894.17 -3070.08 -3227.63 -3232.39 -3174.95 -3138.48 -3107.93 -3100.04 -3250.92 -3266.53 -3285.57 -3347.96 -3223.51 -2977.55 -3025.58 -3166.39 -3218.49 -3195.34 -3206.92 -3288.14 -3241.67 -3301.2 -3208.14 -2953.56 -2875.12 -2922.07 -3143.86 -3253.11 -3210.55 -3277.78 -3041.24 -2882.98 -3171.65 -2936.33 -3156.02 -3329 -3305.34 -3060.89 -2716.5 -2875.45 -2963.76 -2714.69 -2818.55 -2955.4 -2860.47 -2834.01 -2831.65 -2843.25 -2801.9 -2834.69 -2954.68 -2838.17 -3008.12 -2851.65 -2879.49 -2420.71 -2850.16 -2933.93 -2989.67 -2790.79 -2469.21 -3135.3
-2928.79 -3018.08 -3124.86 -3240.73 -3207.63 -3099.46 -3117.08 -3118.37 -3110.54 -3166.09 -3185.76 -3351.3 -3345.02 -3290.39 -3005.39 -2994.6 -3237.82 -3199.97 -3232.56 -3261.62 -3347.94 -3075.06 -3221.04 -3354.45 -2942.72 -2852.17 -2915.42 -3259.7 -3201.26 -2966.45 -3116.94 -2860.67 -3230.14 -3155.93 -3002.96 -3136.61 -3242.76 -3254.62 -2995.67 -2810.96 -3024.47 -3051.92 -2907.56 -2886.72 -2890.33 -2829.13 -2843.3 -2878.48 -2965.01 -2832.07 -2774.4 -2893.7 -2964.66 -2909.06 -2968.19 -2967.17 -2715.86 -2729.84 -2793.95 -3065.35 -2977.68 -2173.48 -2772.96
-3032.5 -3108.74 -3144.17 -3224.64 -3161.32 -3064.23 -3147.53 -3208.45 -3206.6 -3191.87 -3225.74 -3383.07 -3361.78 -3080.18 -3239.22 -3224.95 -3320.02 -3317.52 -3257.29 -3277.79 -3378.65 -3340.77 -3304.45 -3106.26 -3110.85 -3112.35 -3234.14 -3374.58 -3051.74 -3022.59 -3286.29 -3329.48 -3163.7 -2913.61 -2959.14 -3080.63 -3140.52 -2975.49 -2777.84 -2808.67 -2888.47 -2848.41 -3039.28 -2933.37 -2871.4 -2997.04 -3059.71 -2850.68 -2654.84 -2543.16 -2672.25 -2940.7 -2974.74 -2567.47 -2764.45 -2983.96 -2916.81 -2824.75 -2816.46 -3036.64 -3086.78 -2605.58 -2707.03
-3164.38 -3204.73 -3210.07 -3251.1 -3204.89 -3159.73 -3225.44 -3290.23 -3273.88 -3241.95 -3316.46 -3464.27 -3492.69 -3340.91 -3147.51 -3173.5 -3252.47 -3334.61 -3331.21 -3373.38 -3378.17 -3267.28 -3224.51 -3116.27 -3131.19 -3194.19 -3368.49 -3249.95 -2978.51 -3038.27 -3232.36 -3294.05 -3086.97 -2741.74 -3049.29 -3133.92 -3101.92 -2967.71 -2858.88 -3022.06 -2972.74 -2789.36 -2913.39 -3081.48 -2995.62 -3018.63 -3072.14 -2889.71 -2566.17 -2225.71 -2411.2 -2672.52 -2896.3 -2827.47 -2826.18 -2877.96 -3014.9 -2959.22 -2752.28 -2779.07 -2679.02 -2933.51 -2913.97
-3169.94 -3202.98 -3253.59 -3286.52 -3289.68 -3275.31 -3278.3 -3293.53 -3269.8 -3255.62 -3319.6 -3425.29 -3460.05 -3359.7 -3224.36 -3046.81 -3158.75 -3268.04 -3290.73 -3362.49 -3233.35 -3261.34 -3372.1 -3253.53 -3083.96 -3326.04 -3404.81 -2908.61 -2819.41 -3005.89 -3216.49 -3258.06 -3060.63 -2965.15 -3179.54 -3275.57 -3282.93 -3082.77 -3060.54 -3204.14 -3119.58 -2911.44 -3110.1 -3134.03 -3082.38 -2945.36 -3012.18 -3039.53 -2900.52 -2539.97 -2260.43 -2389.97 -2738.48 -2973.33 -2941.6 -3002.17 -3020.78 -2930.38 -2942.76 -2892.78 -3030.98 -2923.89 -2982.78
-3116.22 -3159.05 -3245.02 -3277.03 -3283.21 -3302.79 -3288.54 -3285.9 -3272.28 -3253.88 -3306.45 -3348.07 -3398.01 -3348.36 -3281.95 -3210.39 -3277.97 -3371.11 -3317.17 -3364.27 -3035.69 -3209.6 -3304.4 -3093.94 -3103.34 -3358.02 -3366.21 -3035.66 -2939.3 -3131.84 -3295.37 -3255.12 -3100.97 -3030.23 -3027.76 -3313.91 -3309.08 -3133.84 -2987.08 -3188.49 -3046.39 -2887.42 -3101.38 -3170.65 -3018.7 -2735.96 -2868.05 -3047.97 -2998.38 -2825.38 -2483.32 -2391.41 -2595.47 -3105.52 -2933.89 -2688.18 -2872.6 -2693.6 -2631.99 -2932.8 -2903.89 -2946.65 -3033.63
-3140.12 -3190.79 -3271.25 -3255.82 -3221.06 -3290.16 -3316.55 -3327.16 -3288.55 -3308.22 -3281.04 -3219.15 -3403.93 -3361.81 -3072.79 -3209.62 -3322.62 -3355.91 -3342.67 -3413.55 -3279.24 -3300.16 -3372.57 -3108.24 -3053.25 -3155.83 -3284.32 -3204.44 -3210.69 -3333.46 -3324.92 -3179.23 -3074.12 -2987.45 -3064.41 -3292.38 -3261.52 -2989.15 -2892.33 -3013.83 -2839.95 -3020.98 -3195.33 -3173.02 -2913.67 -2675.48 -2812.45 -3047.95 -2981.38 -2911.45 -2728.82 -2636.96 -2684.12 -3128.4 -2989.34 -2481.46 -2892.97 -3036.24 -2759.43 -2677.66 -2742.83 -2920.63 -2954.19
-3188.65 -3277.41 -3314.18 -3260.49 -3158.64 -3288.75 -3280.48 -3363.6 -3280.8 -3313.5 -3264.37 -3311.52 -3406.73 -3436.88 -3191.53 -3228.55 -3304.44 -3306.52 -3297.64 -3357.19 -3218.86 -2675.36 -3167.89 -3191.69 -3204.66 -3340.44 -3258.24 -3245.11 -3299.96 -3432.53 -3316.78 -3106.81 -3022.69 -3036.95 -3108.73 -3240.77 -3122.3 -2970.16 -3227.79 -3193.26 -2979.32 -2942.84 -3177.13 -3076.27 -2942.44 -2813.47 -2858.17 -2997.97 -2933.34 -2760.3 -2693.39 -2939.73 -3044.25 -3035.04 -3185.03 -2655.23 -2708.6 -3062.94 -3025.69 -2981.95 -2740.39 -2907.05 -2899.86
-3174.67 -3309.98 -3293.69 -3311.04 -3274.82 -3309.9 -3298.66 -3369.27 -3368.05 -3339.9 -3272.84 -3292.61 -3402.67 -3490.75 -3345.08 -3262.49 -3308.88 -3309.53 -3251.85 -3378.18 -3199.15 -3011.76 -3176.83 -3229.07 -3270.56 -3300.93 -3061.33 -2912.07 -3379.09 -3402.37 -3288.13 -3106.72 -3025.7 -3080.74 -3138.48 -3118.17 -3072.32 -3211.02 -3246.02 -3037.92 -2935 -3010.53 -3085.14 -3087.03 -3004.12 -2965.12 -2964.27 -3036.4 -2916.15 -2722.47 -2920.21 -3261.27 -2952.02 -2916.3 -3180.9 -2856.81 -2760.38 -2783.32 -2969.19 -3076.36 -2832.29 -2864.82 -2860.86
-3304.35 -3268.88 -3088.25 -3330.6 -3223.26 -3298.95 -3279.7 -3375.61 -3442.61 -3355.95 -3253.13 -3260.3 -3330.59 -3428.03 -3339.83 -3216.91 -3240.05 -3324.04 -3329.23 -3441.94 -3334.61 -3324.48 -3244.07 -3240.31 -3264.22 -3211.27 -2993.54 -3291.8 -3385.95 -3368.59 -3272.61 -3128.36 -3075.41 -3172.57 -3213.73 -3124.69 -3042.42 -3129.74 -3095.75 -2918.96 -3070.6 -3046.67 -3109.79 -3133.49 -3066.91 -3085.51 -3206.29 -3147.4 -2931.08 -2920.69 -2796.99 -3324.66 -3181.67 -3020.15 -3111.43 -3176.83 -2965.54 -2953.21 -2979.71 -3057.17 -2964.87 -2788.95 -2835.73
-3310.6 -3272.79 -3315.36 -3310.88 -3236.2 -3252.31 -3272.57 -3393.78 -3434.12 -3299.47 -3223.94 -3227.51 -3194.27 -3222.24 -3255.91 -3219.57 -3230.09 -3491.16 -3525.04 -3496.45 -3416.1 -3400.28 -3230.95 -3240.53 -3274.91 -3256.92 -3272.22 -3322.41 -3313.02 -3328.29 -3307.54 -3119.8 -3095.56 -3255.67 -3278.81 -3182.17 -3103.22 -3088.86 -3018.73 -2992.18 -3064.96 -3128.39 -3110.61 -2984.87 -3079.34 -3215.63 -3328.85 -3009.08 -3067.88 -2977.69 -2864.26 -3227.39 -3162.5 -2886.97 -2957.38 -3086.53 -3003.5 -2937.73 -3006.9 -3126.84 -3156.34 -3005.91 -2967.54
-3307.33 -3277.87 -3318.51 -3307.22 -3232.51 -3191.66 -3225.63 -3350.46 -3324.32 -3207.82 -3189.79 -3158.27 -3086.99 -3133.52 -3160.84 -3309.54 -3266.38 -3354.6 -3568.79 -3565.82 -3459.61 -3310.22 -3213.75 -3275.06 -3268.02 -3256.74 -3334.63 -3331.08 -3295.54 -3384.53 -3223.87 -3270.59 -3242.03 -3355.06 -3210.95 -3264.64 -3137.89 -2997.28 -2921.48 -2998.7 -3103.3 -3124.08 -3176.92 -3051.76 -3094.91 -3281.01 -3294.95 -3096.71 -3018.27 -3076.61 -2834.85 -3316.14 -3043.65 -2891.77 -3078.06 -3179.64 -3116.89 -3000.77 -2959.39 -3130.92 -3323.7 -3014.54 -2709.34
-3245.81 -3236.61 -3270.63 -3260.96 -3205.96 -3177.74 -3223.01 -3296.2 -3189.58 -3131.34 -3138.8 -3131.08 -3117.63 -3190.93 -3265.47 -3317.8 -3228.84 -3215.74 -3429.97 -3503.55 -3413.7 -3350.58 -3367.16 -3362.78 -3283.14 -3274.74 -3323.74 -3401.52 -3429.96 -3427.92 -3141.41 -3283.04 -3345.55 -3026.84 -3219.95 -3317.27 -3191.65 -2927.1 -2879.8 -3085.75 -3137.86 -3209.37 -3162.33 -3084.15 -3133.39 -3204.13 -3277.34 -2975.39 -3093.45 -3117.11 -2973.09 -3199.41 -2979.45 -2957.14 -3175.87 -3230.52 -3152.25 -3094.98 -2984.76 -2950.93 -3083.18 -3055 -2566.56
