data_raster/melanesia/20231128-TOPEX-ZEE2_GRILLEV2.1_original.GRD
DSAA
412 268
156.008 174.508
-26.4936 -14.5009
-7141.24 1374.96                
[rows 28 to 55 of 268, columns 0 to 62 of 412]
-4585.65 -4552.95 -4589.12 -4574.93 -4587.04 -4589.71 -4541.55 -4495.29 -4533.95 -4546.72 -4557.58 -4602 -4711.2 -4721.52 -4591.34 -4429.94 -4347.84 -4323.19 -4212.17 -4046.06 -3953.26 -3909.18 -3820.08 -3611.31 -3450.19 -3324.33 -3400.13 -3384.71 -3475.67 -3458.57 -3443.05 -3437.56 -3382.44 -3363.54 -3127.6 -2883.25 -2554.32 -2431.33 -2391.78 -2422.52 -2481.95 -2502.78 -2579.1 -2566.31 -2457.72 -2388.49 -2376.68 -2316.45 -2259.48 -2443.93 -2531.72 -2638.97 -2774.45 -2819.28 -2838.36 -2880.39 -2881.74 -2879.33 -2850.5 -2839.57 -2862.59 -2929.36 -2957.03
-4630.49 -4588.92 -4596.87 -4579.76 -4589.62 -4618.8 -4573.25 -4512.49 -4543.08 -4561.97 -4539.81 -4553.17 -4551.08 -4570.76 -4494.48 -4325.4 -4194.45 -4207.38 -4099.99 -4011.31 -3770.65 -3796.94 -3684.38 -3429.24 -3243.8 -3253.93 -3289.91 -3408.03 -3384.06 -3315.27 -3338.42 -3337.15 -3370.17 -3357.59 -3236.74 -3093.67 -2692.54 -2575.32 -2466.71 -2413.6 -2391.11 -2387.89 -2434.53 -2460.23 -2263.41 -2179.31 -2212.93 -2269.06 -2225.37 -2350.13 -2543.21 -2609.3 -2630.89 -2737.18 -2835.64 -2858.21 -2848.71 -2848.86 -2823.11 -2841.86 -2846.71 -2893.95 -2934.31
-4586.96 -4589.52 -4585.78 -4583.1 -4586.17 -4588.16 -4583.32 -4587.42 -4584.21 -4495.63 -4287.58 -4454.99 -4398.57 -4351.5 -4219.21 -4112.03 -4044.1 -3985.51 -3925.36 -3865.83 -3754.71 -3439.39 -3361.74 -3205.36 -3202 -3233.79 -3191.78 -3210.68 -3255.61 -3346.5 -3253.25 -3330.27 -3349.86 -3358.09 -3237.18 -3022.47 -2867.78 -2619.61 -2481.3 -2291.11 -2364.18 -2393.38 -2351.72 -2318.14 -2128.44 -2179.61 -2128.88 -2204.84 -2160.77 -2236.98 -2346.35 -2437.92 -2543.16 -2773.07 -2814.5 -2813.54 -2830.13 -2813.4 -2818.46 -2849.01 -2858.24 -2888.33 -2887.69
-4577.3 -4573.62 -4576.77 -4569.78 -4563.68 -4588.24 -4620.01 -4607.26 -4577.55 -4440.13 -4206.34 -4011.83 -3767.79 -3852.73 -3747.1 -3707.26 -3650.13 -3448.52 -3369.72 -3435.46 -3476.77 -3370.37 -3202.53 -3097.17 -3071.96 -3044.75 -3030.64 -3053.54 -3202.74 -3320.17 -3298.07 -3318.6 -3331.49 -3345.41 -3287.07 -3179.13 -3108.22 -2666.64 -2360.91 -2151.84 -2198.15 -2361.17 -2387.32 -2278.92 -2143.95 -1969.68 -1994.84 -2066.07 -2080.97 -2132.15 -2155.95 -2293.94 -2477.94 -2660.25 -2756.08 -2793.65 -2802.5 -2801.67 -2812.59 -2839.4 -2776.14 -2693.25 -2703.25
-4563.85 -4566.54 -4583.71 -4605.33 -4603.78 -4598.36 -4546.43 -4480.61 -4316.22 -4138.01 -3901.53 -3619.3 -3462.67 -3511.53 -3497 -3474.63 -3375.83 -2994.92 -2859.02 -3020.7 -3216.1 -3187.27 -3123.97 -3028.12 -2929.62 -2922.62 -2950.78 -2994.22 -3085.84 -3247.64 -3308.57 -3283.26 -3240.4 -3235.21 -3200.02 -3074.88 -2919.18 -2673.18 -2398.82 -2196.34 -2213.62 -2358.15 -2371.04 -2331.76 -2122.03 -1872.65 -1822.5 -1923.61 -2015.87 -2074.18 -2136.05 -2261.82 -2388.59 -2531.23 -2733.87 -2779.22 -2786.17 -2785.56 -2788 -2755.25 -2643.74 -2567.35 -2655.59
-4550.94 -4566.44 -4584.16 -4595.21 -4591.42 -4510.09 -4412.92 -3968.48 -3776.56 -3541.16 -3453.77 -3255.45 -3144.76 -3183.81 -3213.58 -3214.81 -3184.27 -3022.16 -2937.13 -2997.23 -3005.53 -3022.41 -3120.36 -3030.84 -2926.28 -2850.85 -2892.99 -2979.74 -3061.91 -3201.98 -3215.2 -3169.85 -3107.19 -3075.88 -3040.64 -2929.11 -2738.62 -2558.93 -2391.69 -2218.8 -2257.6 -2425.4 -2485 -2440.53 -2220.8 -1919.58 -1753.99 -1867.98 -1941.5 -1993.72 -2048 -2174.05 -2381.12 -2508.99 -2738.39 -2750.2 -2791.52 -2749.13 -2701.9 -2681.41 -2628.13 -2636.34 -2743.03
-4548.53 -4574.5 -4578.98 -4590.88 -4420.38 -4286.6 -4175.55 -3697.54 -3469.72 -3203.91 -3006.52 -2904.15 -2869.79 -2893.35 -2955.51 -3060.29 -3093.77 -3016.72 -2977.38 -2936.15 -2955.52 -3007.07 -2980.72 -2960.69 -2861.5 -2816.59 -2858.68 -2931.56 -3060.02 -3109.94 -3082.09 -3053.71 -3016.08 -2940.58 -2834.4 -2711.9 -2584.03 -2357.44 -2301.78 -2188.88 -2204.25 -2373.94 -2495.59 -2509.76 -2321.15 -1967.27 -1797.77 -1872.97 -1920.1 -1929.72 -2040.28 -2223.57 -2408.02 -2635.74 -2704.77 -2745.77 -2837.74 -2755.35 -2666.42 -2666.58 -2685.71 -2734.15 -2835.29
-4586.12 -4580.36 -4585.6 -4511.25 -4316.62 -4075.61 -3784.24 -3545.29 -3286.01 -3041.46 -2900.89 -2782.5 -2743.97 -2722.32 -2725.32 -2827.85 -2790.66 -2794.88 -2865.39 -2891.65 -2929.03 -2896.12 -2866.63 -2888.81 -2845.34 -2823.03 -2821.64 -2865.9 -2985.68 -3069.09 -3046.22 -3014.7 -3009.05 -2861.04 -2709.62 -2497.08 -2459.48 -2370.29 -2245.72 -2083.16 -2073.77 -2216.01 -2367.84 -2455.34 -2341.7 -2018.98 -1924.62 -2053 -2018.16 -1945.18 -2006.53 -2219.86 -2486.65 -2682.5 -2704.16 -2736.25 -2797.47 -2742.15 -2689.08 -2688.3 -2717.82 -2775.87 -2872.42
-4581.74 -4577.39 -4595.62 -4458.09 -4140.48 -3735.1 -3333.84 -3184.93 -3184.66 -3026.31 -2834.06 -2767.8 -2686.16 -2618.04 -2645.74 -2559.09 -2501.05 -2658.27 -2807.94 -2862.58 -2889.61 -2874.69 -2816.04 -2868.28 -2799.07 -2824.34 -2828.18 -2898.7 -2947.62 -2987.58 -3030.58 -3060.45 -3073.36 -2908.66 -2580.44 -2313.12 -2299.31 -2263.97 -2074.97 -1918.07 -2078.01 -2098.25 -2232.56 -2406.08 -2344.23 -2041.89 -2035.25 -2189.24 -2151.27 -2098.93 -2256.6 -2312.71 -2652.39 -2682.22 -2713.16 -2728.59 -2758.2 -2733.74 -2731.05 -2728.27 -2740.66 -2800.6 -2849.75
-4551.09 -4581.31 -4441.1 -4020.5 -3672.73 -3493.8 -3126.79 -2971.2 -2746.36 -2578.21 -2524.11 -2604.17 -2592.62 -2577.4 -2600.63 -2425.2 -2623.47 -2699.7 -2786.2 -2856.91 -2818.91 -2803.96 -2817.05 -2840.83 -2849.76 -2827 -2849.57 -2900.15 -2916.4 -2933.21 -2965.29 -3009.68 -2996.67 -2853.8 -2519.85 -2333.08 -2384.52 -2268.94 -2090.5 -1903.84 -1949.49 -2174.29 -2240.27 -2387.6 -2328.2 -2054.46 -2214.7 -2333.28 -2319.03 -2362.99 -2455.18 -2622.9 -2673.19 -2698.07 -2728.84 -2735.26 -2742.24 -2739.17 -2730.21 -2723.45 -2749.9 -2823.03 -2834.15
-4542.91 -4581.1 -4335.32 -3947.45 -3497.34 -3312.65 -3101.94 -2772.6 -2581.36 -2426.21 -2473.91 -2461.63 -2536.93 -2559.41 -2545.89 -2527.6 -2732.56 -2858.41 -2836.53 -2820.56 -2810.36 -2793.53 -2806.55 -2794.5 -2828.93 -2829.48 -2863.07 -2896.58 -2909.4 -2890.45 -2884.33 -2911.81 -2886.35 -2794.26 -2669.43 -2627.92 -2549.18 -2328.48 -2202.8 -2216.36 -2361.38 -2487.41 -2490.9 -2491.46 -2334.48 -2180.23 -2354.75 -2474.51 -2487.68 -2558.77 -2629.87 -2652.45 -2673.57 -2707.71 -2741.75 -2745.11 -2730.85 -2726.6 -2710.64 -2709.08 -2761 -2829.01 -2816.01
-4567.9 -4491.83 -4132.02 -3762.13 -3422.78 -3207.93 -3052.92 -2737.83 -2577.22 -2389.66 -2384.96 -2398.12 -2460.16 -2480.18 -2501.67 -2585.76 -2705.31 -2799.73 -2794.41 -2804.76 -2807.37 -2774.36 -2777.14 -2762.93 -2744.17 -2762.82 -2775.85 -2815.73 -2822.55 -2857.59 -2828.43 -2875.38 -2899.54 -2862.89 -2745.8 -2736.15 -2637.86 -2291.56 -2360.53 -2452.35 -2493.06 -2507.99 -2513.44 -2432.13 -2410.88 -2328.04 -2388.91 -2451.19 -2513.14 -2589.51 -2611.04 -2658.9 -2682.42 -2702.96 -2725.7 -2737.24 -2729.39 -2726.88 -2736.55 -2746.92 -2749.87 -2767.17 -2780.1
-4545 -4343.38 -3901.82 -3526.12 -3279.26 -3125.24 -2918 -2621.34 -2524.33 -2394.01 -2346.34 -2375.34 -2417.33 -2454.39 -2423.59 -2488.05 -2649.54 -2735.14 -2769.67 -2796.62 -2771.42 -2746.4 -2729.58 -2705.98 -2667.3 -2711.38 -2675.71 -2689.49 -2728.49 -2771.4 -2795.01 -2845.12 -2887.2 -2880.25 -2748.49 -2728.56 -2773.64 -2423.02 -2540.17 -2584.28 -2549.32 -2568.72 -2499.79 -2289.4 -2294 -2294.89 -2382.78 -2405.88 -2433.43 -2593.73 -2609.06 -2643.02 -2673.06 -2699.66 -2673.71 -2686.21 -2716.31 -2719.96 -2743.94 -2768.22 -2751.42 -2755.26 -2781.47
-4539.21 -4350.4 -3920.31 -3545.67 -3257.84 -3013.03 -2775.25 -2523.21 -2389.35 -2311.64 -2315.32 -2394.48 -2419.85 -2446.87 -2411.12 -2504.46 -2633 -2711.26 -2746.53 -2714.93 -2712.29 -2721.85 -2644.1 -2565.15 -2637.55 -2646.81 -2641.73 -2645.71 -2632.01 -2679.77 -2765.37 -2827.53 -2875.7 -2857.97 -2823.98 -2749.41 -2729.49 -2706.87 -2759.41 -2753.53 -2654.89 -2600.35 -2512.04 -2376.93 -2381.24 -2493.35 -2545.01 -2552.37 -2613.37 -2597.71 -2628.38 -2650.64 -2662.79 -2690.79 -2645.82 -2638.07 -2686.69 -2709.9 -2751.99 -2767.64 -2769.54 -2737.24 -2752.11
-4524.89 -4411.84 -4038.66 -3617.06 -3254.1 -2914.32 -2635.94 -2458.2 -2370.11 -2324.1 -2299.95 -2341.6 -2425.98 -2408.3 -2419.74 -2477.81 -2613.56 -2693.17 -2739.73 -2684.93 -2713.6 -2708.5 -2643.46 -2544.43 -2561.11 -2532 -2528.84 -2619.18 -2616.53 -2609.43 -2672.17 -2718.49 -2789.38 -2839.44 -2785.34 -2806.85 -2788.22 -2814.97 -2869.75 -2837.58 -2682.2 -2487.41 -2480.63 -2553.57 -2637.48 -2674.25 -2669.26 -2665.58 -2654.02 -2592.17 -2658.54 -2653.2 -2627.73 -2638.24 -2621.41 -2615.72 -2659.7 -2710.85 -2771.56 -2800.34 -2790.41 -2678.68 -2676.44
-4471.01 -4356.02 -3998.08 -3540.19 -3165.68 -2820.27 -2536.84 -2475 -2475.43 -2444.01 -2415.36 -2367.38 -2412.45 -2458.36 -2459.4 -2473.46 -2537.11 -2631.33 -2679.26 -2722.5 -2722.85 -2699.87 -2667.69 -2579.61 -2537.3 -2501.87 -2487.41 -2587.97 -2608.47 -2568.57 -2584.23 -2608.29 -2676.83 -2735.96 -2766.82 -2724.28 -2764.97 -2789.55 -2809.6 -2787.53 -2700.92 -2416.17 -2395.38 -2586.82 -2680.43 -2679.91 -2675.64 -2660.65 -2660.24 -2654.12 -2642.11 -2642.61 -2629.64 -2621.35 -2620.3 -2621.67 -2663.31 -2723.38 -2757.95 -2769.48 -2757.42 -2636.09 -2614.53
-4410.53 -4150.57 -3769.45 -3419.66 -3071.34 -2727.11 -2529.56 -2458.58 -2497.35 -2478.45 -2511.4 -2506.07 -2429.35 -2391.14 -2464.3 -2455.41 -2516.76 -2593.27 -2656.6 -2694.64 -2682.14 -2672.91 -2661.13 -2609.28 -2515.44 -2484.9 -2452.63 -2482.41 -2528.75 -2515.42 -2511.8 -2557.39 -2623.16 -2639.12 -2680.58 -2709.94 -2740.26 -2750.08 -2729.18 -2592.32 -2527.45 -2299.88 -2376.95 -2562.33 -2694.67 -2642.33 -2609.51 -2655.43 -2639.76 -2634.24 -2634.77 -2644.97 -2670.62 -2671.71 -2664.96 -2665.13 -2679.41 -2694.54 -2710.81 -2717.93 -2719.15 -2667.07 -2661.27
-4258.7 -3930.34 -3645.01 -3321.6 -2994.41 -2751.35 -2555.61 -2442.74 -2404.8 -2409.35 -2439.34 -2449.75 -2445.15 -2348.09 -2391.2 -2443.83 -2479.06 -2577.07 -2646.03 -2694.86 -2681.77 -2634.58 -2620 -2567.92 -2520.11 -2482.62 -2445.91 -2421.39 -2463.51 -2499.71 -2507.56 -2521.4 -2558.96 -2570.32 -2560.95 -2636.57 -2728.84 -2721.04 -2719.43 -2694.16 -2532.65 -2502.42 -2681.61 -2720.64 -2670.64 -2611.02 -2596.19 -2610.18 -2610.38 -2597.73 -2614.09 -2640.95 -2643.99 -2636.98 -2685.77 -2728.14 -2725.17 -2733.49 -2712.97 -2683.91 -2685.02 -2672.46 -2673.89
-4104.61 -3750.73 -3656.26 -3166.25 -2814.72 -2630.14 -2474.83 -2288.39 -2221.2 -2243.54 -2369.25 -2438.37 -2450.26 -2327.86 -2305.34 -2318.12 -2411.35 -2555.51 -2635.15 -2667.75 -2656.6 -2579.75 -2588.74 -2553.35 -2518.98 -2535.58 -2475.86 -2388.06 -2386.18 -2418.59 -2442.42 -2484.18 -2534.49 -2545.28 -2528.3 -2567.41 -2620.25 -2715.89 -2680.28 -2662 -2599.44 -2672.48 -2713.7 -2679.6 -2632.77 -2602.32 -2578.49 -2576.5 -2587.18 -2596.78 -2606.42 -2626.81 -2628.5 -2614.12 -2681.72 -2718.32 -2694.63 -2750.05 -2740.29 -2655.49 -2640.16 -2644.8 -2662.43
-3864.68 -3629.79 -3426 -3010.33 -2678.54 -2523.19 -2274.1 -2154.38 -2125.03 -2172.96 -2340.14 -2440.56 -2439.37 -2322.46 -2314.37 -2340.78 -2429.12 -2552.26 -2622.9 -2650.13 -2656.78 -2595.98 -2588.26 -2569.09 -2523.87 -2539.19 -2497.8 -2395.59 -2351.76 -2349.66 -2329.18 -2386.88 -2507 -2558.92 -2558.17 -2587.31 -2627.52 -2653.08 -2673.32 -2648.62 -2636.96 -2644.94 -2637.42 -2620.36 -2621.81 -2600.61 -2545.27 -2546.19 -2553.84 -2560.17 -2567.67 -2587.88 -2634.71 -2649.55 -2678.12 -2708.45 -2700.55 -2741.3 -2739.05 -2678.13 -2645.72 -2645.38 -2679.17
-3614.18 -3377.81 -3126.55 -2892.67 -2735.81 -2416.29 -2106.81 -1976.07 -1976.99 -2138.48 -2309.87 -2490.3 -2575.29 -2496.12 -2487.21 -2557.21 -2588.67 -2537.43 -2589.7 -2638.03 -2656.27 -2640.83 -2628.28 -2597.49 -2584.04 -2552.59 -2519.05 -2472.83 -2408.39 -2387.8 -2313.51 -2332.17 -2460.17 -2521.89 -2517.95 -2554.92 -2581.93 -2539.26 -2526.48 -2640.9 -2588.27 -2580.65 -2577.74 -2549.76 -2608.62 -2551.96 -2529.71 -2545.97 -2548.5 -2549.79 -2569.61 -2603.86 -2652.91 -2680.95 -2669.48 -2696.94 -2732.46 -2736.64 -2701.15 -2680.01 -2652.07 -2641.74 -2675.52
-3502.52 -3308.99 -2999.08 -2822.71 -2656.35 -2367.83 -2205.74 -2004.74 -1956.53 -2095.47 -2301.65 -2453.22 -2566.78 -2597.48 -2615.34 -2654.64 -2661.33 -2574.12 -2577.1 -2615.79 -2641.06 -2644.4 -2639.9 -2630.88 -2568.52 -2556.59 -2564.32 -2531.57 -2478.03 -2445.67 -2366.17 -2338.18 -2393.02 -2414.95 -2423.1 -2474.25 -2485.65 -2476.53 -2460.82 -2530.6 -2531.45 -2525.74 -2500.95 -2536.11 -2540.66 -2526.09 -2527.97 -2572.78 -2590.62 -2576.44 -2577.48 -2624.5 -2653.31 -2662.85 -2618.65 -2645.48 -2731.59 -2744.49 -2701.5 -2679.2 -2649.82 -2655.21 -2687.19
-3296.74 -3145.37 -2860.32 -2664.06 -2448.5 -2286.57 -2247.97 -2084.47 -2102.47 -2128.06 -2241.16 -2256.17 -2262.37 -2370.13 -2465.53 -2555.67 -2602.94 -2634.09 -2597.88 -2587.7 -2600.19 -2639.77 -2624.95 -2621.42 -2573.78 -2539.31 -2551.02 -2542.6 -2525.99 -2489.39 -2426.74 -2392.66 -2394.94 -2375.98 -2367.21 -2419.09 -2424.28 -2413.56 -2426.71 -2453.28 -2473.8 -2484.85 -2490.84 -2490.59 -2502.76 -2562.52 -2589.31 -2628.05 -2638.13 -2600.38 -2564.87 -2571.26 -2601.73 -2609.67 -2561.99 -2611.59 -2728.22 -2737.9 -2705.89 -2679.78 -2645.47 -2664 -2722.94
-3100.76 -2903.19 -2661.69 -2504.22 -2340.71 -2288.4 -2202.84 -2177.67 -2172.26 -2076.54 -2126.49 -2081.92 -2027.8 -2090.47 -2180.71 -2304.86 -2397.85 -2467.13 -2500.26 -2536 -2535.93 -2591.14 -2625.54 -2600.54 -2609.87 -2565.84 -2550.84 -2553.57 -2517.72 -2505.21 -2471.33 -2434.4 -2395.7 -2363.01 -2299.5 -2314.29 -2369.92 -2407.36 -2445.72 -2434.46 -2428.8 -2464.15 -2488.81 -2456.37 -2428.53 -2549.76 -2582.38 -2592.92 -2592.39 -2576.18 -2543.48 -2520.01 -2556.99 -2584.25 -2554.62 -2601.39 -2702.51 -2707.01 -2677.8 -2663.19 -2644.16 -2657.61 -2690.46
-2841.05 -2634.42 -2471.3 -2382.25 -2346.55 -2157.04 -2072.62 -2036.62 -2030.54 -1979.38 -1959.04 -1992.34 -2026.36 -2060.22 -2098.86 -2220.77 -2312.9 -2331.95 -2416.87 -2417.33 -2438.34 -2599.09 -2617.29 -2596.03 -2590.71 -2588.77 -2579.38 -2558.38 -2538.22 -2526.99 -2502.15 -2474.66 -2448.23 -2414.38 -2322.56 -2299.87 -2390.39 -2420.67 -2411.58 -2352.13 -2386.15 -2465.51 -2471.54 -2435.12 -2393.45 -2467.75 -2515.56 -2576.68 -2548.14 -2553.37 -2548.56 -2594.43 -2597.45 -2615.06 -2623.34 -2635.57 -2647.54 -2660.96 -2650.41 -2647.2 -2654.38 -2647.36 -2640.81
-2811.96 -2379.33 -2291.3 -2217.56 -2049.27 -2032.8 -2024.75 -2004.12 -2020.21 -1974.76 -1969.53 -2063.06 -2130.8 -2182.29 -2140.18 -2271.65 -2392.04 -2421.57 -2463.21 -2390.94 -2425.01 -2541.89 -2600.76 -2617.04 -2581.49 -2534.47 -2533.82 -2549.3 -2548.25 -2545.48 -2509.99 -2505.13 -2533.45 -2518.4 -2447.97 -2402.3 -2469.7 -2448.38 -2427.95 -2396.44 -2400.98 -2426.86 -2410.35 -2382.63 -2401.68 -2459.23 -2527.56 -2583.54 -2540.48 -2519.85 -2548.31 -2616.06 -2639.7 -2637.84 -2631.6 -2620.34 -2658.9 -2672.3 -2652.94 -2661.84 -2669.94 -2658.5 -2653.35
-2331.13 -2308.55 -2273.54 -2127.38 -2060.22 -2014.09 -2002.58 -1991.88 -1984.73 -2001.13 -2071.2 -2155.8 -2230.4 -2279.13 -2325.09 -2397.95 -2442.22 -2431.43 -2463.89 -2379.04 -2411.97 -2535.8 -2606.95 -2605.21 -2569.11 -2528.13 -2500.25 -2515.4 -2534.72 -2560.71 -2521.86 -2516.18 -2559.05 -2546.52 -2486.04 -2409.19 -2426.09 -2438.67 -2436.95 -2411.83 -2421.38 -2419.47 -2457.27 -2456.25 -2457.76 -2481.76 -2531.47 -2550.65 -2534.26 -2508.92 -2534.98 -2576.92 -2591.51 -2597.2 -2616.78 -2627.57 -2655.02 -2662.79 -2641.18 -2649.92 -2652.35 -2636.54 -2626.57
-2272.57 -2143.84 -2071.92 -2055.36 -2060.95 -2020.6 -2024.11 -2013.96 -2010.21 -2003.02 -2063.14 -2110.7 -2202.23 -2279.52 -2342.55 -2377.69 -2357.84 -2331.02 -2344.34 -2353.33 -2435.31 -2555.15 -2589.07 -2569.44 -2561.02 -2508.26 -2495.47 -2481.64 -2519.41 -2554.51 -2530.56 -2495.99 -2517.64 -2476.18 -2384.48 -2356.96 -2426.07 -2445.27 -2438.85 -2450 -2479.2 -2455.32 -2447.9 -2455.71 -2478.74 -2506.93 -2530.29 -2529.74 -2528 -2531.28 -2530.3 -2546.53 -2570.92 -2598.49 -2623.03 -2622.79 -2637.62 -2651.34 -2635.26 -2621.91 -2620.1 -2624.51 -2608.67
