data_raster/melanesia/PNMC_temperatures_2021/202106.grd
DSAA																																																																																																																																																																																																																																																																																																																																																																																																																											
412	268																																																																																																																																																																																																																																																																																																																																																																																																																										
156	174.5																																																																																																																																																																																																																																																																																																																																																																																																																										
-26.5	-14.5																																																																																																																																																																																																																																																																																																																																																																																																																										
19.0 30.5																																																																																																																																																																																																																																																																																																																																																																																																																									
[rows 224 to 251 of 268, columns 63 to 125 of 412]
26.35160 26.35690 26.36040 26.36210 26.36190 26.35950 26.35460 26.34830 26.34270 26.33830 26.33480 26.33420 26.33830 26.34200 26.34240 26.34970 26.37150 26.40580 26.44750 26.48930 26.52700 26.55970 26.58700 26.60910 26.62760 26.64460 26.66130 26.67880 26.69800 26.71970 26.74400 26.77060 26.79850 26.82630 26.85270 26.87670 26.89800 26.91660 26.93250 26.94450 26.95200 26.95660 26.95920 26.95930 26.95680 26.95260 26.94710 26.93990 26.93200 26.92430 26.91620 26.90680 26.89690 26.88690 26.87620 26.86460 26.85280 26.84080 26.82820 26.81510 26.80220 26.78940 26.77630
26.38950 26.39710 26.40330 26.40800 26.41080 26.41170 26.41050 26.40810 26.40580 26.40400 26.40250 26.40310 26.40760 26.41200 26.41520 26.42860 26.45860 26.49760 26.53890 26.57940 26.61670 26.64930 26.67680 26.69990 26.71950 26.73730 26.75440 26.77200 26.79100 26.81200 26.83490 26.85920 26.88420 26.90890 26.93240 26.95380 26.97250 26.98820 27.00070 27.00880 27.01240 27.01350 27.01340 27.01130 27.00720 27.00230 26.99680 26.99010 26.98290 26.97610 26.96900 26.96090 26.95260 26.94430 26.93510 26.92470 26.91400 26.90300 26.89110 26.87860 26.86620 26.85360 26.84060
26.42560 26.43560 26.44480 26.45300 26.45940 26.46410 26.46770 26.47070 26.47290 26.47430 26.47500 26.47670 26.48130 26.48720 26.49480 26.51310 26.54600 26.58420 26.62160 26.65750 26.69150 26.72220 26.74940 26.77340 26.79440 26.81280 26.82960 26.84620 26.86390 26.88320 26.90410 26.92600 26.94870 26.97160 26.99370 27.01420 27.03170 27.04560 27.05510 27.05980 27.06010 27.05830 27.05580 27.05210 27.04750 27.04300 27.03870 27.03370 27.02860 27.02410 27.01950 27.01390 27.00790 27.00170 26.99420 26.98520 26.97550 26.96550 26.95430 26.94230 26.93010 26.91770 26.90460
26.45910 26.47140 26.48330 26.49460 26.50420 26.51220 26.51970 26.52700 26.53320 26.53780 26.54060 26.54330 26.54800 26.55570 26.56770 26.58780 26.61690 26.64910 26.68070 26.71170 26.74220 26.77150 26.79900 26.82410 26.84610 26.86520 26.88240 26.89910 26.91620 26.93420 26.95360 26.97460 26.99660 27.01900 27.04100 27.06090 27.07660 27.08790 27.09470 27.09720 27.09620 27.09370 27.09120 27.08870 27.08620 27.08440 27.08280 27.08090 27.07880 27.07720 27.07520 27.07180 27.06780 27.06310 27.05700 27.04910 27.04030 27.03070 27.01990 27.00810 26.99590 26.98330 26.96990
26.49030 26.50430 26.51780 26.53090 26.54250 26.55240 26.56160 26.57070 26.57890 26.58540 26.58970 26.59330 26.59840 26.60750 26.62200 26.64090 26.66290 26.68710 26.71290 26.73980 26.76760 26.79650 26.82510 26.85180 26.87550 26.89630 26.91510 26.93310 26.95070 26.96860 26.98800 27.00950 27.03240 27.05560 27.07790 27.09720 27.11120 27.12030 27.12530 27.12690 27.12630 27.12500 27.12450 27.12480 27.12600 27.12770 27.12940 27.13070 27.13170 27.13280 27.13290 27.13140 27.12870 27.12510 27.11990 27.11270 27.10440 27.09510 27.08430 27.07230 27.05980 27.04650 27.03240
26.52010 26.53470 26.54860 26.56160 26.57290 26.58240 26.59100 26.59910 26.60640 26.61260 26.61720 26.62150 26.62730 26.63660 26.65030 26.66600 26.68210 26.70040 26.72180 26.74570 26.77190 26.80070 26.83070 26.86000 26.88700 26.91130 26.93290 26.95280 26.97190 26.99140 27.01250 27.03570 27.06030 27.08490 27.10770 27.12670 27.14060 27.14960 27.15450 27.15650 27.15680 27.15730 27.15920 27.16220 27.16610 27.17020 27.17430 27.17790 27.18120 27.18430 27.18610 27.18590 27.18440 27.18170 27.17710 27.17040 27.16220 27.15270 27.14160 27.12920 27.11590 27.10180 27.08670
26.54940 26.56420 26.57760 26.58950 26.59950 26.60780 26.61480 26.62080 26.62600 26.63040 26.63430 26.63830 26.64390 26.65180 26.66250 26.67440 26.68680 26.70140 26.71940 26.74070 26.76550 26.79380 26.82460 26.85610 26.88670 26.91490 26.94020 26.96290 26.98460 27.00690 27.03090 27.05680 27.08390 27.11050 27.13420 27.15380 27.16830 27.17790 27.18330 27.18570 27.18700 27.18900 27.19300 27.19820 27.20400 27.20980 27.21560 27.22120 27.22640 27.23100 27.23410 27.23500 27.23420 27.23190 27.22750 27.22070 27.21210 27.20200 27.19010 27.17670 27.16240 27.14710 27.13070
26.57900 26.59340 26.60630 26.61740 26.62670 26.63450 26.64050 26.64510 26.64870 26.65160 26.65390 26.65650 26.66020 26.66550 26.67270 26.68130 26.69140 26.70360 26.71840 26.73700 26.75970 26.78640 26.81650 26.84850 26.88090 26.91230 26.94130 26.96770 26.99310 27.01890 27.04630 27.07550 27.10550 27.13460 27.16040 27.18120 27.19590 27.20510 27.21010 27.21270 27.21460 27.21780 27.22330 27.23000 27.23750 27.24510 27.25280 27.26050 27.26760 27.27370 27.27790 27.27940 27.27890 27.27640 27.27140 27.26380 27.25410 27.24270 27.22940 27.21460 27.19880 27.18200 27.16420
26.60700 26.62140 26.63430 26.64520 26.65450 26.66240 26.66840 26.67260 26.67560 26.67780 26.67920 26.68050 26.68270 26.68580 26.69020 26.69640 26.70480 26.71500 26.72730 26.74280 26.76240 26.78610 26.81360 26.84420 26.87660 26.90950 26.94130 26.97130 27.00060 27.03030 27.06140 27.09380 27.12660 27.15780 27.18510 27.20660 27.22110 27.22970 27.23440 27.23720 27.23990 27.24430 27.25100 27.25920 27.26820 27.27760 27.28720 27.29680 27.30560 27.31270 27.31730 27.31920 27.31840 27.31530 27.30920 27.30030 27.28900 27.27580 27.26070 27.24420 27.22670 27.20830 27.18910
26.63160 26.64640 26.65990 26.67150 26.68150 26.69000 26.69660 26.70140 26.70500 26.70770 26.70940 26.71080 26.71290 26.71560 26.71870 26.72340 26.73030 26.73890 26.74900 26.76160 26.77720 26.79680 26.82040 26.84770 26.87830 26.91100 26.94420 26.97680 27.00950 27.04300 27.07740 27.11250 27.14730 27.17970 27.20730 27.22840 27.24250 27.25100 27.25600 27.25950 27.26340 27.26910 27.27720 27.28690 27.29750 27.30860 27.31980 27.33090 27.34080 27.34820 27.35280 27.35440 27.35320 27.34920 27.34180 27.33110 27.31800 27.30300 27.28590 27.26740 27.24810 27.22820 27.20770
26.65120 26.66660 26.68100 26.69360 26.70480 26.71440 26.72230 26.72840 26.73330 26.73730 26.74000 26.74240 26.74520 26.74830 26.75150 26.75580 26.76190 26.76920 26.77760 26.78760 26.79990 26.81550 26.83510 26.85880 26.88660 26.91810 26.95170 26.98620 27.02140 27.05740 27.09410 27.13080 27.16660 27.19970 27.22730 27.24810 27.26210 27.27080 27.27620 27.28040 27.28540 27.29220 27.30150 27.31250 27.32480 27.33750 27.35020 27.36260 27.37330 27.38110 27.38550 27.38680 27.38490 27.37980 27.37090 27.35850 27.34350 27.32650 27.30750 27.28710 27.26620 27.24490 27.22340
26.66710 26.68300 26.69810 26.71190 26.72430 26.73530 26.74470 26.75250 26.75900 26.76440 26.76850 26.77190 26.77570 26.77960 26.78340 26.78820 26.79440 26.80100 26.80780 26.81590 26.82600 26.83880 26.85490 26.87520 26.90020 26.93030 26.96400 26.99960 27.03630 27.07340 27.11080 27.14800 27.18430 27.21770 27.24560 27.26680 27.28100 27.28990 27.29560 27.30030 27.30590 27.31340 27.32350 27.33580 27.34960 27.36390 27.37800 27.39170 27.40340 27.41150 27.41580 27.41670 27.41410 27.40790 27.39770 27.38370 27.36690 27.34800 27.32720 27.30520 27.28280 27.26040 27.23810
26.68400 26.70030 26.71600 26.73060 26.74400 26.75600 26.76650 26.77560 26.78340 26.79000 26.79530 26.79980 26.80450 26.80930 26.81400 26.81940 26.82560 26.83160 26.83730 26.84400 26.85240 26.86280 26.87610 26.89360 26.91660 26.94570 26.97950 27.01570 27.05300 27.09020 27.12750 27.16480 27.20100 27.23440 27.26260 27.28410 27.29860 27.30770 27.31360 27.31860 27.32460 27.33270 27.34360 27.35710 27.37240 27.38810 27.40340 27.41810 27.43050 27.43880 27.44300 27.44350 27.44020 27.43290 27.42150 27.40630 27.38800 27.36740 27.34510 27.32180 27.29850 27.27550 27.25290
26.70570 26.72260 26.73880 26.75390 26.76780 26.78040 26.79160 26.80130 26.80990 26.81730 26.82320 26.82840 26.83380 26.83930 26.84470 26.85030 26.85610 26.86130 26.86600 26.87140 26.87820 26.88640 26.89730 26.91290 26.93470 26.96340 26.99710 27.03350 27.07050 27.10720 27.14410 27.18110 27.21720 27.25050 27.27850 27.29990 27.31450 27.32370 27.32980 27.33500 27.34150 27.35030 27.36190 27.37640 27.39290 27.40970 27.42610 27.44150 27.45440 27.46280 27.46690 27.46700 27.46310 27.45500 27.44270 27.42630 27.40690 27.38500 27.36160 27.33750 27.31370 27.29040 27.26780
26.73500 26.75260 26.76940 26.78510 26.79950 26.81260 26.82410 26.83420 26.84300 26.85040 26.85660 26.86200 26.86740 26.87300 26.87850 26.88370 26.88850 26.89250 26.89580 26.89940 26.90410 26.91030 26.91960 26.93410 26.95530 26.98350 27.01670 27.05230 27.08840 27.12410 27.16030 27.19690 27.23270 27.26570 27.29330 27.31450 27.32910 27.33830 27.34440 27.34990 27.35670 27.36600 27.37830 27.39340 27.41050 27.42820 27.44550 27.46160 27.47500 27.48380 27.48790 27.48790 27.48360 27.47490 27.46180 27.44450 27.42410 27.40140 27.37710 27.35230 27.32800 27.30470 27.28260
26.76920 26.78790 26.80560 26.82200 26.83710 26.85090 26.86290 26.87330 26.88220 26.88960 26.89580 26.90110 26.90620 26.91130 26.91620 26.92050 26.92380 26.92590 26.92730 26.92880 26.93140 26.93610 26.94450 26.95850 26.97920 27.00650 27.03840 27.07220 27.10660 27.14110 27.17650 27.21250 27.24770 27.28020 27.30730 27.32810 27.34240 27.35160 27.35760 27.36320 27.37040 27.38010 27.39260 27.40790 27.42530 27.44360 27.46170 27.47860 27.49250 27.50180 27.50630 27.50640 27.50190 27.49270 27.47890 27.46090 27.43980 27.41630 27.39130 27.36580 27.34110 27.31790 27.29660
26.80260 26.82300 26.84190 26.85940 26.87560 26.89030 26.90330 26.91440 26.92400 26.93210 26.93860 26.94410 26.94900 26.95350 26.95730 26.96010 26.96140 26.96130 26.96060 26.96030 26.96150 26.96540 26.97350 26.98720 27.00690 27.03250 27.06200 27.09330 27.12550 27.15850 27.19290 27.22820 27.26270 27.29430 27.32050 27.34060 27.35450 27.36350 27.36950 27.37510 27.38260 27.39240 27.40490 27.42010 27.43760 27.45630 27.47510 27.49280 27.50740 27.51720 27.52210 27.52230 27.51770 27.50810 27.49390 27.47540 27.45360 27.42930 27.40340 27.37720 27.35230 27.32940 27.30870
26.83140 26.85410 26.87500 26.89400 26.91160 26.92770 26.94200 26.95440 26.96530 26.97450 26.98210 26.98830 26.99340 26.99750 27.00040 27.00160 27.00110 26.99900 26.99640 26.99450 26.99480 26.99840 27.00630 27.01930 27.03770 27.06080 27.08730 27.11550 27.14510 27.17630 27.20960 27.24420 27.27780 27.30810 27.33310 27.35220 27.36540 27.37400 27.37980 27.38550 27.39310 27.40290 27.41520 27.43010 27.44740 27.46650 27.48600 27.50450 27.51990 27.53040 27.53570 27.53610 27.53140 27.52160 27.50710 27.48830 27.46580 27.44050 27.41360 27.38680 27.36200 27.33960 27.31970
26.85310 26.87890 26.90250 26.92380 26.94330 26.96100 26.97690 26.99100 27.00330 27.01410 27.02320 27.03070 27.03670 27.04110 27.04370 27.04430 27.04270 27.03940 27.03540 27.03230 27.03170 27.03460 27.04180 27.05380 27.07030 27.09080 27.11390 27.13870 27.16550 27.19480 27.22690 27.26050 27.29290 27.32170 27.34520 27.36280 27.37500 27.38290 27.38850 27.39430 27.40190 27.41170 27.42370 27.43810 27.45490 27.47410 27.49440 27.51380 27.53010 27.54160 27.54760 27.54810 27.54340 27.53360 27.51900 27.49990 27.47660 27.45030 27.42260 27.39550 27.37090 27.34930 27.33030
26.86850 26.89800 26.92490 26.94890 26.97040 26.98990 27.00750 27.02340 27.03750 27.05000 27.06090 27.07000 27.07740 27.08280 27.08610 27.08700 27.08550 27.08190 27.07730 27.07340 27.07190 27.07370 27.07970 27.09000 27.10420 27.12180 27.14150 27.16300 27.18710 27.21470 27.24540 27.27770 27.30840 27.33520 27.35680 27.37280 27.38350 27.39040 27.39570 27.40140 27.40910 27.41870 27.43040 27.44410 27.46040 27.47960 27.50040 27.52060 27.53790 27.55040 27.55730 27.55820 27.55370 27.54420 27.52960 27.51010 27.48620 27.45900 27.43070 27.40350 27.37940 27.35860 27.34060
26.87890 26.91230 26.94270 26.96950 26.99330 27.01440 27.03370 27.05140 27.06740 27.08190 27.09470 27.10570 27.11480 27.12170 27.12640 27.12860 27.12820 27.12540 27.12120 27.11720 27.11490 27.11540 27.11960 27.12780 27.13940 27.15350 27.16980 27.18850 27.21070 27.23670 27.26590 27.29630 27.32470 27.34890 27.36830 27.38220 27.39110 27.39660 27.40140 27.40700 27.41470 27.42420 27.43530 27.44850 27.46430 27.48330 27.50430 27.52510 27.54350 27.55700 27.56480 27.56640 27.56240 27.55330 27.53890 27.51920 27.49470 27.46700 27.43830 27.41110 27.38760 27.36760 27.35020
26.88540 26.92260 26.95620 26.98590 27.01170 27.03440 27.05500 27.07430 27.09220 27.10880 27.12390 27.13710 27.14820 27.15710 27.16370 27.16770 27.16890 27.16780 27.16510 27.16200 27.15970 27.15920 27.16140 27.16700 27.17560 27.18630 27.19950 27.21600 27.23650 27.26100 27.28840 27.31630 27.34180 27.36300 27.37960 27.39110 27.39760 27.40150 27.40560 27.41130 27.41890 27.42810 27.43870 27.45150 27.46720 27.48620 27.50750 27.52920 27.54850 27.56300 27.57160 27.57370 27.57030 27.56180 27.54770 27.52790 27.50320 27.47520 27.44630 27.41910 27.39590 27.37650 27.35960
26.88880 26.92960 26.96600 26.99810 27.02580 27.04990 27.07160 27.09190 27.11140 27.13010 27.14780 27.16370 27.17710 27.18820 27.19690 27.20290 27.20610 27.20720 27.20700 27.20590 27.20450 27.20370 27.20420 27.20730 27.21280 27.22070 27.23160 27.24610 27.26490 27.28760 27.31260 27.33750 27.35950 27.37740 27.39070 27.39920 27.40310 27.40520 27.40870 27.41420 27.42170 27.43060 27.44090 27.45370 27.46960 27.48900 27.51100 27.53360 27.55410 27.56950 27.57870 27.58120 27.57810 27.57030 27.55670 27.53710 27.51250 27.48440 27.45520 27.42770 27.40460 27.38550 27.36870
26.88930 26.93400 26.97320 27.00720 27.03640 27.06170 27.08430 27.10530 27.12590 27.14630 27.16620 27.18470 27.20070 27.21420 27.22530 27.23360 27.23890 27.24240 27.24480 27.24600 27.24640 27.24630 27.24640 27.24780 27.25110 27.25690 27.26590 27.27870 27.29550 27.31600 27.33790 27.35900 27.37710 27.39110 27.40080 27.40600 27.40740 27.40800 27.41090 27.41610 27.42320 27.43190 27.44230 27.45530 27.47160 27.49140 27.51390 27.53730 27.55880 27.57540 27.58540 27.58860 27.58600 27.57830 27.56520 27.54640 27.52240 27.49440 27.46490 27.43700 27.41360 27.39430 27.37760
26.88830 26.93680 26.97880 27.01410 27.04430 27.07070 27.09390 27.11530 27.13650 27.15790 27.17950 27.20020 27.21880 27.23490 27.24850 27.25920 27.26700 27.27280 27.27730 27.28080 27.28320 27.28480 27.28580 27.28700 27.28920 27.29380 27.30130 27.31230 27.32700 27.34450 27.36270 27.37940 27.39320 27.40330 27.40930 27.41150 27.41110 27.41060 27.41270 27.41730 27.42400 27.43260 27.44330 27.45680 27.47350 27.49340 27.51600 27.54000 27.56240 27.58030 27.59170 27.59600 27.59390 27.58620 27.57350 27.55580 27.53260 27.50500 27.47550 27.44720 27.42310 27.40320 27.38630
26.88820 26.93950 26.98350 27.02000 27.05090 27.07790 27.10150 27.12300 27.14410 27.16600 27.18870 27.21130 27.23210 27.25080 27.26700 27.28020 27.29030 27.29810 27.30440 27.30980 27.31430 27.31780 27.32050 27.32240 27.32460 27.32840 27.33460 27.34370 27.35580 27.37000 27.38420 27.39660 27.40640 27.41310 27.41620 27.41640 27.41470 27.41340 27.41480 27.41890 27.42530 27.43380 27.44460 27.45840 27.47540 27.49570 27.51860 27.54290 27.56610 27.58540 27.59830 27.60340 27.60200 27.59530 27.58310 27.56540 27.54310 27.51700 27.48790 27.45880 27.43370 27.41300 27.39570
26.89080 26.94340 26.98850 27.02560 27.05700 27.08430 27.10780 27.12890 27.14960 27.17130 27.19470 27.21860 27.24140 27.26250 27.28140 27.29720 27.30950 27.31920 27.32720 27.33410 27.34020 27.34560 27.35000 27.35310 27.35580 27.35900 27.36380 27.37100 27.38030 27.39080 27.40100 27.40970 27.41650 27.42070 27.42210 27.42100 27.41840 27.41650 27.41730 27.42090 27.42720 27.43570 27.44650 27.46030 27.47760 27.49830 27.52170 27.54630 27.57020 27.59080 27.60490 27.61080 27.61050 27.60570 27.59440 27.57640 27.55480 27.53040 27.50180 27.47180 27.44540 27.42370 27.40580
26.89740 26.94980 26.99470 27.03220 27.06370 27.09070 27.11360 27.13380 27.15340 27.17420 27.19750 27.22230 27.24690 27.27040 27.29220 27.31100 27.32590 27.33780 27.34750 27.35570 27.36310 27.36970 27.37530 27.37930 27.38220 27.38500 27.38850 27.39360 27.39990 27.40680 27.41370 27.41980 27.42460 27.42740 27.42750 27.42540 27.42210 27.41950 27.41970 27.42290 27.42910 27.43770 27.44850 27.46260 27.48020 27.50120 27.52470 27.54980 27.57430 27.59570 27.61100 27.61850 27.61990 27.61640 27.60660 27.59030 27.56950 27.54500 27.51600 27.48530 27.45770 27.43470 27.41650
