data_raster/melanesia/PNMC_temperatures_2021/202104.grd
DSAA																																																																																																																																																																																																																																																																																																																																																																																																																											
412	268																																																																																																																																																																																																																																																																																																																																																																																																																										
156	174.5																																																																																																																																																																																																																																																																																																																																																																																																																										
-26.5	-14.5																																																																																																																																																																																																																																																																																																																																																																																																																										
19.0 30.5																																																																																																																																																																																																																																																																																																																																																																																																																										
[rows 168 to 195 of 268, columns 315 to 377 of 412]
28.36430 28.38700 28.40630 28.42200 28.43400 28.44210 28.44680 28.45010 28.45470 28.46080 28.46810 28.47830 28.49240 28.50830 28.52500 28.54390 28.56600 28.59120 28.61770 28.64290 28.66510 28.68340 28.69910 28.71320 28.72540 28.73550 28.74490 28.75420 28.76230 28.76860 28.77290 28.77500 28.77520 28.77360 28.77070 28.76650 28.76100 28.75440 28.74700 28.73900 28.73050 28.72120 28.71140 28.70150 28.69180 28.68200 28.67220 28.66260 28.65350 28.64530 28.63740 28.62960 28.62180 28.61420 28.60730 28.60070 28.59340 28.58540 28.57710 28.56910 28.56180 28.55500 28.54820
28.36780 28.39390 28.41600 28.43320 28.44540 28.45300 28.45660 28.45880 28.46280 28.46860 28.47570 28.48570 28.49970 28.51520 28.53110 28.55000 28.57270 28.59800 28.62410 28.64870 28.67020 28.68790 28.70310 28.71730 28.72960 28.73970 28.74950 28.75940 28.76810 28.77470 28.77900 28.78090 28.78050 28.77820 28.77470 28.77000 28.76400 28.75680 28.74870 28.73990 28.73040 28.72000 28.70920 28.69860 28.68830 28.67810 28.66780 28.65780 28.64830 28.63960 28.63140 28.62330 28.61540 28.60740 28.59930 28.59070 28.58110 28.57110 28.56150 28.55260 28.54380 28.53480 28.52510
28.37300 28.40160 28.42590 28.44440 28.45680 28.46370 28.46670 28.46850 28.47180 28.47710 28.48410 28.49380 28.50680 28.52140 28.53700 28.55610 28.57900 28.60420 28.62960 28.65310 28.67350 28.69040 28.70510 28.71880 28.73090 28.74140 28.75200 28.76310 28.77290 28.78020 28.78490 28.78670 28.78570 28.78280 28.77880 28.77370 28.76720 28.75940 28.75040 28.74080 28.73060 28.71940 28.70770 28.69620 28.68530 28.67460 28.66400 28.65350 28.64330 28.63400 28.62500 28.61620 28.60800 28.59990 28.59000 28.57790 28.56480 28.55230 28.54190 28.53220 28.52130 28.50870 28.49490
28.38490 28.41500 28.44020 28.45930 28.47150 28.47760 28.48000 28.48140 28.48380 28.48830 28.49510 28.50430 28.51550 28.52840 28.54340 28.56230 28.58520 28.61030 28.63500 28.65700 28.67570 28.69200 28.70630 28.71900 28.73070 28.74220 28.75420 28.76640 28.77680 28.78430 28.78880 28.79000 28.78840 28.78460 28.77940 28.77310 28.76590 28.75750 28.74790 28.73770 28.72720 28.71580 28.70370 28.69180 28.68050 28.66940 28.65850 28.64770 28.63730 28.62740 28.61790 28.60830 28.59860 28.58830 28.57610 28.56180 28.54620 28.53060 28.51640 28.50290 28.48870 28.47310 28.45640
28.40380 28.43460 28.45980 28.47880 28.49060 28.49610 28.49790 28.49830 28.49950 28.50280 28.50890 28.51680 28.52560 28.53630 28.55000 28.56840 28.59140 28.61650 28.64090 28.66120 28.67810 28.69370 28.70770 28.71950 28.73100 28.74370 28.75680 28.76930 28.77930 28.78600 28.78930 28.78940 28.78670 28.78160 28.77450 28.76650 28.75810 28.74920 28.73950 28.72940 28.71900 28.70780 28.69590 28.68430 28.67290 28.66160 28.65030 28.63950 28.62900 28.61870 28.60850 28.59770 28.58510 28.57080 28.55640 28.54160 28.52490 28.50600 28.48600 28.46680 28.44990 28.43380 28.41790
28.42350 28.45570 28.48140 28.50040 28.51250 28.51830 28.51950 28.51850 28.51810 28.51960 28.52380 28.52910 28.53480 28.54290 28.55540 28.57400 28.59780 28.62320 28.64670 28.66600 28.68200 28.69670 28.71000 28.72170 28.73340 28.74640 28.75930 28.77080 28.77940 28.78450 28.78600 28.78440 28.78030 28.77380 28.76510 28.75540 28.74600 28.73690 28.72770 28.71810 28.70790 28.69710 28.68590 28.67460 28.66330 28.65190 28.64040 28.62890 28.61740 28.60570 28.59340 28.58010 28.56480 28.54820 28.53210 28.51600 28.49790 28.47750 28.45580 28.43600 28.42080 28.40840 28.39760
28.43970 28.47460 28.50210 28.52240 28.53570 28.54250 28.54360 28.54120 28.53860 28.53740 28.53840 28.54040 28.54290 28.54860 28.56020 28.57960 28.60500 28.63040 28.65290 28.67160 28.68730 28.70120 28.71390 28.72590 28.73790 28.75010 28.76150 28.77110 28.77770 28.78070 28.78030 28.77690 28.77110 28.76320 28.75340 28.74280 28.73250 28.72300 28.71430 28.70500 28.69470 28.68410 28.67340 28.66210 28.65050 28.63900 28.62720 28.61460 28.60140 28.58760 28.57270 28.55650 28.54010 28.52370 28.50710 28.48960 28.47100 28.45210 28.43430 28.41980 28.41020 28.40410 28.40050
28.45020 28.48900 28.52010 28.54330 28.55880 28.56720 28.56900 28.56590 28.56020 28.55480 28.55220 28.55130 28.55160 28.55590 28.56690 28.58690 28.61330 28.63870 28.65990 28.67780 28.69330 28.70720 28.71990 28.73140 28.74260 28.75370 28.76360 28.77110 28.77570 28.77700 28.77510 28.77020 28.76290 28.75370 28.74320 28.73190 28.72040 28.70990 28.70050 28.69060 28.67950 28.66810 28.65680 28.64500 28.63280 28.62050 28.60780 28.59440 28.58010 28.56500 28.54920 28.53310 28.51760 28.50290 28.48750 28.47150 28.45630 28.44290 28.43190 28.42410 28.41970 28.41830 28.41910
28.45750 28.50020 28.53570 28.56280 28.58120 28.59130 28.59430 28.59090 28.58230 28.57280 28.56670 28.56350 28.56250 28.56590 28.57620 28.59580 28.62210 28.64690 28.66740 28.68450 28.69970 28.71420 28.72730 28.73800 28.74790 28.75760 28.76580 28.77140 28.77400 28.77370 28.77060 28.76500 28.75670 28.74650 28.73540 28.72340 28.71070 28.69860 28.68760 28.67620 28.66380 28.65120 28.63870 28.62620 28.61350 28.60030 28.58670 28.57270 28.55830 28.54340 28.52900 28.51550 28.50290 28.49070 28.47830 28.46660 28.45730 28.45080 28.44630 28.44360 28.44260 28.44310 28.44510
28.46600 28.51140 28.55030 28.58100 28.60240 28.61450 28.61820 28.61440 28.60440 28.59280 28.58430 28.57900 28.57670 28.57890 28.58780 28.60570 28.63020 28.65410 28.67440 28.69160 28.70690 28.72170 28.73510 28.74590 28.75480 28.76250 28.76840 28.77200 28.77270 28.77050 28.76630 28.76010 28.75180 28.74140 28.72950 28.71640 28.70280 28.68950 28.67690 28.66390 28.65020 28.63680 28.62380 28.61130 28.59870 28.58540 28.57150 28.55740 28.54350 28.53030 28.51860 28.50890 28.50000 28.49130 28.48310 28.47620 28.47190 28.46980 28.46840 28.46780 28.46810 28.46910 28.47080
28.47600 28.52310 28.56460 28.59820 28.62220 28.63610 28.64050 28.63690 28.62700 28.61500 28.60490 28.59760 28.59380 28.59470 28.60200 28.61740 28.63920 28.66190 28.68240 28.70010 28.71580 28.73060 28.74390 28.75470 28.76280 28.76840 28.77200 28.77340 28.77210 28.76830 28.76290 28.75620 28.74800 28.73800 28.72580 28.71220 28.69820 28.68430 28.67050 28.65640 28.64190 28.62830 28.61570 28.60350 28.59120 28.57840 28.56490 28.55130 28.53860 28.52770 28.51940 28.51330 28.50790 28.50280 28.49840 28.49540 28.49380 28.49320 28.49260 28.49230 28.49280 28.49400 28.49550
28.48610 28.53520 28.57900 28.61500 28.64070 28.65570 28.66140 28.65910 28.65030 28.63850 28.62750 28.61850 28.61300 28.61250 28.61860 28.63180 28.65070 28.67200 28.69270 28.71100 28.72700 28.74160 28.75420 28.76380 28.77070 28.77520 28.77700 28.77610 28.77300 28.76810 28.76170 28.75400 28.74560 28.73590 28.72450 28.71180 28.69830 28.68420 28.66990 28.65530 28.64100 28.62790 28.61610 28.60410 28.59180 28.57950 28.56710 28.55470 28.54360 28.53520 28.52960 28.52610 28.52350 28.52100 28.51900 28.51760 28.51650 28.51580 28.51550 28.51580 28.51660 28.51820 28.52050
28.49740 28.54820 28.59410 28.63160 28.65830 28.67420 28.68120 28.68070 28.67370 28.66310 28.65190 28.64170 28.63410 28.63180 28.63640 28.64740 28.66360 28.68340 28.70400 28.72260 28.73880 28.75320 28.76490 28.77280 28.77820 28.78190 28.78260 28.78010 28.77550 28.76950 28.76190 28.75330 28.74420 28.73460 28.72430 28.71300 28.70060 28.68710 28.67290 28.65860 28.64490 28.63270 28.62160 28.61020 28.59840 28.58680 28.57540 28.56420 28.55480 28.54840 28.54470 28.54300 28.54220 28.54150 28.54070 28.53980 28.53880 28.53820 28.53850 28.53950 28.54080 28.54290 28.54630
28.51100 28.56300 28.60980 28.64820 28.67560 28.69230 28.70060 28.70170 28.69690 28.68820 28.67790 28.66700 28.65720 28.65220 28.65440 28.66300 28.67690 28.69510 28.71490 28.73330 28.74950 28.76380 28.77480 28.78140 28.78530 28.78780 28.78780 28.78490 28.77940 28.77190 28.76320 28.75370 28.74410 28.73430 28.72430 28.71400 28.70290 28.69070 28.67720 28.66360 28.65080 28.63930 28.62880 28.61850 28.60820 28.59740 28.58680 28.57690 28.56890 28.56370 28.56110 28.56070 28.56110 28.56150 28.56150 28.56110 28.56130 28.56210 28.56340 28.56500 28.56690 28.56970 28.57370
28.52640 28.57930 28.62650 28.66510 28.69290 28.71050 28.72010 28.72310 28.72030 28.71350 28.70470 28.69370 28.68160 28.67390 28.67390 28.68030 28.69200 28.70810 28.72650 28.74420 28.76000 28.77370 28.78370 28.78910 28.79180 28.79310 28.79250 28.78940 28.78350 28.77540 28.76610 28.75640 28.74640 28.73640 28.72630 28.71620 28.70590 28.69470 28.68230 28.66990 28.65820 28.64720 28.63720 28.62790 28.61890 28.60940 28.59990 28.59130 28.58480 28.58090 28.57960 28.58030 28.58170 28.58290 28.58350 28.58400 28.58560 28.58810 28.59070 28.59330 28.59620 28.59990 28.60440
28.54320 28.59660 28.64400 28.68250 28.71040 28.72880 28.74030 28.74540 28.74410 28.73880 28.73170 28.72100 28.70700 28.69700 28.69550 28.70030 28.70970 28.72320 28.73940 28.75570 28.77060 28.78300 28.79150 28.79560 28.79720 28.79780 28.79660 28.79290 28.78710 28.77950 28.77080 28.76140 28.75170 28.74170 28.73150 28.72110 28.71070 28.70000 28.68880 28.67760 28.66660 28.65630 28.64670 28.63800 28.62970 28.62160 28.61400 28.60730 28.60260 28.60060 28.60100 28.60310 28.60530 28.60710 28.60860 28.61030 28.61300 28.61650 28.62050 28.62460 28.62880 28.63360 28.63940
28.56120 28.61470 28.66200 28.70030 28.72860 28.74790 28.76070 28.76740 28.76770 28.76400 28.75870 28.74870 28.73350 28.72180 28.71900 28.72210 28.72910 28.73980 28.75320 28.76760 28.78090 28.79130 28.79790 28.80070 28.80140 28.80120 28.79940 28.79560 28.79000 28.78310 28.77530 28.76700 28.75830 28.74920 28.73940 28.72910 28.71860 28.70800 28.69740 28.68660 28.67600 28.66620 28.65730 28.64920 28.64180 28.63540 28.62980 28.62530 28.62290 28.62320 28.62550 28.62850 28.63130 28.63360 28.63620 28.63940 28.64330 28.64780 28.65270 28.65790 28.66340 28.66980 28.67730
28.58030 28.63330 28.68030 28.71860 28.74740 28.76760 28.78120 28.78880 28.79080 28.78920 28.78550 28.77630 28.76100 28.74850 28.74430 28.74540 28.75010 28.75790 28.76810 28.77980 28.79070 28.79870 28.80330 28.80490 28.80460 28.80340 28.80110 28.79750 28.79210 28.78540 28.77850 28.77180 28.76480 28.75720 28.74840 28.73870 28.72860 28.71830 28.70780 28.69700 28.68630 28.67690 28.66900 28.66210 28.65620 28.65140 28.64780 28.64560 28.64570 28.64840 28.65220 28.65570 28.65880 28.66180 28.66550 28.67010 28.67540 28.68100 28.68650 28.69220 28.69890 28.70690 28.71620
28.60020 28.65290 28.69970 28.73780 28.76680 28.78750 28.80160 28.81020 28.81430 28.81480 28.81180 28.80330 28.78920 28.77720 28.77190 28.77130 28.77370 28.77850 28.78520 28.79310 28.80060 28.80580 28.80840 28.80880 28.80750 28.80530 28.80230 28.79860 28.79340 28.78700 28.78080 28.77520 28.76960 28.76340 28.75580 28.74710 28.73790 28.72830 28.71830 28.70790 28.69770 28.68900 28.68210 28.67660 28.67260 28.66980 28.66840 28.66830 28.67030 28.67470 28.67950 28.68340 28.68700 28.69070 28.69530 28.70110 28.70760 28.71420 28.72020 28.72650 28.73430 28.74360 28.75410
28.62090 28.67330 28.71990 28.75780 28.78670 28.80760 28.82210 28.83190 28.83820 28.84050 28.83770 28.82970 28.81810 28.80760 28.80150 28.79890 28.79910 28.80110 28.80420 28.80760 28.81080 28.81290 28.81360 28.81280 28.81070 28.80740 28.80360 28.79950 28.79430 28.78810 28.78210 28.77690 28.77210 28.76680 28.76020 28.75270 28.74470 28.73630 28.72740 28.71800 28.70880 28.70110 28.69540 28.69160 28.68950 28.68890 28.68960 28.69130 28.69470 28.69980 28.70520 28.70980 28.71390 28.71840 28.72390 28.73060 28.73780 28.74500 28.75180 28.75910 28.76810 28.77830 28.78940
28.64200 28.69410 28.74050 28.77850 28.80760 28.82870 28.84330 28.85370 28.86190 28.86580 28.86310 28.85610 28.84790 28.83930 28.83150 28.82650 28.82470 28.82440 28.82410 28.82270 28.82070 28.81950 28.81870 28.81730 28.81440 28.81010 28.80540 28.80080 28.79510 28.78850 28.78240 28.77710 28.77250 28.76760 28.76170 28.75520 28.74850 28.74140 28.73360 28.72540 28.71750 28.71100 28.70660 28.70450 28.70440 28.70580 28.70820 28.71150 28.71590 28.72150 28.72720 28.73240 28.73730 28.74240 28.74860 28.75590 28.76350 28.77130 28.77940 28.78830 28.79820 28.80910 28.82090
28.66400 28.71570 28.76200 28.80010 28.82940 28.85060 28.86540 28.87630 28.88560 28.89060 28.88840 28.88330 28.87870 28.87150 28.86130 28.85360 28.85000 28.84780 28.84460 28.83830 28.83120 28.82650 28.82400 28.82210 28.81890 28.81360 28.80810 28.80290 28.79660 28.78930 28.78240 28.77660 28.77150 28.76640 28.76060 28.75470 28.74920 28.74340 28.73670 28.72960 28.72300 28.71780 28.71480 28.71430 28.71590 28.71880 28.72270 28.72720 28.73230 28.73800 28.74410 28.75020 28.75590 28.76170 28.76840 28.77610 28.78410 28.79270 28.80240 28.81280 28.82350 28.83500 28.84720
28.68760 28.73920 28.78520 28.82310 28.85200 28.87290 28.88830 28.90020 28.90980 28.91510 28.91430 28.91180 28.91010 28.90360 28.89090 28.88030 28.87490 28.87100 28.86520 28.85500 28.84320 28.83490 28.83020 28.82730 28.82370 28.81820 28.81230 28.80660 28.79980 28.79170 28.78370 28.77660 28.77030 28.76430 28.75790 28.75200 28.74720 28.74230 28.73660 28.73070 28.72540 28.72150 28.71980 28.72060 28.72360 28.72780 28.73270 28.73790 28.74330 28.74900 28.75550 28.76280 28.76970 28.77600 28.78300 28.79090 28.79980 28.80960 28.82050 28.83190 28.84330 28.85500 28.86720
28.71310 28.76490 28.81060 28.84770 28.87570 28.89610 28.91210 28.92500 28.93460 28.94020 28.94150 28.94190 28.94220 28.93520 28.91970 28.90610 28.89870 28.89320 28.88520 28.87180 28.85640 28.84500 28.83800 28.83370 28.82950 28.82400 28.81820 28.81220 28.80480 28.79600 28.78690 28.77820 28.77040 28.76310 28.75550 28.74860 28.74340 28.73870 28.73390 28.72920 28.72540 28.72300 28.72260 28.72450 28.72840 28.73340 28.73880 28.74430 28.74970 28.75530 28.76220 28.77060 28.77850 28.78540 28.79280 28.80120 28.81100 28.82190 28.83350 28.84550 28.85750 28.86930 28.88110
28.74040 28.79260 28.83800 28.87400 28.90090 28.92090 28.93700 28.95020 28.96010 28.96670 28.97070 28.97360 28.97450 28.96590 28.94710 28.93040 28.92080 28.91350 28.90380 28.88790 28.87000 28.85680 28.84810 28.84200 28.83690 28.83170 28.82600 28.81970 28.81170 28.80230 28.79220 28.78240 28.77330 28.76440 28.75510 28.74640 28.73940 28.73390 28.72940 28.72590 28.72370 28.72310 28.72420 28.72700 28.73130 28.73650 28.74220 28.74760 28.75280 28.75850 28.76560 28.77430 28.78270 28.79040 28.79860 28.80790 28.81840 28.82970 28.84180 28.85410 28.86640 28.87850 28.89020
28.76940 28.82210 28.86680 28.90150 28.92750 28.94710 28.96280 28.97600 28.98680 28.99540 29.00150 29.00550 29.00550 28.99430 28.97220 28.95260 28.94080 28.93180 28.92030 28.90300 28.88400 28.87000 28.86050 28.85300 28.84690 28.84150 28.83580 28.82890 28.82030 28.81030 28.79970 28.78900 28.77870 28.76840 28.75730 28.74670 28.73760 28.73060 28.72550 28.72240 28.72120 28.72190 28.72420 28.72770 28.73220 28.73760 28.74320 28.74860 28.75380 28.75940 28.76630 28.77480 28.78350 28.79200 28.80120 28.81150 28.82250 28.83420 28.84670 28.85940 28.87210 28.88460 28.89680
28.80030 28.85270 28.89650 28.92990 28.95510 28.97440 28.98970 29.00280 29.01550 29.02620 29.03300 29.03600 29.03380 29.01960 28.99440 28.97220 28.95850 28.94760 28.93470 28.91680 28.89800 28.88440 28.87490 28.86690 28.86000 28.85380 28.84740 28.83970 28.83050 28.82000 28.80880 28.79740 28.78610 28.77460 28.76230 28.75030 28.73970 28.73100 28.72440 28.72040 28.71890 28.71970 28.72240 28.72630 28.73110 28.73660 28.74240 28.74800 28.75340 28.75880 28.76520 28.77320 28.78210 28.79130 28.80140 28.81240 28.82410 28.83650 28.84960 28.86300 28.87630 28.88950 28.90270
28.83250 28.88410 28.92680 28.95900 28.98330 29.00220 29.01740 29.03130 29.04590 29.05780 29.06340 29.06350 29.05820 29.04140 29.01410 28.98990 28.97390 28.96090 28.94660 28.92910 28.91170 28.89950 28.89090 28.88310 28.87560 28.86840 28.86080 28.85220 28.84220 28.83110 28.81930 28.80730 28.79530 28.78300 28.77000 28.75710 28.74540 28.73510 28.72660 28.72080 28.71810 28.71790 28.71980 28.72350 28.72840 28.73400 28.74000 28.74600 28.75170 28.75700 28.76310 28.77070 28.77950 28.78910 28.79980 28.81160 28.82410 28.83740 28.85120 28.86520 28.87930 28.89360 28.90780
