data_raster/melanesia/PNMC_temperatures_2021/202111.grd
DSAA																																																																																																																																																																																																																																																																																																																																																																																																																											
412	268																																																																																																																																																																																																																																																																																																																																																																																																																										
156	174.5																																																																																																																																																																																																																																																																																																																																																																																																																										
-26.5	-14.5																																																																																																																																																																																																																																																																																																																																																																																																																										
19.0 30.5																																																																																																																																																																																																																																																																																																																																																																																																																										
[rows 224 to 251 of 268, columns 0 to 62 of 412]
28.37820 28.37360 28.36930 28.36500 28.35920 28.35160 28.34380 28.33660 28.32970 28.32330 28.31870 28.31990 28.33170 28.35120 28.37310 28.39200 28.40350 28.40640 28.40130 28.39130 28.37840 28.36380 28.34900 28.33590 28.32310 28.30750 28.28260 28.24410 28.19750 28.14970 28.10770 28.07550 28.05410 28.04140 28.03330 28.02640 28.01810 28.00920 28.00180 27.99900 28.00340 28.01630 28.03770 28.06620 28.09700 28.12190 28.13790 28.14700 28.15410 28.16540 28.18590 28.21930 28.26500 28.32060 28.38190 28.44360 28.49980 28.54510 28.57460 28.58760 28.58670 28.57490 28.55650
28.39620 28.39310 28.39010 28.38690 28.38130 28.37250 28.36320 28.35440 28.34570 28.33740 28.33090 28.33070 28.34110 28.35960 28.38050 28.39850 28.40960 28.41280 28.40870 28.39910 28.38620 28.37150 28.35730 28.34490 28.33300 28.31800 28.29400 28.25720 28.21200 28.16480 28.12260 28.09000 28.06790 28.05450 28.04580 28.03890 28.03180 28.02380 28.01570 28.01080 28.01250 28.02210 28.04010 28.06640 28.09700 28.12280 28.13970 28.14820 28.15280 28.16020 28.17540 28.20220 28.24210 28.29420 28.35440 28.41760 28.47810 28.53000 28.56760 28.58880 28.59460 28.58710 28.56940
28.41120 28.41030 28.40880 28.40600 28.39990 28.39040 28.38010 28.37050 28.36140 28.35290 28.34560 28.34420 28.35420 28.37200 28.39150 28.40840 28.41940 28.42290 28.41870 28.40870 28.39540 28.38090 28.36700 28.35460 28.34220 28.32680 28.30330 28.26820 28.22440 28.17740 28.13500 28.10220 28.07980 28.06600 28.05670 28.04950 28.04320 28.03640 28.02850 28.02250 28.02200 28.02860 28.04350 28.06770 28.09750 28.12400 28.14190 28.15010 28.15260 28.15650 28.16670 28.18740 28.22130 28.26920 28.32710 28.39020 28.45380 28.51210 28.55740 28.58690 28.60050 28.59850 28.58260
28.42320 28.42270 28.42180 28.41960 28.41390 28.40440 28.39430 28.38540 28.37780 28.37110 28.36490 28.36340 28.37190 28.38760 28.40570 28.42240 28.43450 28.43890 28.43480 28.42460 28.41090 28.39570 28.38080 28.36700 28.35300 28.33610 28.31190 28.27730 28.23460 28.18850 28.14650 28.11390 28.09170 28.07780 28.06760 28.05950 28.05330 28.04730 28.03990 28.03350 28.03110 28.03470 28.04630 28.06830 28.09770 28.12490 28.14390 28.15270 28.15440 28.15500 28.16020 28.17520 28.20370 28.24690 28.30160 28.36360 28.42910 28.49210 28.54430 28.58160 28.60330 28.60810 28.59630
28.43260 28.43150 28.43060 28.42950 28.42520 28.41710 28.40840 28.40130 28.39600 28.39190 28.38790 28.38690 28.39280 28.40520 28.42140 28.43840 28.45200 28.45790 28.45410 28.44410 28.43050 28.41490 28.39880 28.38320 28.36700 28.34780 28.32210 28.28710 28.24500 28.20000 28.15860 28.12580 28.10340 28.08940 28.07830 28.06890 28.06230 28.05670 28.05010 28.04380 28.03990 28.04060 28.04860 28.06820 28.09690 28.12470 28.14510 28.15560 28.15770 28.15570 28.15640 28.16660 28.19030 28.22890 28.27970 28.33940 28.40510 28.47100 28.52870 28.57340 28.60300 28.61540 28.61000
28.44030 28.43880 28.43840 28.43890 28.43700 28.43150 28.42500 28.41970 28.41640 28.41440 28.41210 28.41110 28.41420 28.42270 28.43640 28.45260 28.46720 28.47430 28.47150 28.46220 28.44940 28.43480 28.41940 28.40320 28.38510 28.36360 28.33600 28.30050 28.25880 28.21430 28.17260 28.13820 28.11460 28.09990 28.08810 28.07770 28.07040 28.06500 28.05950 28.05380 28.04880 28.04670 28.05130 28.06780 28.09480 28.12310 28.14560 28.15850 28.16170 28.15820 28.15570 28.16230 28.18200 28.21640 28.26270 28.31840 28.38200 28.44900 28.51110 28.56250 28.59990 28.62050 28.62270
28.44770 28.44600 28.44640 28.44920 28.45040 28.44780 28.44360 28.43970 28.43710 28.43570 28.43390 28.43240 28.43260 28.43690 28.44720 28.46160 28.47630 28.48460 28.48370 28.47600 28.46460 28.45200 28.43840 28.42300 28.40450 28.38170 28.35300 28.31760 28.27660 28.23270 28.19000 28.15330 28.12730 28.11090 28.09770 28.08650 28.07860 28.07320 28.06850 28.06340 28.05760 28.05330 28.05470 28.06780 28.09240 28.12070 28.14540 28.16090 28.16570 28.16180 28.15730 28.16130 28.17780 28.20830 28.24970 28.30020 28.36010 28.42610 28.49100 28.54850 28.59380 28.62300 28.63380
28.45610 28.45380 28.45490 28.46050 28.46500 28.46500 28.46240 28.45910 28.45600 28.45320 28.45080 28.44810 28.44520 28.44520 28.45160 28.46330 28.47700 28.48650 28.48840 28.48360 28.47430 28.46360 28.45200 28.43860 28.42160 28.39910 28.37100 28.33740 28.29840 28.25530 28.21200 28.17310 28.14390 28.12410 28.10860 28.09610 28.08780 28.08240 28.07770 28.07260 28.06640 28.06070 28.05910 28.06890 28.09100 28.11880 28.14500 28.16280 28.16950 28.16580 28.16030 28.16270 28.17660 28.20300 28.23940 28.28440 28.33940 28.40260 28.46860 28.53130 28.58430 28.62260 28.64270
28.46550 28.46250 28.46420 28.47220 28.47940 28.48120 28.47940 28.47580 28.47130 28.46690 28.46310 28.45880 28.45270 28.44860 28.45070 28.45880 28.47060 28.48060 28.48500 28.48330 28.47680 28.46830 28.45870 28.44780 28.43320 28.41260 28.38700 28.35740 28.32220 28.28120 28.23770 28.19670 28.16410 28.14080 28.12250 28.10830 28.09900 28.09310 28.08790 28.08240 28.07610 28.06930 28.06530 28.07190 28.09110 28.11750 28.14430 28.16400 28.17280 28.17020 28.16490 28.16670 28.17860 28.20090 28.23210 28.27170 28.32150 28.38090 28.44670 28.51300 28.57260 28.61930 28.64890
28.47500 28.47180 28.47400 28.48320 28.49190 28.49490 28.49310 28.48840 28.48260 28.47680 28.47170 28.46560 28.45680 28.44890 28.44650 28.45070 28.45990 28.46910 28.47450 28.47540 28.47210 28.46610 28.45850 28.44990 28.43800 28.42030 28.39880 28.37530 28.34600 28.30850 28.26560 28.22270 28.18720 28.16080 28.14000 28.12380 28.11280 28.10540 28.09950 28.09370 28.08700 28.07940 28.07370 28.07730 28.09300 28.11720 28.14360 28.16470 28.17570 28.17530 28.17140 28.17380 28.18410 28.20230 28.22820 28.26250 28.30740 28.36310 28.42750 28.49540 28.55940 28.61320 28.65170
28.48300 28.48030 28.48280 28.49240 28.50160 28.50500 28.50330 28.49790 28.49080 28.48360 28.47720 28.46990 28.45910 28.44850 28.44240 28.44280 28.44890 28.45640 28.46180 28.46410 28.46310 28.45920 28.45340 28.44700 28.43780 28.42290 28.40590 28.38950 28.36720 28.33460 28.29380 28.25010 28.21210 28.18260 28.15900 28.14060 28.12780 28.11900 28.11210 28.10570 28.09860 28.09050 28.08370 28.08470 28.09680 28.11810 28.14370 28.16590 28.17920 28.18110 28.17940 28.18360 28.19330 28.20740 28.22780 28.25710 28.29730 28.34910 28.41070 28.47780 28.54410 28.60350 28.65050
28.48880 28.48700 28.48990 28.49900 28.50780 28.51140 28.51000 28.50470 28.49650 28.48770 28.48040 28.47260 28.46140 28.44950 28.44130 28.43860 28.44140 28.44640 28.45080 28.45320 28.45300 28.45010 28.44580 28.44150 28.43460 28.42220 28.40930 28.39940 28.38430 28.35760 28.32040 28.27750 28.23770 28.20500 28.17820 28.15750 28.14320 28.13330 28.12530 28.11790 28.11020 28.10180 28.09430 28.09320 28.10190 28.12030 28.14450 28.16750 28.18320 28.18780 28.18890 28.19570 28.20520 28.21500 28.23010 28.25480 28.29080 28.33820 28.39590 28.46050 28.52710 28.59050 28.64520
28.49320 28.49200 28.49460 28.50250 28.51050 28.51450 28.51380 28.50860 28.49980 28.49000 28.48220 28.47480 28.46450 28.45350 28.44520 28.44080 28.44020 28.44190 28.44400 28.44520 28.44460 28.44200 28.43860 28.43590 28.43090 28.42070 28.41090 28.40580 28.39690 28.37640 28.34370 28.30290 28.26270 28.22780 28.19820 28.17490 28.15880 28.14780 28.13870 28.13010 28.12140 28.11220 28.10420 28.10160 28.10770 28.12340 28.14590 28.16880 28.18660 28.19540 28.20080 28.20920 28.21730 28.22290 28.23310 28.25360 28.28580 28.32940 28.38300 28.44420 28.51000 28.57580 28.63630
28.49660 28.49530 28.49700 28.50310 28.51020 28.51490 28.51480 28.50960 28.50080 28.49100 28.48340 28.47680 28.46850 28.45990 28.45290 28.44800 28.44500 28.44320 28.44210 28.44100 28.43930 28.43660 28.43360 28.43170 28.42810 28.41980 28.41250 28.41050 28.40600 28.39140 28.36380 28.32580 28.28660 28.25080 28.21910 28.19330 28.17510 28.16250 28.15210 28.14230 28.13240 28.12230 28.11350 28.10960 28.11360 28.12700 28.14740 28.16950 28.18910 28.20320 28.21340 28.22200 28.22720 28.22920 28.23560 28.25260 28.28140 28.32170 28.37150 28.42930 28.49320 28.55980 28.62410
28.49910 28.49690 28.49740 28.50180 28.50780 28.51260 28.51290 28.50800 28.49980 28.49090 28.48390 28.47840 28.47250 28.46630 28.46050 28.45580 28.45210 28.44840 28.44440 28.44060 28.43730 28.43390 28.43100 28.42960 28.42700 28.42050 28.41540 28.41580 28.41460 28.40450 28.38150 28.34710 28.30970 28.27400 28.24100 28.21310 28.19270 28.17790 28.16540 28.15430 28.14410 28.13380 28.12380 28.11830 28.12010 28.13080 28.14880 28.17020 28.19160 28.20980 28.22310 28.23090 28.23320 28.23260 28.23680 28.25140 28.27750 28.31450 28.36080 28.41530 28.47670 28.54220 28.60780
28.50070 28.49760 28.49680 28.49960 28.50420 28.50810 28.50830 28.50410 28.49710 28.48970 28.48410 28.48000 28.47600 28.47160 28.46660 28.46240 28.45920 28.45500 28.44900 28.44310 28.43840 28.43430 28.43140 28.42990 28.42800 28.42340 28.42040 28.42240 28.42330 28.41630 28.39720 28.36670 28.33180 28.29710 28.26390 28.23460 28.21180 28.19410 28.17890 28.16640 28.15640 28.14620 28.13540 28.12810 28.12760 28.13520 28.15040 28.17120 28.19390 28.21420 28.22870 28.23550 28.23620 28.23480 28.23830 28.25150 28.27500 28.30850 28.35120 28.40240 28.46080 28.52400 28.58890
28.50150 28.49780 28.49590 28.49690 28.49950 28.50190 28.50180 28.49840 28.49300 28.48760 28.48410 28.48180 28.47910 28.47550 28.47130 28.46770 28.46500 28.46060 28.45380 28.44720 28.44200 28.43790 28.43490 28.43320 28.43160 28.42890 28.42780 28.43020 28.43170 28.42670 28.41090 28.38420 28.35250 28.31970 28.28740 28.25770 28.23230 28.21110 28.19320 28.17900 28.16800 28.15770 28.14730 28.13930 28.13640 28.14070 28.15280 28.17240 28.19530 28.21600 28.23080 28.23770 28.23910 28.23890 28.24280 28.25480 28.27530 28.30480 28.34370 28.39140 28.44650 28.50680 28.56970
28.50010 28.49610 28.49340 28.49270 28.49330 28.49420 28.49380 28.49140 28.48810 28.48510 28.48410 28.48370 28.48170 28.47850 28.47510 28.47220 28.46940 28.46490 28.45830 28.45220 28.44760 28.44390 28.44100 28.43890 28.43740 28.43610 28.43630 28.43880 28.44020 28.43630 28.42300 28.39990 28.37170 28.34160 28.31110 28.28130 28.25350 28.22870 28.20810 28.19160 28.17860 28.16750 28.15750 28.14930 28.14470 28.14620 28.15540 28.17300 28.19500 28.21550 28.23090 28.23950 28.24330 28.24540 28.25040 28.26130 28.27870 28.30390 28.33860 28.38260 28.43400 28.49090 28.55130
28.49530 28.49070 28.48730 28.48560 28.48520 28.48520 28.48490 28.48410 28.48320 28.48300 28.48410 28.48500 28.48380 28.48120 28.47890 28.47650 28.47340 28.46880 28.46290 28.45770 28.45410 28.45120 28.44840 28.44610 28.44430 28.44370 28.44480 28.44770 28.44930 28.44600 28.43450 28.41450 28.38980 28.36270 28.33410 28.30460 28.27470 28.24690 28.22320 28.20400 28.18860 28.17580 28.16460 28.15590 28.15070 28.15060 28.15730 28.17230 28.19270 28.21340 28.23080 28.24250 28.24950 28.25390 28.25990 28.27020 28.28500 28.30600 28.33620 28.37590 28.42330 28.47650 28.53400
28.48670 28.48190 28.47830 28.47650 28.47600 28.47610 28.47680 28.47800 28.47960 28.48160 28.48400 28.48580 28.48560 28.48420 28.48260 28.48050 28.47740 28.47300 28.46800 28.46380 28.46090 28.45830 28.45560 28.45310 28.45130 28.45120 28.45320 28.45680 28.45890 28.45610 28.44620 28.42910 28.40760 28.38330 28.35660 28.32740 28.29610 28.26570 28.23960 28.21810 28.20020 28.18490 28.17190 28.16230 28.15690 28.15570 28.16000 28.17210 28.19070 28.21200 28.23180 28.24660 28.25650 28.26320 28.27020 28.27990 28.29280 28.31070 28.33720 28.37270 28.41540 28.46430 28.51840
28.47500 28.47120 28.46840 28.46720 28.46720 28.46840 28.47090 28.47440 28.47780 28.48090 28.48390 28.48630 28.48740 28.48730 28.48610 28.48400 28.48120 28.47760 28.47360 28.47000 28.46710 28.46420 28.46130 28.45890 28.45770 28.45880 28.46190 28.46620 28.46890 28.46720 28.45920 28.44470 28.42580 28.40350 28.37840 28.34990 28.31750 28.28530 28.25800 28.23500 28.21480 28.19710 28.18240 28.17190 28.16590 28.16290 28.16460 28.17410 28.19120 28.21300 28.23450 28.25120 28.26330 28.27230 28.28030 28.28910 28.30060 28.31720 28.34150 28.37330 28.41100 28.45460 28.50470
28.46400 28.46180 28.46040 28.46030 28.46170 28.46460 28.46870 28.47330 28.47730 28.48060 28.48340 28.48600 28.48800 28.48880 28.48800 28.48600 28.48340 28.48050 28.47750 28.47430 28.47130 28.46850 28.46620 28.46490 28.46520 28.46760 28.47190 28.47670 28.48020 28.47990 28.47380 28.46140 28.44440 28.42370 28.39950 28.37120 28.33850 28.30530 28.27650 28.25180 28.22980 28.21070 28.19490 28.18360 28.17650 28.17150 28.17050 28.17850 28.19500 28.21670 28.23860 28.25640 28.27000 28.28060 28.28910 28.29740 28.30830 28.32440 28.34670 28.37500 28.40780 28.44640 28.49250
28.45650 28.45590 28.45610 28.45750 28.46050 28.46480 28.46930 28.47330 28.47670 28.47950 28.48200 28.48430 28.48630 28.48750 28.48720 28.48560 28.48300 28.48040 28.47810 28.47560 28.47300 28.47130 28.47070 28.47140 28.47370 28.47770 28.48300 28.48850 28.49290 28.49440 28.48990 28.47880 28.46310 28.44390 28.42020 28.39190 28.35970 28.32620 28.29490 28.26740 28.24440 28.22500 28.20860 28.19640 28.18800 28.18100 28.17800 28.18550 28.20240 28.22320 28.24420 28.26270 28.27730 28.28800 28.29650 28.30500 28.31600 28.33110 28.35140 28.37630 28.40500 28.43920 28.48170
28.45350 28.45400 28.45520 28.45750 28.46080 28.46470 28.46830 28.47120 28.47370 28.47610 28.47830 28.48030 28.48210 28.48330 28.48340 28.48220 28.48010 28.47790 28.47620 28.47460 28.47320 28.47290 28.47400 28.47640 28.48040 28.48630 28.49330 28.50010 28.50580 28.50880 28.50590 28.49610 28.48160 28.46350 28.44150 28.41520 28.38410 28.35030 28.31670 28.28650 28.26200 28.24170 28.22470 28.21150 28.20170 28.19310 28.18900 28.19620 28.21310 28.23310 28.25310 28.27120 28.28550 28.29550 28.30380 28.31260 28.32330 28.33740 28.35630 28.37940 28.40460 28.43480 28.47420
28.45430 28.45520 28.45650 28.45830 28.46020 28.46210 28.46400 28.46600 28.46800 28.47000 28.47200 28.47390 28.47550 28.47650 28.47660 28.47580 28.47450 28.47320 28.47220 28.47170 28.47210 28.47330 28.47560 28.47900 28.48450 28.49280 28.50220 28.51090 28.51800 28.52200 28.52070 28.51280 28.49960 28.48280 28.46410 28.44170 28.41240 28.37820 28.34340 28.31140 28.28440 28.26210 28.24400 28.22980 28.21850 28.20920 28.20480 28.21110 28.22680 28.24600 28.26530 28.28180 28.29470 28.30390 28.31190 28.32070 28.33100 28.34420 28.36300 28.38560 28.40800 28.43430 28.47100
28.45640 28.45690 28.45720 28.45740 28.45750 28.45770 28.45840 28.45960 28.46140 28.46340 28.46510 28.46640 28.46740 28.46770 28.46750 28.46680 28.46600 28.46550 28.46560 28.46670 28.46880 28.47180 28.47580 28.48080 28.48840 28.49950 28.51150 28.52130 28.52880 28.53370 28.53390 28.52810 28.51710 28.50280 28.48750 28.46870 28.44150 28.40820 28.37350 28.34030 28.31060 28.28600 28.26670 28.25160 28.23950 28.22980 28.22520 28.23010 28.24340 28.26080 28.27840 28.29300 28.30420 28.31290 28.32100 28.33030 28.34110 28.35450 28.37290 28.39430 28.41450 28.43810 28.47270
28.45710 28.45650 28.45540 28.45370 28.45220 28.45160 28.45170 28.45250 28.45410 28.45600 28.45740 28.45810 28.45800 28.45760 28.45710 28.45640 28.45580 28.45620 28.45790 28.46070 28.46450 28.46950 28.47590 28.48360 28.49400 28.50790 28.52170 28.53170 28.53900 28.54420 28.54530 28.54130 28.53290 28.52170 28.50920 28.49290 28.46870 28.43810 28.40480 28.37120 28.33970 28.31310 28.29270 28.27670 28.26390 28.25400 28.24880 28.25210 28.26270 28.27700 28.29180 28.30450 28.31500 28.32390 28.33270 28.34280 28.35480 28.36920 28.38700 28.40640 28.42430 28.44590 28.47870
28.45370 28.45180 28.44950 28.44680 28.44450 28.44300 28.44270 28.44350 28.44480 28.44620 28.44740 28.44810 28.44780 28.44720 28.44670 28.44660 28.44700 28.44880 28.45220 28.45680 28.46240 28.46910 28.47770 28.48880 28.50240 28.51770 28.53210 28.54300 28.55040 28.55460 28.55500 28.55160 28.54490 28.53590 28.52560 28.51200 28.49200 28.46580 28.43530 28.40270 28.37090 28.34320 28.32150 28.30420 28.29010 28.27940 28.27380 28.27590 28.28410 28.29500 28.30660 28.31780 28.32870 28.33940 28.34970 28.36010 28.37240 28.38760 28.40560 28.42370 28.43860 28.45690 28.48780
