data_raster/melanesia/PNMC_temperatures_2021/202106.grd
DSAA																																																																																																																																																																																																																																																																																																																																																																																																																											
412	268																																																																																																																																																																																																																																																																																																																																																																																																																										
156	174.5																																																																																																																																																																																																																																																																																																																																																																																																																										
-26.5	-14.5																																																																																																																																																																																																																																																																																																																																																																																																																										
19.0 30.5																																																																																																																																																																																																																																																																																																																																																																																																																									
[rows 0 to 27 of 268, columns 189 to 251 of 412]
22.05960 22.03970 22.02110 22.00540 21.99560 21.99100 21.98730 21.98160 21.97300 21.96300 21.95460 21.94870 21.94540 21.94290 21.93920 21.93200 21.92010 21.90390 21.88500 21.86600 21.84600 21.82170 21.79180 21.75590 21.71280 21.66390 21.61890 21.58490 21.56180 21.54920 21.54830 21.56790 21.62030 21.69060 21.75140 21.80710 21.86850 21.91940 21.94730 21.96830 21.99810 22.04370 22.10330 22.16560 22.21960 22.25590 22.27250 22.27250 22.26200 22.24800 22.23550 22.22570 22.21140 22.18830 22.15920 22.12850 22.10130 22.08120 22.07000 22.06340 22.05560 22.04950 22.04880
22.05510 22.03590 22.01850 22.00420 21.99530 21.99110 21.98710 21.98110 21.97280 21.96390 21.95660 21.95150 21.94820 21.94500 21.93990 21.93160 21.91970 21.90430 21.88650 21.86760 21.84630 21.82010 21.78780 21.74950 21.70670 21.66290 21.62650 21.60070 21.57720 21.56220 21.58200 21.63420 21.69190 21.75000 21.81490 21.87680 21.92260 21.95220 21.97240 22.00040 22.04510 22.09840 22.15310 22.20590 22.25220 22.28670 22.30420 22.30130 22.28430 22.26210 22.24250 22.22810 22.21010 22.18350 22.15210 22.12120 22.09640 22.07970 22.06980 22.06330 22.05680 22.05270 22.05370
22.05380 22.03560 22.01930 22.00590 21.99760 21.99330 21.98870 21.98210 21.97390 21.96560 21.95850 21.95310 21.94880 21.94430 21.93780 21.92860 21.91620 21.90090 21.88320 21.86360 21.84100 21.81330 21.77970 21.74100 21.70080 21.66390 21.63590 21.61710 21.59780 21.58780 21.62250 21.69410 21.75810 21.81200 21.87460 21.93120 21.96170 21.97940 22.00290 22.04100 22.09350 22.14680 22.19470 22.24060 22.28380 22.31910 22.33680 22.32810 22.30220 22.27340 22.24960 22.23200 22.21060 22.18020 22.14690 22.11660 22.09350 22.07830 22.06950 22.06380 22.05860 22.05610 22.05890
22.05730 22.04070 22.02520 22.01230 22.00400 21.99910 21.99340 21.98580 21.97760 21.96920 21.96080 21.95310 21.94650 21.93970 21.93170 21.92120 21.90780 21.89150 21.87260 21.85140 21.82720 21.79880 21.76600 21.73010 21.69600 21.66820 21.64770 21.63400 21.62550 21.63120 21.67350 21.74570 21.81620 21.87550 21.92640 21.96260 21.98030 22.00080 22.04180 22.09250 22.14150 22.18460 22.22410 22.26800 22.31480 22.35390 22.37020 22.35140 22.31420 22.28130 22.25730 22.23880 22.21420 22.17970 22.14530 22.11680 22.09420 22.07820 22.06980 22.06570 22.06140 22.05990 22.06430
22.06400 22.04890 22.03420 22.02160 22.01310 22.00760 22.00110 21.99270 21.98410 21.97510 21.96470 21.95400 21.94400 21.93420 21.92380 21.91140 21.89620 21.87830 21.85790 21.83520 21.81000 21.78180 21.75120 21.72030 21.69370 21.67470 21.65990 21.64950 21.65340 21.67920 21.73010 21.79910 21.87060 21.92960 21.96440 21.98190 21.99730 22.02940 22.08560 22.14110 22.17990 22.21160 22.24720 22.29550 22.34960 22.39020 22.40080 22.37170 22.32600 22.29110 22.26780 22.24840 22.22120 22.18340 22.14820 22.12140 22.09970 22.08320 22.07440 22.07010 22.06610 22.06500 22.06960
22.07110 22.05670 22.04260 22.03050 22.02190 22.01590 22.00870 21.99970 21.99060 21.98060 21.96850 21.95500 21.94160 21.92860 21.91560 21.90090 21.88390 21.86450 21.84310 21.81970 21.79430 21.76720 21.74000 21.71510 21.69580 21.68340 21.67290 21.66610 21.68010 21.72250 21.78530 21.85660 21.92180 21.96810 21.98760 21.99830 22.02410 22.06960 22.12810 22.17620 22.20430 22.23110 22.27110 22.32820 22.38840 22.42500 22.42560 22.39000 22.34180 22.30640 22.28240 22.26140 22.23200 22.19230 22.15620 22.12970 22.10980 22.09480 22.08470 22.07800 22.07330 22.07200 22.07510
22.07520 22.06040 22.04610 22.03370 22.02430 22.01700 22.00850 21.99850 21.98850 21.97770 21.96460 21.94980 21.93450 21.91990 21.90590 21.89080 21.87350 21.85390 21.83220 21.80800 21.78250 21.75740 21.73490 21.71720 21.70460 21.69650 21.69170 21.69390 21.71570 21.76320 21.83060 21.90370 21.96210 21.99530 22.00330 22.01270 22.05130 22.10710 22.16010 22.19740 22.21960 22.25040 22.30090 22.36470 22.42320 22.45160 22.44400 22.40720 22.36120 22.32550 22.30010 22.27850 22.24830 22.20690 22.16860 22.14080 22.12230 22.10950 22.09850 22.08920 22.08340 22.08120 22.08200
22.07220 22.05620 22.04110 22.02780 22.01700 22.00750 21.99710 21.98580 21.97500 21.96400 21.95120 21.93690 21.92210 21.90830 21.89570 21.88230 21.86630 21.84760 21.82580 21.80110 21.77600 21.75440 21.73820 21.72780 21.72060 21.71540 21.71770 21.73190 21.75780 21.79860 21.86070 21.93240 21.98700 22.01370 22.01590 22.02540 22.07220 22.13230 22.17790 22.20780 22.23230 22.27380 22.33650 22.40150 22.45080 22.46950 22.45780 22.42430 22.38290 22.34660 22.31990 22.29960 22.27060 22.22810 22.18650 22.15530 22.13620 22.12490 22.11360 22.10280 22.09590 22.09240 22.09090
22.05780 22.04080 22.02540 22.01180 21.99990 21.98870 21.97700 21.96510 21.95440 21.94440 21.93350 21.92180 21.90970 21.89850 21.88840 21.87680 21.86180 21.84310 21.82130 21.79710 21.77490 21.76010 21.75160 21.74600 21.74180 21.74010 21.74730 21.76600 21.78900 21.81950 21.87460 21.94460 21.99720 22.02170 22.02490 22.03720 22.08570 22.14380 22.18390 22.21400 22.24830 22.30160 22.37130 22.43420 22.47480 22.48560 22.47130 22.44200 22.40520 22.36810 22.34030 22.32340 22.29840 22.25700 22.21240 22.17570 22.15280 22.14020 22.12880 22.11780 22.11000 22.10500 22.10200
22.03470 22.01800 22.00330 21.99050 21.97840 21.96640 21.95430 21.94290 21.93350 21.92540 21.91730 21.90900 21.90030 21.89200 21.88360 21.87260 21.85740 21.83850 21.81740 21.79650 21.78040 21.77400 21.77240 21.76870 21.76560 21.76740 21.77620 21.79080 21.80520 21.82520 21.87170 21.93630 21.98550 22.01130 22.02340 22.04400 22.09120 22.14410 22.18300 22.21980 22.26690 22.32910 22.39970 22.45940 22.49570 22.50300 22.48770 22.46150 22.42730 22.38850 22.36030 22.34860 22.33060 22.29370 22.24810 22.20550 22.17650 22.16010 22.14790 22.13700 22.12790 22.12110 22.11680
22.01110 21.99640 21.98370 21.97230 21.96090 21.94910 21.93750 21.92720 21.91930 21.91320 21.90770 21.90180 21.89500 21.88730 21.87820 21.86590 21.85000 21.83210 21.81480 21.80130 21.79390 21.79360 21.79480 21.79130 21.78840 21.79200 21.79990 21.80860 21.81390 21.82230 21.85310 21.90150 21.94210 21.97190 22.00160 22.03950 22.08910 22.13920 22.18140 22.22630 22.28240 22.34850 22.41720 22.47500 22.51190 22.52150 22.50900 22.48440 22.44930 22.40720 22.37880 22.37370 22.36560 22.33710 22.29410 22.24810 22.21350 22.19240 22.17780 22.16590 22.15480 22.14530 22.13870
21.99300 21.98110 21.97070 21.96080 21.95040 21.93930 21.92850 21.91920 21.91250 21.90780 21.90360 21.89850 21.89140 21.88230 21.87090 21.85690 21.84110 21.82640 21.81570 21.81130 21.81210 21.81470 21.81540 21.81180 21.80890 21.81150 21.81670 21.82030 21.81960 21.81900 21.83280 21.86000 21.88750 21.91920 21.96660 22.02490 22.08320 22.13630 22.18340 22.23310 22.29140 22.35650 22.42290 22.48110 22.52270 22.54130 22.53720 22.51410 22.47480 22.42660 22.39630 22.39710 22.39960 22.38220 22.34580 22.30060 22.26300 22.23770 22.22050 22.20710 22.19400 22.18220 22.17340
21.98460 21.97480 21.96570 21.95660 21.94650 21.93580 21.92550 21.91680 21.91060 21.90590 21.90120 21.89510 21.88650 21.87530 21.86200 21.84780 21.83450 21.82560 21.82270 21.82520 21.83010 21.83310 21.83290 21.82980 21.82680 21.82630 21.82690 21.82690 21.82480 21.82290 21.82810 21.84020 21.85410 21.88000 21.93400 22.00630 22.07880 22.14150 22.19130 22.23880 22.29250 22.35360 22.41860 22.47900 22.52850 22.56230 22.57310 22.55390 22.50870 22.45080 22.41430 22.41730 22.42860 22.42300 22.39650 22.35650 22.31950 22.29230 22.27390 22.26020 22.24690 22.23480 22.22550
21.98470 21.97590 21.96700 21.95790 21.94780 21.93710 21.92710 21.91870 21.91210 21.90660 21.90060 21.89250 21.88170 21.86860 21.85470 21.84200 21.83320 21.83080 21.83430 21.84040 21.84590 21.84830 21.84790 21.84610 21.84320 21.83960 21.83610 21.83320 21.83100 21.83050 21.83370 21.83950 21.84450 21.86280 21.91400 21.99150 22.07700 22.15090 22.20230 22.24430 22.28990 22.34540 22.40920 22.47220 22.53010 22.58160 22.61150 22.60070 22.55210 22.48300 22.43560 22.43490 22.45100 22.45660 22.44160 22.40950 22.37620 22.34970 22.33190 22.31930 22.30720 22.29610 22.28790
21.99060 21.98180 21.97260 21.96290 21.95260 21.94220 21.93220 21.92350 21.91640 21.91000 21.90240 21.89250 21.87980 21.86570 21.85260 21.84310 21.83910 21.84160 21.84840 21.85520 21.85980 21.86210 21.86260 21.86220 21.86010 21.85570 21.85020 21.84490 21.84010 21.83770 21.84040 21.84650 21.85120 21.86630 21.91110 21.98500 22.07630 22.15840 22.21250 22.25120 22.28980 22.33970 22.40170 22.46590 22.53020 22.59740 22.64670 22.64950 22.60350 22.52490 22.46310 22.45130 22.46640 22.48160 22.47830 22.45470 22.42640 22.40290 22.38740 22.37680 22.36620 22.35650 22.34980
21.99880 21.99030 21.98110 21.97100 21.96050 21.94990 21.93960 21.93030 21.92260 21.91540 21.90670 21.89560 21.88220 21.86870 21.85780 21.85200 21.85220 21.85750 21.86520 21.87170 21.87590 21.87890 21.88100 21.88200 21.88080 21.87670 21.87090 21.86460 21.85780 21.85280 21.85490 21.86230 21.86820 21.88000 21.91280 21.97660 22.07120 22.16240 22.22220 22.26250 22.29970 22.34640 22.40550 22.46960 22.53810 22.61460 22.67770 22.69570 22.65800 22.57370 22.49640 22.46790 22.47570 22.49700 22.50470 22.49080 22.46800 22.44660 22.43400 22.42690 22.41870 22.41020 22.40390
22.00820 22.00010 21.99100 21.98080 21.96980 21.95850 21.94760 21.93770 21.92940 21.92150 21.91210 21.90100 21.88860 21.87760 21.87020 21.86790 21.87100 21.87740 21.88510 21.89180 21.89720 21.90180 21.90540 21.90750 21.90670 21.90260 21.89720 21.89180 21.88530 21.87950 21.88010 21.88590 21.89030 21.89620 21.91420 21.96590 22.06440 22.16720 22.23610 22.28300 22.32470 22.37110 22.42660 22.48980 22.56050 22.63830 22.70580 22.73720 22.71160 22.62580 22.53460 22.48620 22.48120 22.50300 22.52020 22.51770 22.49980 22.47840 22.46820 22.46600 22.46150 22.45450 22.44730
22.02380 22.01240 22.00000 21.98700 21.97510 21.96440 21.95360 21.94300 21.93400 21.92570 21.91630 21.90600 21.89600 21.88840 21.88490 21.88610 21.89140 21.89880 21.90680 21.91450 21.92140 21.92720 21.93140 21.93360 21.93330 21.93040 21.92530 21.91870 21.91090 21.90390 21.90170 21.90500 21.91190 21.92140 21.93700 21.98390 22.08170 22.18920 22.26680 22.32060 22.36380 22.40840 22.46150 22.52390 22.59430 22.66870 22.73560 22.77730 22.76360 22.67880 22.57620 22.50830 22.48720 22.50390 22.52620 22.53370 22.52180 22.50170 22.49310 22.49430 22.49480 22.49170 22.48580
22.05330 22.03570 22.01670 21.99810 21.98340 21.97230 21.96080 21.94870 21.93850 21.92980 21.92060 21.91180 21.90490 21.90110 21.90130 21.90540 21.91280 21.92190 21.93140 21.94100 21.94960 21.95610 21.96030 21.96240 21.96340 21.96290 21.95840 21.94910 21.93950 21.93270 21.92960 21.93350 21.94980 21.97520 22.00480 22.05590 22.14480 22.24430 22.32470 22.38000 22.41680 22.45620 22.50850 22.56920 22.63480 22.70270 22.76700 22.81560 22.81190 22.73090 22.62140 22.53650 22.49780 22.50410 22.52540 22.53870 22.53300 22.51660 22.50920 22.51220 22.51840 22.52270 22.52210
22.10720 22.08850 22.06750 22.04450 22.02200 22.00150 21.98280 21.96640 21.95320 21.94240 21.93340 21.92670 21.92310 21.92280 21.92580 21.93200 21.94120 21.95260 21.96520 21.97770 21.98870 21.99770 22.00450 22.00940 22.01280 22.01460 22.01270 22.00790 22.00640 22.01050 22.01700 22.02940 22.05620 22.09430 22.13590 22.18900 22.26260 22.34340 22.41370 22.46070 22.48700 22.52070 22.57140 22.62470 22.67670 22.73260 22.79180 22.84480 22.85170 22.78140 22.67250 22.57360 22.51640 22.50840 22.52240 22.53490 22.53090 22.51670 22.51170 22.51850 22.53170 22.54460 22.55190
22.18060 22.16690 22.14950 22.12550 22.09410 22.05970 22.03160 22.01090 21.99290 21.97770 21.96740 21.96230 21.96160 21.96390 21.96840 21.97610 21.98750 22.00210 22.01840 22.03410 22.04840 22.06140 22.07280 22.08260 22.09070 22.09750 22.10420 22.11350 22.13010 22.15410 22.17960 22.20660 22.24060 22.28050 22.32240 22.36870 22.42240 22.47790 22.52630 22.55640 22.57140 22.59950 22.64570 22.68530 22.71670 22.75640 22.80780 22.86190 22.87940 22.82640 22.72630 22.61770 22.54320 22.51960 22.52240 22.52800 22.51970 22.50410 22.50200 22.51500 22.53560 22.55670 22.57300
22.25200 22.24170 22.22720 22.20490 22.17400 22.14010 22.11500 22.09690 22.07500 22.05250 22.03800 22.03230 22.03320 22.03690 22.04180 22.05160 22.06740 22.08580 22.10450 22.12250 22.13940 22.15540 22.16950 22.18190 22.19750 22.22020 22.24620 22.27360 22.30650 22.34580 22.38650 22.42520 22.46110 22.49450 22.52710 22.55880 22.58910 22.61780 22.64270 22.65540 22.65910 22.67950 22.71710 22.74190 22.75440 22.77870 22.82030 22.86990 22.89350 22.85910 22.77320 22.66190 22.57550 22.53860 22.52990 22.52660 22.51100 22.49060 22.48880 22.50630 22.53300 22.56140 22.58610
22.31360 22.30300 22.28900 22.27030 22.24830 22.22770 22.21550 22.20540 22.18360 22.15640 22.13800 22.13090 22.13270 22.13840 22.14600 22.16040 22.18240 22.20490 22.22490 22.24430 22.26400 22.28390 22.30220 22.31850 22.34450 22.38840 22.43630 22.47800 22.51830 22.56050 22.60350 22.64310 22.67350 22.69570 22.71330 22.72600 22.73260 22.73740 22.74280 22.74240 22.73870 22.75120 22.77780 22.79060 22.79080 22.80300 22.83350 22.87480 22.90020 22.88180 22.81170 22.70350 22.61110 22.56420 22.54560 22.53440 22.51170 22.48570 22.48110 22.49890 22.52880 22.56270 22.59430
22.36890 22.35630 22.34270 22.32790 22.31400 22.30360 22.29960 22.29570 22.28100 22.26000 22.24440 22.23820 22.24220 22.25380 22.27100 22.29460 22.32280 22.34900 22.37140 22.39290 22.41700 22.44670 22.47820 22.50760 22.54620 22.60140 22.65740 22.70190 22.73820 22.76980 22.79810 22.82230 22.83940 22.84880 22.85070 22.84490 22.83210 22.81870 22.81000 22.80340 22.80010 22.80900 22.82600 22.83180 22.82760 22.83110 22.85020 22.88370 22.91010 22.90330 22.84590 22.74320 22.64840 22.59370 22.56710 22.55030 22.52410 22.49510 22.48600 22.49970 22.52870 22.56500 22.60140
22.42450 22.40920 22.39570 22.38390 22.37420 22.36790 22.36620 22.36560 22.35970 22.34980 22.34130 22.34050 22.35240 22.37500 22.40510 22.43890 22.47320 22.50530 22.53370 22.55880 22.58750 22.62890 22.67690 22.72180 22.76890 22.82290 22.87260 22.90900 22.93380 22.94940 22.95780 22.96210 22.96520 22.96400 22.95250 22.93100 22.90330 22.87760 22.86040 22.85180 22.85080 22.85660 22.86460 22.86630 22.86220 22.86010 22.86990 22.89760 22.92470 22.92480 22.87650 22.78010 22.68550 22.62500 22.59210 22.57180 22.54550 22.51650 22.50280 22.50950 22.53460 22.57060 22.60880
22.48680 22.46880 22.45390 22.44270 22.43420 22.42890 22.42840 22.42970 22.42740 22.42260 22.42050 22.43060 22.45920 22.49740 22.53660 22.57660 22.61780 22.66000 22.69920 22.72920 22.75970 22.80770 22.86450 22.91400 22.95870 23.00280 23.03910 23.06230 23.07500 23.08020 23.07990 23.07690 23.07460 23.06760 23.04710 23.01420 22.97530 22.94170 22.92160 22.91100 22.90530 22.90190 22.89910 22.89560 22.89100 22.88610 22.89070 22.91480 22.94130 22.94420 22.90170 22.81230 22.72020 22.65600 22.61850 22.59610 22.57130 22.54390 22.52620 22.52590 22.54630 22.58000 22.61650
22.55670 22.53630 22.51860 22.50520 22.49470 22.48730 22.48550 22.48680 22.48560 22.48520 22.49350 22.51870 22.56400 22.61470 22.65960 22.70460 22.75330 22.80320 22.84810 22.88030 22.91030 22.95750 23.01200 23.05490 23.08860 23.11830 23.14000 23.15140 23.15660 23.15920 23.16000 23.15980 23.15880 23.15050 23.12630 23.08790 23.04320 23.00730 22.98940 22.97870 22.96550 22.94950 22.93340 22.92200 22.91530 22.91070 22.91510 22.93690 22.96000 22.96080 22.92030 22.83710 22.74930 22.68470 22.64560 22.62320 22.60060 22.57460 22.55280 22.54560 22.56120 22.59120 22.62320
22.63330 22.61150 22.59020 22.57190 22.55610 22.54350 22.53690 22.53590 22.53860 22.54990 22.57650 22.61800 22.66980 22.72260 22.77130 22.82220 22.87600 22.92370 22.96090 22.98930 23.01790 23.05780 23.09960 23.12890 23.14840 23.16390 23.17480 23.18100 23.18580 23.19140 23.19710 23.20180 23.20380 23.19700 23.17410 23.13720 23.09450 23.06270 23.05110 23.04350 23.02650 22.99950 22.96880 22.94680 22.93730 22.93670 22.94570 22.96520 22.98080 22.97430 22.93160 22.85280 22.77060 22.70940 22.67290 22.65320 22.63250 22.60600 22.57940 22.56560 22.57630 22.60180 22.62780
