data_raster/melanesia/PNMC_temperatures_2021/202104.grd
DSAA																																																																																																																																																																																																																																																																																																																																																																																																																											
412	268																																																																																																																																																																																																																																																																																																																																																																																																																										
156	174.5																																																																																																																																																																																																																																																																																																																																																																																																																										
-26.5	-14.5																																																																																																																																																																																																																																																																																																																																																																																																																										
19.0 30.5																																																																																																																																																																																																																																																																																																																																																																																																																										
[rows 224 to 251 of 268, columns 189 to 251 of 412]
28.85530 28.85690 28.85530 28.85090 28.84590 28.84140 28.83690 28.83180 28.82610 28.82000 28.81410 28.80860 28.80360 28.79920 28.79510 28.78990 28.78350 28.77740 28.77270 28.76980 28.76870 28.76910 28.76810 28.76350 28.75940 28.76100 28.76980 28.78510 28.80270 28.81980 28.83660 28.85220 28.86530 28.87540 28.88230 28.88520 28.88400 28.88050 28.87710 28.87530 28.87580 28.87740 28.87940 28.88220 28.88630 28.89210 28.90030 28.91090 28.92290 28.93510 28.94750 28.96130 28.97900 29.00140 29.02650 29.05130 29.07260 29.09630 29.13320 29.17800 29.22100 29.27140 29.32520
28.86450 28.86550 28.86390 28.85990 28.85570 28.85200 28.84790 28.84330 28.83810 28.83250 28.82660 28.82100 28.81620 28.81170 28.80700 28.80110 28.79410 28.78770 28.78300 28.78050 28.77980 28.77950 28.77650 28.76910 28.76380 28.76750 28.77930 28.79630 28.81460 28.83180 28.84800 28.86280 28.87550 28.88560 28.89320 28.89790 28.89930 28.89770 28.89420 28.89130 28.89040 28.89040 28.89050 28.89160 28.89390 28.89790 28.90440 28.91410 28.92600 28.93890 28.95320 28.97040 28.99220 29.01860 29.04710 29.07480 29.09930 29.12630 29.16610 29.21500 29.26320 29.30420 29.33890
28.87190 28.87220 28.87030 28.86690 28.86360 28.86070 28.85700 28.85250 28.84810 28.84320 28.83680 28.83040 28.82520 28.82060 28.81530 28.80890 28.80180 28.79550 28.79100 28.78900 28.78810 28.78600 28.78050 28.77120 28.76630 28.77310 28.78820 28.80700 28.82590 28.84300 28.85850 28.87270 28.88550 28.89670 28.90590 28.91240 28.91580 28.91560 28.91220 28.90880 28.90700 28.90520 28.90320 28.90300 28.90460 28.90710 28.91190 28.92060 28.93250 28.94640 28.96340 28.98460 29.01050 29.04040 29.07150 29.10140 29.12870 29.15780 29.19630 29.24630 29.30150 29.32930 29.33060
28.87790 28.87740 28.87510 28.87200 28.86910 28.86660 28.86370 28.86020 28.85670 28.85200 28.84510 28.83770 28.83190 28.82690 28.82170 28.81550 28.80860 28.80240 28.79810 28.79590 28.79390 28.78900 28.78060 28.77100 28.76810 28.77770 28.79540 28.81540 28.83440 28.85110 28.86640 28.88120 28.89580 28.90960 28.92110 28.92940 28.93400 28.93430 28.93100 28.92720 28.92460 28.92160 28.91830 28.91670 28.91720 28.91900 28.92310 28.93120 28.94340 28.95920 28.97930 29.00430 29.03380 29.06670 29.10020 29.13210 29.16090 29.19050 29.22790 29.27430 29.32390 29.34920 29.34910
28.88220 28.88110 28.87840 28.87530 28.87260 28.87060 28.86890 28.86690 28.86390 28.85890 28.85140 28.84340 28.83680 28.83170 28.82700 28.82150 28.81500 28.80900 28.80450 28.80110 28.79680 28.78870 28.77860 28.77060 28.77080 28.78270 28.80150 28.82180 28.84050 28.85690 28.87290 28.88960 28.90710 28.92390 28.93780 28.94770 28.95290 28.95330 28.95000 28.94590 28.94270 28.93910 28.93530 28.93250 28.93170 28.93310 28.93750 28.94600 28.95910 28.97730 29.00040 29.02850 29.06090 29.09650 29.13270 29.16680 29.19680 29.22640 29.26220 29.30120 29.33640 29.36340 29.38040
28.88410 28.88290 28.88030 28.87730 28.87540 28.87460 28.87420 28.87290 28.86960 28.86380 28.85570 28.84730 28.84050 28.83550 28.83170 28.82700 28.82100 28.81520 28.81000 28.80400 28.79630 28.78610 28.77640 28.77180 28.77560 28.78920 28.80790 28.82720 28.84540 28.86240 28.88030 28.89960 28.91950 28.93830 28.95380 28.96490 28.97070 28.97160 28.96850 28.96430 28.96070 28.95700 28.95310 28.94990 28.94830 28.94940 28.95440 28.96410 28.97910 28.99960 29.02520 29.05550 29.09030 29.12870 29.16770 29.20460 29.23680 29.26660 29.29840 29.32820 29.35030 29.37040 29.38960
28.88430 28.88300 28.88080 28.87860 28.87800 28.87890 28.87940 28.87800 28.87390 28.86730 28.85910 28.85090 28.84430 28.83980 28.83660 28.83240 28.82640 28.82030 28.81390 28.80490 28.79390 28.78290 28.77520 28.77400 28.78080 28.79540 28.81350 28.83170 28.84960 28.86760 28.88720 28.90830 28.92950 28.94930 28.96580 28.97780 28.98450 28.98640 28.98460 28.98130 28.97780 28.97390 28.96970 28.96630 28.96470 28.96640 28.97260 28.98430 29.00170 29.02490 29.05290 29.08530 29.12210 29.16240 29.20360 29.24300 29.27740 29.30720 29.33380 29.35350 29.36230 29.36880 29.38050
28.88330 28.88190 28.88020 28.87950 28.88080 28.88340 28.88410 28.88180 28.87700 28.87020 28.86260 28.85530 28.84930 28.84520 28.84230 28.83780 28.83090 28.82360 28.81570 28.80460 28.79170 28.78120 28.77570 28.77670 28.78480 28.79930 28.81690 28.83480 28.85300 28.87180 28.89170 28.91260 28.93380 28.95390 28.97100 28.98390 28.99190 28.99580 28.99700 28.99580 28.99280 28.98820 28.98320 28.97970 28.97920 28.98280 28.99120 29.00530 29.02560 29.05220 29.08340 29.11800 29.15600 29.19680 29.23870 29.27890 29.31380 29.34230 29.36450 27.02800 27.02800 27.02800 27.02800
28.88170 28.88040 28.87950 28.88050 28.88380 28.88750 28.88810 28.88490 28.87970 28.87350 28.86680 28.86040 28.85510 28.85110 28.84780 28.84250 28.83420 28.82550 28.81640 28.80450 28.79160 28.78210 28.77800 28.78000 28.78840 28.80240 28.81940 28.83720 28.85560 28.87430 28.89330 28.91280 28.93290 28.95270 28.97010 28.98390 28.99360 29.00020 29.00490 29.00630 29.00380 28.99900 28.99400 28.99140 28.99280 28.99920 29.01070 29.02730 29.05100 29.08270 29.11790 29.15320 29.19030 29.23000 29.27060 29.30900 29.34140 29.36650 29.38430 27.02800 27.02800 27.02800 27.02800
28.88000 28.87900 28.87930 28.88200 28.88670 28.89100 28.89130 28.88770 28.88280 28.87740 28.87150 28.86580 28.86070 28.85640 28.85220 28.84560 28.83610 28.82650 28.81710 28.80590 28.79430 28.78580 28.78230 28.78450 28.79270 28.80610 28.82250 28.83990 28.85770 28.87550 28.89280 28.91010 28.92870 28.94770 28.96500 28.97960 28.99110 29.00040 29.00790 29.01130 29.00950 29.00580 29.00280 29.00250 29.00650 29.01610 29.03080 29.04990 29.07760 29.11630 29.15570 29.18870 29.22160 29.25820 29.29540 29.32920 29.35580 29.37570 29.39050 27.02800 27.02800 27.02800 27.02800
28.87810 28.87780 28.87950 28.88380 28.88920 28.89350 28.89360 28.89000 28.88560 28.88100 28.87570 28.87030 28.86520 28.86040 28.85510 28.84740 28.83730 28.82740 28.81820 28.80830 28.79860 28.79130 28.78820 28.79050 28.79860 28.81180 28.82780 28.84440 28.86100 28.87680 28.89200 28.90730 28.92430 28.94240 28.95930 28.97400 28.98580 28.99630 29.00580 29.01070 29.01010 29.00890 29.00990 29.01290 29.01940 29.03220 29.05010 29.07140 29.10280 29.14850 29.19130 29.21930 29.24470 29.27550 29.30680 29.33380 29.35330 29.36910 29.38740 29.39390 27.02800 27.02800 27.02800
28.87630 28.87710 28.88010 28.88570 28.89150 28.89530 28.89520 28.89190 28.88800 28.88380 28.87880 28.87350 28.86830 28.86300 28.85690 28.84880 28.83870 28.82900 28.82050 28.81200 28.80410 28.79810 28.79580 28.79830 28.80650 28.81980 28.83570 28.85180 28.86670 28.88020 28.89330 28.90720 28.92300 28.93990 28.95590 28.96940 28.97950 28.98900 28.99950 29.00620 29.00780 29.01040 29.01630 29.02290 29.03150 29.04660 29.06720 29.09080 29.12600 29.17740 29.22150 29.24230 29.25760 29.27900 29.30180 29.32080 29.33320 29.34720 29.37450 29.39030 27.02800 27.02800 27.02800
28.87530 28.87710 28.88140 28.88790 28.89380 28.89700 28.89670 28.89390 28.89030 28.88630 28.88150 28.87630 28.87120 28.86580 28.85960 28.85150 28.84180 28.83280 28.82510 28.81800 28.81160 28.80680 28.80520 28.80820 28.81670 28.83010 28.84600 28.86160 28.87550 28.88760 28.89960 28.91270 28.92730 28.94260 28.95680 28.96770 28.97430 28.98140 28.99220 29.00130 29.00650 29.01340 29.02360 29.03310 29.04310 29.05860 29.08060 29.10870 29.14950 29.20440 29.24700 29.25980 29.26310 29.27150 29.28270 29.29290 29.29920 29.31140 29.34340 29.36920 27.02800 27.02800 27.02800
28.87510 28.87790 28.88320 28.89060 28.89650 28.89920 28.89880 28.89630 28.89290 28.88900 28.88420 28.87940 28.87490 28.87020 28.86440 28.85690 28.84800 28.83990 28.83330 28.82760 28.82250 28.81860 28.81760 28.82130 28.83020 28.84370 28.85940 28.87470 28.88830 28.90030 28.91180 28.92390 28.93730 28.95090 28.96240 28.96950 28.97190 28.97640 28.98750 28.99950 29.00890 29.01970 29.03270 29.04390 29.05440 29.06950 29.09340 29.12930 29.17790 29.23360 29.27060 29.27370 29.26440 29.25950 29.26030 29.26230 29.25850 29.26220 29.29610 29.33650 29.34720 29.34250 29.34500
28.87520 28.87920 28.88580 28.89410 28.90010 28.90230 28.90170 28.89940 28.89610 28.89210 28.88770 28.88380 28.88070 28.87720 28.87210 28.86560 28.85830 28.85180 28.84650 28.84190 28.83810 28.83530 28.83520 28.83940 28.84870 28.86260 28.87830 28.89320 28.90680 28.91870 28.92900 28.93920 28.95150 28.96380 28.97180 28.97450 28.97370 28.97690 28.98900 29.00350 29.01620 29.02960 29.04370 29.05490 29.06550 29.08270 29.11280 29.16020 29.21720 29.26990 29.29600 29.28580 29.26470 29.25240 29.25080 29.24780 29.22160 29.20230 29.24600 29.31410 29.33760 29.33290 29.33340
28.87560 28.88110 28.88910 28.89820 28.90450 28.90640 28.90560 28.90320 28.89970 28.89590 28.89250 28.89030 28.88940 28.88760 28.88350 28.87830 28.87320 28.86870 28.86490 28.86170 28.85910 28.85770 28.85870 28.86380 28.87380 28.88840 28.90440 28.91910 28.93220 28.94330 28.95160 28.95910 28.96970 28.98070 28.98560 28.98500 28.98260 28.98600 28.99940 29.01550 29.02940 29.04300 29.05630 29.06650 29.07820 29.10170 29.14330 29.20430 29.26650 29.30770 29.31740 29.29660 29.26800 29.25010 29.24820 29.24490 29.20460 29.16910 29.22030 29.30520 29.32840 29.31900 29.32670
28.87650 28.88360 28.89290 28.90260 28.90920 28.91130 28.91050 28.90780 28.90400 28.90060 28.89910 28.89980 28.90160 28.90190 28.89910 28.89540 28.89260 28.89030 28.88830 28.88660 28.88550 28.88570 28.88840 28.89510 28.90660 28.92240 28.93890 28.95320 28.96520 28.97460 28.98050 28.98530 28.99340 29.00210 29.00570 29.00450 29.00250 29.00670 29.02080 29.03670 29.04890 29.05970 29.07050 29.08030 29.09620 29.13050 29.18720 29.26090 29.32040 29.33680 29.32600 29.30610 29.27780 29.24800 29.23650 29.23780 29.22210 29.20920 27.02800 27.02800 27.02800 29.32120 29.33110
28.87780 28.88660 28.89720 28.90740 28.91420 28.91660 28.91590 28.91320 28.90970 28.90740 28.90850 28.91210 28.91660 28.91880 28.91760 28.91570 28.91490 28.91490 28.91540 28.91580 28.91660 28.91890 28.92390 28.93280 28.94610 28.96310 28.98010 28.99410 29.00470 29.01190 29.01590 29.01860 29.02350 29.02940 29.03310 29.03390 29.03390 29.03940 29.05360 29.06730 29.07510 29.08220 29.09200 29.10440 29.12770 29.17510 29.24500 29.32340 29.37270 29.36460 29.33590 27.02800 29.29080 29.25150 29.22880 29.23300 29.25110 29.27230 27.02800 27.02800 27.02800 29.33170 29.33830
28.87930 28.89010 28.90210 28.91260 28.91940 28.92200 28.92160 28.91960 28.91750 28.91750 28.92110 28.92720 28.93330 28.93700 28.93740 28.93710 28.93810 28.94080 28.94440 28.94790 28.95150 28.95650 28.96410 28.97530 28.99020 29.00800 29.02510 29.03880 29.04840 29.05420 29.05730 29.05890 29.06080 29.06390 29.06820 29.07230 29.07530 29.08270 29.09660 29.10630 29.10780 29.11300 29.12730 29.14720 29.17980 29.23900 29.31490 29.38420 29.41850 29.40100 27.02800 27.02800 27.02800 29.26750 29.24310 29.23970 29.25930 29.28760 27.02800 27.02800 29.32160 29.33470 29.33750
28.88120 28.89400 28.90730 28.91820 28.92510 28.92780 28.92810 28.92750 28.92760 28.92990 28.93580 28.94350 28.95080 28.95560 28.95750 28.95890 28.96200 28.96750 28.97460 28.98130 28.98790 28.99560 29.00610 29.02040 29.03760 29.05610 29.07310 29.08630 29.09520 29.10030 29.10300 29.10400 29.10380 29.10470 29.10970 29.11660 29.12240 29.13150 29.14470 29.14990 29.14550 29.15240 29.17710 29.20720 29.24710 29.31200 29.38710 29.44300 29.46070 29.43400 27.02800 27.02800 27.02800 27.02800 27.02800 27.02800 27.02800 27.02800 29.30930 27.02800 27.02800 27.02800 29.33400
28.88400 28.89820 28.91250 28.92410 28.93120 28.93430 28.93580 28.93730 28.93940 28.94360 28.95110 28.96020 28.96850 28.97430 28.97750 28.98090 28.98650 28.99490 29.00510 29.01480 29.02420 29.03450 29.04810 29.06660 29.08730 29.10670 29.12310 29.13550 29.14390 29.14860 29.15110 29.15170 29.15030 29.15010 29.15500 29.16290 29.17030 29.18020 29.19230 29.19430 29.18760 29.20050 29.23860 29.27840 29.32030 29.38220 29.45030 29.49470 29.49610 29.45050 27.02800 27.02800 27.02800 27.02800 27.02800 27.02800 27.02800 27.02800 27.02800 29.34700 29.34670 29.34340 29.33730
28.88810 28.90290 28.91730 28.92880 28.93670 28.94150 28.94490 28.94820 28.95190 28.95770 28.96700 28.97760 28.98680 28.99350 28.99810 29.00340 29.01140 29.02230 29.03520 29.04800 29.06090 29.07530 29.09310 29.11570 29.13890 29.15840 29.17350 29.18450 29.19200 29.19670 29.19910 29.19960 29.19800 29.19690 29.19990 29.20660 29.21530 29.22570 29.23580 29.23830 29.23750 29.25910 29.30530 29.34920 29.38960 29.44350 29.49520 29.51510 29.49800 27.02800 27.02800 27.02800 27.02800 27.02800 27.02800 27.02800 27.02800 27.02800 27.02800 27.02800 27.02800 29.36420 29.35550
28.89370 28.90830 28.92170 28.93240 28.94160 28.94950 28.95520 28.95960 28.96460 28.97220 28.98360 28.99600 29.00610 29.01350 29.01930 29.02640 29.03670 29.04990 29.06520 29.08170 29.09960 29.11970 29.14260 29.16750 29.19080 29.20900 29.22200 29.23080 29.23710 29.24190 29.24470 29.24540 29.24400 29.24180 29.24070 29.24440 29.25470 29.26640 29.27460 29.28200 29.29510 29.32450 29.36810 29.40860 29.44590 29.49070 29.51970 29.50160 27.02800 27.02800 27.02800 27.02800 27.02800 27.02800 27.02800 27.02800 27.02800 27.02800 27.02800 27.02800 27.02800 29.39760 29.39050
28.90080 28.91440 28.92690 28.93800 28.94880 28.95910 28.96640 28.97190 28.97860 28.98840 29.00140 29.01480 29.02550 29.03340 29.04010 29.04920 29.06230 29.07890 29.09800 29.11900 29.14190 29.16660 29.19230 29.21780 29.23980 29.25540 29.26560 29.27200 29.27720 29.28230 29.28580 29.28680 29.28470 29.28020 29.27540 29.27640 29.28810 29.30220 29.31230 29.32660 29.35080 29.38180 29.41540 29.44770 29.48080 29.51910 29.53520 29.49870 27.02800 27.02800 27.02800 27.02800 27.02800 27.02800 27.02800 27.02800 27.02800 27.02800 27.02800 27.02800 29.43480 29.43300 29.43170
28.90900 28.92150 28.93390 28.94670 28.95930 28.97060 28.97880 28.98560 28.99450 29.00630 29.02020 29.03360 29.04420 29.05250 29.06040 29.07200 29.08910 29.11050 29.13460 29.16060 29.18710 29.21320 29.23860 29.26300 29.28280 29.29530 29.30220 29.30640 29.31080 29.31620 29.32050 29.32150 29.31770 29.31040 29.30330 29.30350 29.31610 29.33320 29.34840 29.36840 29.39550 29.42120 29.44250 29.46490 29.49270 29.52660 29.54360 29.51930 27.02800 27.02800 27.02800 27.02800 27.02800 27.02800 27.02800 27.02800 27.02800 27.02800 27.02800 27.02800 29.45140 29.46520 29.46970
28.91800 28.93020 28.94300 28.95710 28.97120 28.98350 28.99300 29.00120 29.01140 29.02430 29.03880 29.05220 29.06210 29.07070 29.08090 29.09640 29.11860 29.14530 29.17410 29.20310 29.23060 29.25560 29.27880 29.30090 29.31790 29.32670 29.33060 29.33350 29.33760 29.34300 29.34750 29.34820 29.34290 29.33380 29.32630 29.32690 29.34000 29.35870 29.37670 29.39790 29.42230 29.44140 29.45400 29.46830 29.48900 29.51570 29.53400 29.52840 27.02800 27.02800 27.02800 27.02800 27.02800 27.02800 27.02800 27.02800 27.02800 27.02800 27.02800 27.02800 29.48570 29.49620 29.49860
28.92780 28.94040 28.95390 28.96880 28.98360 28.99710 29.00800 29.01740 29.02820 29.04130 29.05590 29.06890 29.07830 29.08790 29.10220 29.12310 29.15060 29.18190 29.21390 29.24340 29.26920 29.29160 29.31200 29.33140 29.34530 29.35080 29.35250 29.35480 29.35890 29.36400 29.36780 29.36780 29.36220 29.35360 29.34710 29.34870 29.36170 29.37960 29.39660 29.41500 29.43490 29.44950 29.45820 29.46820 29.48280 29.50110 29.51650 29.52210 27.02800 27.02800 27.02800 27.02800 27.02800 27.02800 27.02800 27.02800 27.02800 27.02800 27.02800 29.51750 29.52130 29.51640 29.51150
28.93860 28.95160 28.96620 28.98190 28.99700 29.01030 29.02140 29.03180 29.04390 29.05730 29.07010 29.08140 29.09160 29.10480 29.12440 29.15100 29.18310 29.21720 29.24990 29.27820 29.30150 29.32130 29.33920 29.35580 29.36720 29.37060 29.37130 29.37360 29.37770 29.38230 29.38470 29.38360 29.37960 29.37410 29.36940 29.37090 29.38270 29.39850 29.41280 29.42840 29.44580 29.45840 29.46580 29.47580 29.49020 29.50540 29.51770 29.52460 27.02800 27.02800 27.02800 27.02800 27.02800 27.02800 27.02800 27.02800 27.02800 27.02800 27.02800 29.50210 29.50750 29.50780 29.50180
