data_raster/melanesia/PNMC_temperatures_2021/202111.grd
DSAA																																																																																																																																																																																																																																																																																																																																																																																																																											
412	268																																																																																																																																																																																																																																																																																																																																																																																																																										
156	174.5																																																																																																																																																																																																																																																																																																																																																																																																																										
-26.5	-14.5																																																																																																																																																																																																																																																																																																																																																																																																																										
19.0 30.5																																																																																																																																																																																																																																																																																																																																																																																																																										
[rows 28 to 55 of 268, columns 252 to 314 of 412]
23.62170 23.59870 23.57560 23.55150 23.52750 23.50510 23.48530 23.46640 23.44470 23.41740 23.38290 23.34350 23.30250 23.26310 23.22930 23.20610 23.19460 23.19020 23.18970 23.19120 23.19260 23.19180 23.18760 23.17980 23.16990 23.15870 23.14380 23.12490 23.10660 23.09070 23.07590 23.06260 23.05270 23.04580 23.04050 23.03710 23.03630 23.03810 23.04200 23.04660 23.05180 23.05900 23.06690 23.07170 23.07550 23.08410 23.09720 23.11220 23.12750 23.14270 23.15840 23.17470 23.19050 23.20430 23.21440 23.22190 23.22990 23.24110 23.25720 23.27270 23.27980 23.27160 23.24520
23.71180 23.67310 23.63790 23.60750 23.58100 23.55730 23.53570 23.51570 23.49630 23.47470 23.44750 23.41570 23.38080 23.34360 23.30690 23.27760 23.25870 23.24750 23.24230 23.24290 23.24640 23.24870 23.24960 23.24960 23.24740 23.24170 23.23330 23.22260 23.20900 23.19370 23.17950 23.16680 23.15440 23.14370 23.13690 23.13290 23.13020 23.12960 23.13130 23.13220 23.13190 23.13490 23.14050 23.14280 23.14330 23.14830 23.15730 23.16740 23.17900 23.19280 23.20780 23.22280 23.23660 23.24830 23.25700 23.26270 23.26660 23.27150 23.28070 23.29380 23.30750 23.31040 23.29310
23.81560 23.76820 23.72190 23.67990 23.64470 23.61680 23.59470 23.57730 23.56340 23.54980 23.53320 23.51290 23.48850 23.45910 23.42630 23.39700 23.37490 23.35840 23.34760 23.34340 23.34350 23.34400 23.34490 23.34690 23.34740 23.34470 23.34040 23.33490 23.32560 23.31310 23.30130 23.29040 23.27750 23.26510 23.25710 23.25200 23.24720 23.24370 23.24180 23.23880 23.23420 23.23210 23.23230 23.23040 23.22720 23.22650 23.22820 23.23030 23.23480 23.24310 23.25420 23.26610 23.27770 23.28780 23.29580 23.30090 23.30250 23.30250 23.30440 23.31230 23.32760 23.33790 23.33070
23.91980 23.87590 23.82570 23.77130 23.72350 23.68780 23.66400 23.64960 23.64160 23.63710 23.63340 23.62740 23.61620 23.59880 23.57630 23.55370 23.53390 23.51640 23.50150 23.49020 23.48260 23.47810 23.47480 23.47090 23.46720 23.46420 23.45990 23.45320 23.44490 23.43540 23.42500 23.41370 23.40160 23.39040 23.38210 23.37590 23.37050 23.36580 23.36170 23.35760 23.35280 23.34790 23.34250 23.33560 23.32770 23.32050 23.31370 23.30660 23.30100 23.29900 23.30130 23.30760 23.31560 23.32370 23.33070 23.33530 23.33560 23.33240 23.32830 23.33000 23.34210 23.35490 23.35600
24.01040 23.97240 23.92680 23.87440 23.82470 23.78360 23.75280 23.73250 23.72160 23.71840 23.72050 23.72340 23.72290 23.71720 23.70630 23.69280 23.67840 23.66340 23.64820 23.63270 23.61870 23.60830 23.59930 23.58870 23.57880 23.57120 23.56300 23.55260 23.54250 23.53300 23.52230 23.51040 23.49920 23.48950 23.48170 23.47520 23.46930 23.46430 23.46020 23.45680 23.45320 23.44880 23.44260 23.43440 23.42460 23.41470 23.40420 23.39210 23.37930 23.36700 23.35840 23.35510 23.35570 23.35890 23.36330 23.36730 23.36830 23.36480 23.35700 23.35210 23.35740 23.36720 23.37210
24.08210 24.04920 24.01470 23.97880 23.93960 23.89800 23.85820 23.82510 23.80320 23.79260 23.79090 23.79370 23.79690 23.79760 23.79440 23.78770 23.77830 23.76710 23.75380 23.73820 23.72160 23.70650 23.69230 23.67760 23.66310 23.64940 23.63570 23.62180 23.60870 23.59650 23.58430 23.57250 23.56180 23.55270 23.54550 23.53900 23.53270 23.52780 23.52510 23.52310 23.52080 23.51890 23.51650 23.51140 23.50390 23.49610 23.48760 23.47680 23.46260 23.44470 23.42670 23.41200 23.40200 23.39700 23.39650 23.39890 23.40130 23.39970 23.39070 23.38060 23.37780 23.38110 23.38490
24.13910 24.11550 24.09380 24.07250 24.04340 24.00510 23.96360 23.92540 23.89620 23.87700 23.86660 23.86190 23.85930 23.85650 23.85190 23.84580 23.83790 23.82730 23.81410 23.79900 23.78240 23.76490 23.74730 23.73040 23.71430 23.69870 23.68270 23.66630 23.65110 23.63740 23.62420 23.61190 23.60130 23.59240 23.58480 23.57800 23.57190 23.56770 23.56580 23.56510 23.56460 23.56440 23.56420 23.56330 23.56110 23.55730 23.55220 23.54610 23.53610 23.52000 23.49920 23.47670 23.45660 23.44220 23.43460 23.43280 23.43370 23.43250 23.42440 23.41330 23.40540 23.40230 23.40250
24.18470 24.17340 24.16280 24.14970 24.12760 24.09580 24.06010 24.02470 23.99280 23.96670 23.94780 23.93330 23.92050 23.90840 23.89690 23.88660 23.87650 23.86400 23.84920 23.83460 23.81950 23.80170 23.78270 23.76490 23.74880 23.73400 23.71800 23.70040 23.68420 23.67020 23.65640 23.64320 23.63230 23.62320 23.61440 23.60680 23.60180 23.59860 23.59670 23.59660 23.59780 23.59820 23.59810 23.60030 23.60360 23.60390 23.60230 23.60110 23.59770 23.58840 23.57130 23.54710 23.52110 23.49830 23.48230 23.47360 23.46940 23.46580 23.45840 23.44830 23.43840 23.43090 23.42680
24.22250 24.22110 24.21820 24.21060 24.19620 24.17420 24.14500 24.11090 24.07540 24.04340 24.01910 23.99940 23.98080 23.96330 23.94740 23.93320 23.91990 23.90590 23.89170 23.87910 23.86600 23.84890 23.82990 23.81180 23.79450 23.77710 23.75940 23.74160 23.72430 23.70820 23.69360 23.68040 23.66870 23.65800 23.64800 23.64040 23.63640 23.63430 23.63260 23.63270 23.63440 23.63550 23.63650 23.64010 23.64550 23.64940 23.65180 23.65370 23.65420 23.65100 23.64050 23.62110 23.59540 23.56770 23.54370 23.52630 23.51520 23.50680 23.49660 23.48480 23.47360 23.46380 23.45580
24.26040 24.26540 24.26730 24.26420 24.25720 24.24410 24.22050 24.18670 24.14710 24.10910 24.07930 24.05510 24.03270 24.01260 23.99530 23.97960 23.96470 23.95140 23.93990 23.93000 23.91900 23.90320 23.88470 23.86640 23.84680 23.82490 23.80410 23.78560 23.76690 23.74800 23.73210 23.71900 23.70620 23.69400 23.68370 23.67680 23.67380 23.67260 23.67200 23.67250 23.67450 23.67710 23.68000 23.68440 23.69000 23.69640 23.70220 23.70640 23.70900 23.70940 23.70500 23.69330 23.67290 23.64550 23.61660 23.59100 23.57220 23.55770 23.54260 23.52730 23.51430 23.50260 23.49160
24.30670 24.31560 24.32090 24.32150 24.31810 24.30890 24.28980 24.25920 24.21790 24.17340 24.13380 24.09910 24.06820 24.04310 24.02470 24.01000 23.99730 23.98680 23.97840 23.97100 23.96170 23.94740 23.92950 23.91030 23.88890 23.86490 23.84160 23.82060 23.80010 23.78010 23.76290 23.74850 23.73510 23.72300 23.71380 23.70810 23.70570 23.70530 23.70610 23.70840 23.71220 23.71640 23.72090 23.72670 23.73370 23.74100 23.74840 23.75610 23.76210 23.76420 23.76300 23.75760 23.74500 23.72360 23.69520 23.66460 23.63870 23.61790 23.59900 23.58140 23.56560 23.55110 23.53740
24.35950 24.37110 24.37880 24.38160 24.37850 24.36870 24.35120 24.32350 24.28300 24.23480 24.18620 24.13990 24.09840 24.06610 24.04530 24.03280 24.02490 24.01790 24.01080 24.00420 23.99580 23.98250 23.96500 23.94500 23.92270 23.89840 23.87410 23.85080 23.82880 23.80820 23.79000 23.77420 23.76060 23.74950 23.74160 23.73640 23.73340 23.73250 23.73390 23.73750 23.74270 23.74790 23.75310 23.76020 23.76840 23.77580 23.78400 23.79500 23.80470 23.80940 23.81100 23.81080 23.80640 23.79460 23.77250 23.74260 23.71290 23.68690 23.66510 23.64590 23.62720 23.60960 23.59330
24.41160 24.42550 24.43500 24.43820 24.43410 24.42230 24.40280 24.37450 24.33610 24.28990 24.23980 24.18830 24.13920 24.09990 24.07550 24.06450 24.06120 24.05620 24.04740 24.03910 24.03000 24.01660 23.99920 23.97910 23.95690 23.93280 23.90850 23.88480 23.86140 23.83900 23.81940 23.80310 23.78930 23.77820 23.77020 23.76400 23.75870 23.75550 23.75560 23.75840 23.76310 23.76820 23.77380 23.78090 23.78910 23.79740 23.80700 23.81950 23.83220 23.84220 23.84930 23.85430 23.85740 23.85620 23.84460 23.82230 23.79420 23.76570 23.74090 23.71930 23.69850 23.67840 23.65940
24.44880 24.46470 24.47670 24.48170 24.47880 24.46750 24.44720 24.41870 24.38300 24.34220 24.29830 24.25090 24.20210 24.16100 24.13450 24.12230 24.11860 24.11200 24.10040 24.08920 24.07800 24.06330 24.04530 24.02540 24.00370 23.98030 23.95550 23.92950 23.90160 23.87360 23.84990 23.83110 23.81480 23.80110 23.79070 23.78220 23.77430 23.76880 23.76710 23.76920 23.77420 23.78070 23.78810 23.79690 23.80680 23.81790 23.83060 23.84590 23.86230 23.87810 23.89180 23.90290 23.91310 23.92110 23.92080 23.90930 23.88740 23.85960 23.83250 23.80730 23.78350 23.76090 23.73890
24.46830 24.48500 24.49990 24.50880 24.51040 24.50360 24.48750 24.46260 24.43070 24.39630 24.36300 24.32740 24.28740 24.25140 24.22580 24.20950 24.19890 24.18780 24.17440 24.16100 24.14680 24.12980 24.11050 24.08980 24.06820 24.04520 24.01840 23.98640 23.94940 23.91140 23.87970 23.85510 23.83350 23.81490 23.80120 23.79110 23.78280 23.77710 23.77560 23.77950 23.78830 23.79940 23.81150 23.82500 23.83980 23.85540 23.87280 23.89300 23.91400 23.93370 23.95190 23.96900 23.98530 23.99940 24.00740 24.00600 23.99240 23.96880 23.94050 23.91100 23.88270 23.85620 23.83130
24.49490 24.50910 24.52290 24.53260 24.53670 24.53420 24.52440 24.50700 24.48270 24.45580 24.43090 24.40420 24.37280 24.34290 24.31910 24.29950 24.28280 24.26910 24.25690 24.24330 24.22720 24.20800 24.18600 24.16200 24.13750 24.11250 24.08280 24.04520 23.99930 23.95050 23.90960 23.87870 23.85260 23.83220 23.82050 23.81460 23.81110 23.81030 23.81410 23.82450 23.84100 23.85900 23.87670 23.89490 23.91380 23.93290 23.95330 23.97620 23.99880 24.01850 24.03640 24.05410 24.07160 24.08780 24.09970 24.10390 24.09710 24.07900 24.05140 24.01870 23.98550 23.95420 23.92620
24.54180 24.55080 24.55970 24.56600 24.56880 24.56810 24.56350 24.55430 24.53980 24.52130 24.50020 24.47610 24.44880 24.42270 24.40020 24.37950 24.36060 24.34730 24.33760 24.32560 24.30920 24.28880 24.26420 24.23560 24.20610 24.17760 24.14640 24.10820 24.05850 24.00200 23.95370 23.91790 23.89120 23.87500 23.87210 23.87700 23.88330 23.89200 23.90540 23.92500 23.94960 23.97370 23.99490 24.01440 24.03290 24.05140 24.07050 24.09080 24.10960 24.12480 24.13670 24.14730 24.15960 24.17340 24.18420 24.18890 24.18560 24.17240 24.14790 24.11480 24.07790 24.04220 24.01130
24.59980 24.60640 24.61310 24.61810 24.62040 24.61960 24.61580 24.60930 24.60040 24.58830 24.57200 24.55180 24.52890 24.50600 24.48460 24.46280 24.44150 24.42580 24.41450 24.40170 24.38540 24.36580 24.34180 24.31280 24.28260 24.25470 24.22790 24.19720 24.15220 24.09540 24.04350 24.00510 23.98210 23.97480 23.98170 23.99650 24.01290 24.03070 24.05100 24.07480 24.10070 24.12360 24.14160 24.15560 24.16740 24.17880 24.19080 24.20370 24.21470 24.22110 24.22310 24.22300 24.22550 24.23200 24.23810 24.24100 24.23910 24.22980 24.21040 24.18120 24.14440 24.10690 24.07430
24.65720 24.66530 24.67380 24.68160 24.68590 24.68530 24.67930 24.67040 24.66230 24.65450 24.64510 24.63250 24.61600 24.59760 24.57820 24.55560 24.53130 24.51050 24.49410 24.47870 24.46300 24.44640 24.42680 24.40270 24.37730 24.35460 24.33650 24.31850 24.28580 24.23700 24.18670 24.14740 24.12790 24.12740 24.13990 24.15970 24.18210 24.20450 24.22550 24.24590 24.26480 24.27860 24.28600 24.28870 24.28850 24.28730 24.28730 24.28950 24.28990 24.28470 24.27510 24.26410 24.25560 24.25180 24.25160 24.25260 24.25170 24.24620 24.23380 24.21210 24.18030 24.14490 24.11250
24.70240 24.71270 24.72350 24.73460 24.74220 24.74390 24.73850 24.72960 24.72310 24.71930 24.71600 24.71050 24.70110 24.68900 24.67440 24.65460 24.63040 24.60790 24.58970 24.57470 24.56180 24.54950 24.53560 24.51860 24.49950 24.48120 24.46920 24.46150 24.44280 24.40770 24.36450 24.32440 24.29980 24.29380 24.30370 24.32290 24.34450 24.36430 24.38020 24.39260 24.40080 24.40220 24.39640 24.38580 24.37230 24.35710 24.34340 24.33350 24.32240 24.30530 24.28490 24.26500 24.24810 24.23610 24.23040 24.23000 24.23160 24.23200 24.22790 24.21550 24.19240 24.16300 24.13290
24.73340 24.74620 24.75880 24.77260 24.78380 24.78970 24.78860 24.78380 24.78060 24.77990 24.78040 24.78010 24.77720 24.77260 24.76560 24.75190 24.73200 24.71240 24.69650 24.68460 24.67580 24.66810 24.66010 24.65010 24.63730 24.62300 24.61410 24.61100 24.60220 24.58060 24.54650 24.50680 24.47250 24.45060 24.44510 24.45250 24.46680 24.48110 24.49010 24.49310 24.48960 24.47780 24.45870 24.43540 24.40960 24.38190 24.35620 24.33600 24.31570 24.29030 24.26380 24.24020 24.22010 24.20460 24.19600 24.19480 24.19950 24.20630 24.21000 24.20680 24.19390 24.17290 24.14670
24.75470 24.77130 24.78660 24.80280 24.81700 24.82710 24.83210 24.83320 24.83270 24.83280 24.83500 24.83810 24.84060 24.84290 24.84360 24.83790 24.82500 24.81070 24.79820 24.78870 24.78240 24.77900 24.77640 24.77220 24.76600 24.75870 24.75350 24.75010 24.74280 24.72680 24.69930 24.66320 24.62530 24.58750 24.55150 24.53000 24.53270 24.54430 24.54960 24.54500 24.52980 24.50580 24.47520 24.44100 24.40470 24.36780 24.33450 24.30870 24.28550 24.25980 24.23530 24.21520 24.19840 24.18480 24.17680 24.17570 24.18130 24.19070 24.19960 24.20380 24.19990 24.18690 24.16590
24.76780 24.78920 24.80830 24.82750 24.84440 24.85810 24.86890 24.87600 24.87860 24.87970 24.88310 24.88860 24.89500 24.90190 24.90780 24.90840 24.90270 24.89470 24.88660 24.87930 24.87430 24.87330 24.87430 24.87440 24.87400 24.87360 24.87190 24.86740 24.85860 24.84360 24.82010 24.78880 24.75150 24.70400 24.64390 24.59410 24.57610 24.57440 24.57090 24.56090 24.54190 24.51240 24.47400 24.43170 24.38810 24.34530 24.30780 24.27990 24.25700 24.23410 24.21440 24.20020 24.18900 24.17970 24.17390 24.17280 24.17690 24.18540 24.19670 24.20620 24.20860 24.20210 24.18650
24.77270 24.79960 24.82320 24.84620 24.86660 24.88370 24.89840 24.91020 24.91820 24.92390 24.93010 24.93760 24.94630 24.95470 24.96100 24.96370 24.96300 24.96130 24.95910 24.95580 24.95240 24.95110 24.95230 24.95550 24.95860 24.96000 24.95980 24.95770 24.95170 24.93970 24.92000 24.89130 24.85290 24.80520 24.75050 24.69500 24.64550 24.60600 24.57900 24.56400 24.55340 24.52930 24.48780 24.44050 24.39290 24.34630 24.30570 24.27590 24.25180 24.22830 24.20890 24.19630 24.18780 24.18130 24.17670 24.17450 24.17570 24.18180 24.19370 24.20610 24.21230 24.21040 24.20010
24.77060 24.80320 24.83190 24.85890 24.88330 24.90460 24.92300 24.93870 24.95230 24.96390 24.97390 24.98420 24.99550 25.00460 25.00970 25.01300 25.01630 25.01980 25.02280 25.02420 25.02360 25.02160 25.02110 25.02430 25.02830 25.03000 25.03090 25.03140 25.02920 25.02160 25.00610 24.98030 24.94310 24.90180 24.86420 24.81620 24.74580 24.67420 24.62270 24.59490 24.58150 24.55710 24.51350 24.46110 24.40670 24.35480 24.31100 24.27950 24.25410 24.22850 24.20770 24.19510 24.18750 24.18210 24.17770 24.17420 24.17300 24.17660 24.18770 24.20150 24.21100 24.21370 24.20890
24.76350 24.80140 24.83490 24.86500 24.89380 24.92080 24.94370 24.96290 24.98040 24.99630 25.01030 25.02440 25.03960 25.05120 25.05750 25.06330 25.07080 25.07790 25.08400 25.08950 25.09300 25.09270 25.09090 25.09070 25.09310 25.09720 25.10010 25.10020 25.09890 25.09510 25.08440 25.06450 25.03540 25.00280 24.97210 24.93070 24.86720 24.79690 24.73500 24.68310 24.63860 24.59530 24.54630 24.48500 24.41680 24.35470 24.30590 24.27260 24.24660 24.22050 24.20010 24.18920 24.18270 24.17720 24.17250 24.16890 24.16650 24.16850 24.17810 24.19250 24.20600 24.21470 24.21590
24.75630 24.79600 24.83180 24.86410 24.89630 24.92770 24.95450 24.97680 24.99700 25.01580 25.03310 25.05100 25.07010 25.08580 25.09640 25.10620 25.11730 25.12770 25.13700 25.14600 25.15360 25.15780 25.15850 25.15710 25.15730 25.16110 25.16440 25.16500 25.16550 25.16540 25.16100 25.14980 25.13110 25.10650 25.07780 25.04130 24.99320 24.93730 24.87660 24.80750 24.73340 24.66830 24.60900 24.53520 24.45040 24.37380 24.31440 24.27390 24.24320 24.21440 24.19330 24.18320 24.17700 24.17050 24.16480 24.16040 24.15710 24.15770 24.16620 24.18070 24.19670 24.20980 24.21660
24.75200 24.78930 24.82450 24.85780 24.89110 24.92350 24.95220 24.97700 24.99960 25.02060 25.04050 25.06090 25.08270 25.10290 25.11950 25.13370 25.14710 25.16110 25.17530 25.18770 25.19870 25.20940 25.21740 25.22030 25.22020 25.21970 25.22130 25.22550 25.23010 25.23380 25.23620 25.23440 25.22380 25.20510 25.18070 25.14920 25.10870 25.06170 25.00780 24.94020 24.86040 24.78510 24.71360 24.62820 24.53160 24.44090 24.36590 24.31050 24.26700 24.22850 24.20040 24.18550 24.17630 24.16780 24.16020 24.15370 24.14820 24.14710 24.15490 24.16920 24.18490 24.19930 24.21050
