data_raster/melanesia/PNMC_temperatures_2021/202105.grd
DSAA																																																																																																																																																																																																																																																																																																																																																																																																																											
412	268																																																																																																																																																																																																																																																																																																																																																																																																																										
156	174.5																																																																																																																																																																																																																																																																																																																																																																																																																										
-26.5	-14.5																																																																																																																																																																																																																																																																																																																																																																																																																										
19.0 30.5																																																																																																																																																																																																																																																																																																																																																																																																																										
[rows 140 to 167 of 268, columns 252 to 314 of 412]
26.48780 26.49900 26.50860 26.51440 26.51900 26.52280 26.52410 26.52360 26.52350 26.52340 26.52250 26.52180 26.52200 26.52320 26.52530 26.52920 26.53510 26.54230 26.55030 26.55920 26.56860 26.57810 26.58730 26.59630 26.60520 26.61420 26.62250 26.63010 26.63840 26.64720 26.65490 26.66070 26.66460 26.66720 26.66970 26.67270 26.67510 26.67280 26.66380 26.65370 26.64920 26.65700 26.67700 26.70190 26.72670 26.74850 26.76490 26.77390 26.77240 26.76070 26.75140 26.74670 26.72330 26.64480 26.14529 26.14529 26.14529 26.38580 26.38890 26.33020 26.32590 26.35440 26.37300
26.51140 26.52090 26.52870 26.53340 26.53660 26.53840 26.53760 26.53520 26.53320 26.53120 26.52850 26.52610 26.52520 26.52600 26.52840 26.53270 26.53880 26.54650 26.55500 26.56350 26.57220 26.58110 26.58990 26.59820 26.60680 26.61620 26.62520 26.63340 26.64250 26.65250 26.66230 26.67050 26.67590 26.67920 26.68210 26.68600 26.69140 26.69330 26.68780 26.67510 26.66170 26.66220 26.67980 26.70540 26.73300 26.75980 26.78150 26.79430 26.79630 26.78830 26.77540 26.76450 26.76340 26.71080 26.14529 26.14529 26.14529 26.37120 26.41590 26.35010 26.34580 26.38020 26.39960
26.53470 26.54290 26.54940 26.55300 26.55480 26.55490 26.55270 26.54910 26.54560 26.54240 26.53900 26.53600 26.53420 26.53390 26.53570 26.54000 26.54640 26.55370 26.56120 26.56920 26.57760 26.58610 26.59450 26.60290 26.61160 26.62070 26.62960 26.63830 26.64740 26.65720 26.66790 26.67780 26.68470 26.68820 26.68940 26.69230 26.69980 26.70770 26.70990 26.70010 26.68210 26.67470 26.68590 26.71060 26.74250 26.77510 26.80260 26.82010 26.82500 26.81690 26.80090 26.78680 26.78980 26.76870 26.61210 26.39580 26.34950 26.42620 26.43220 26.39010 26.38930 26.41230 26.42650
26.55870 26.56660 26.57260 26.57570 26.57680 26.57600 26.57310 26.56890 26.56450 26.56010 26.55570 26.55170 26.54870 26.54740 26.54820 26.55200 26.55810 26.56450 26.57070 26.57830 26.58660 26.59450 26.60210 26.61010 26.61850 26.62710 26.63610 26.64510 26.65370 26.66250 26.67330 26.68460 26.69310 26.69680 26.69610 26.69580 26.70080 26.71000 26.71850 26.71570 26.70090 26.68970 26.69280 26.71380 26.74810 26.78630 26.82130 26.84710 26.85700 26.84810 26.83130 26.81950 26.82390 26.82790 26.78010 26.68240 26.58670 26.51620 26.47390 26.45610 26.45600 26.46380 26.47190
26.58440 26.59300 26.59930 26.60290 26.60410 26.60350 26.60070 26.59630 26.59100 26.58500 26.57840 26.57210 26.56720 26.56440 26.56420 26.56710 26.57210 26.57750 26.58310 26.59050 26.59880 26.60630 26.61280 26.61930 26.62670 26.63550 26.64480 26.65380 26.66160 26.66950 26.68000 26.69230 26.70250 26.70780 26.70700 26.70300 26.70030 26.70310 26.71140 26.71520 26.70950 26.70020 26.69690 26.71180 26.74460 26.78630 26.83000 26.86830 26.88760 26.88070 26.86650 26.86340 26.87760 26.89300 26.86670 26.79070 26.69150 26.60300 26.55670 26.54270 26.53790 26.53780 26.54230
26.61120 26.62130 26.62900 26.63350 26.63530 26.63470 26.63200 26.62740 26.62120 26.61330 26.60420 26.59480 26.58640 26.58050 26.57800 26.57920 26.58310 26.58770 26.59280 26.60000 26.60850 26.61650 26.62350 26.62980 26.63710 26.64640 26.65610 26.66470 26.67140 26.67790 26.68780 26.70070 26.71320 26.72240 26.72580 26.72260 26.71420 26.70800 26.70840 26.70960 26.70670 26.69920 26.69420 26.70560 26.73540 26.77700 26.82630 26.87740 26.90970 26.90990 26.90270 26.90980 26.93040 26.94510 26.91470 26.83870 26.75310 26.68360 26.64450 26.62830 26.62020 26.61670 26.61720
26.63800 26.64970 26.65900 26.66470 26.66690 26.66590 26.66300 26.65810 26.65090 26.64140 26.63020 26.61780 26.60500 26.59440 26.58820 26.58690 26.58950 26.59330 26.59780 26.60450 26.61320 26.62250 26.63150 26.63970 26.64850 26.65860 26.66860 26.67680 26.68280 26.68820 26.69760 26.71100 26.72580 26.73970 26.75060 26.75390 26.74640 26.73430 26.72300 26.71180 26.70030 26.68970 26.68510 26.69450 26.71990 26.75890 26.81150 26.87430 26.92120 26.93390 26.93820 26.95450 26.97380 26.98180 26.96240 26.91110 26.83580 26.76110 26.71690 26.69880 26.69050 26.68560 26.68210
26.66270 26.67490 26.68460 26.69100 26.69360 26.69280 26.68980 26.68480 26.67700 26.66660 26.65430 26.63990 26.62440 26.61040 26.60030 26.59580 26.59610 26.59830 26.60180 26.60770 26.61600 26.62560 26.63570 26.64580 26.65630 26.66760 26.67840 26.68780 26.69500 26.70160 26.71170 26.72560 26.74050 26.75630 26.77290 26.78370 26.78250 26.77210 26.75580 26.73360 26.70830 26.68780 26.67640 26.67560 26.69090 26.73000 26.79170 26.86680 26.92780 26.95560 26.97390 26.99970 27.01990 27.02510 27.01670 26.98680 26.92130 26.84100 26.78400 26.75420 26.74170 26.73790 26.73640
26.68340 26.69480 26.70390 26.71030 26.71340 26.71340 26.71100 26.70620 26.69860 26.68840 26.67600 26.66150 26.64560 26.63010 26.61730 26.60930 26.60650 26.60660 26.60870 26.61340 26.62050 26.62880 26.63820 26.64870 26.66010 26.67230 26.68460 26.69640 26.70680 26.71670 26.72890 26.74290 26.75640 26.77130 26.79020 26.80710 26.81480 26.81280 26.80020 26.77270 26.73460 26.70340 26.68330 26.66520 26.66130 26.69620 26.76620 26.85280 26.92700 26.96970 27.00110 27.03580 27.06150 27.07100 27.06860 27.04850 26.99690 26.92500 26.85790 26.81000 26.78720 26.78150 26.78260
26.69900 26.70920 26.71750 26.72360 26.72710 26.72800 26.72680 26.72340 26.71700 26.70790 26.69680 26.68360 26.66840 26.65280 26.63870 26.62850 26.62320 26.62130 26.62210 26.62530 26.63030 26.63670 26.64410 26.65290 26.66320 26.67520 26.68880 26.70310 26.71690 26.73010 26.74410 26.75820 26.77100 26.78570 26.80640 26.82790 26.84330 26.85010 26.84410 26.81490 26.76900 26.73930 26.72560 26.69440 26.66090 26.67070 26.73030 26.82280 26.91080 26.96520 27.00450 27.04430 27.07550 27.09250 27.09860 27.09080 27.06100 27.01070 26.94890 26.89240 26.85650 26.83720 26.82660
26.71180 26.72100 26.72860 26.73450 26.73820 26.73970 26.73980 26.73810 26.73330 26.72600 26.71700 26.70580 26.69200 26.67710 26.66320 26.65230 26.64570 26.64260 26.64250 26.64440 26.64770 26.65230 26.65760 26.66360 26.67120 26.68160 26.69480 26.71020 26.72610 26.74170 26.75650 26.77010 26.78250 26.79780 26.82080 26.84640 26.86730 26.88080 26.88130 26.85450 26.80930 26.78940 26.78910 26.75300 26.69310 26.66630 26.69980 26.79530 26.89860 26.96070 27.00200 27.04340 27.07790 27.10110 27.11610 27.12230 27.11550 27.09140 27.04770 26.99630 26.95200 26.91560 26.88590
26.72640 26.73490 26.74190 26.74730 26.75090 26.75280 26.75330 26.75220 26.74890 26.74350 26.73620 26.72670 26.71480 26.70160 26.68880 26.67850 26.67180 26.66850 26.66800 26.66970 26.67300 26.67730 26.68170 26.68570 26.69050 26.69740 26.70750 26.72100 26.73690 26.75330 26.76770 26.77950 26.78990 26.80490 26.83050 26.86060 26.88630 26.90440 26.91030 26.89250 26.85810 26.84270 26.84130 26.80780 26.74540 26.69460 26.70390 26.80440 26.92360 26.98930 27.02850 27.06980 27.10540 27.12990 27.14680 27.15870 27.16520 27.16020 27.13570 27.09830 27.05860 27.01880 26.98020
26.74480 26.75270 26.75920 26.76420 26.76750 26.76920 26.76930 26.76800 26.76540 26.76120 26.75500 26.74670 26.73670 26.72550 26.71430 26.70530 26.69940 26.69620 26.69580 26.69840 26.70340 26.70940 26.71500 26.71870 26.72100 26.72330 26.72820 26.73770 26.75140 26.76680 26.77910 26.78750 26.79490 26.80900 26.83750 26.87260 26.90330 26.92570 26.93670 26.93100 26.91150 26.89360 26.87870 26.85360 26.81400 26.76780 26.76930 26.86870 26.98960 27.05180 27.08610 27.12480 27.15880 27.18190 27.19760 27.20960 27.22040 27.22480 27.21470 27.19280 27.16510 27.13240 27.09550
26.76710 26.77460 26.78080 26.78570 26.78850 26.78940 26.78880 26.78700 26.78420 26.78020 26.77460 26.76720 26.75840 26.74870 26.73940 26.73180 26.72660 26.72350 26.72320 26.72720 26.73510 26.74520 26.75420 26.75910 26.75970 26.75740 26.75660 26.76080 26.77070 26.78320 26.79150 26.79530 26.79990 26.81390 26.84510 26.88510 26.92200 26.95030 26.96710 26.97180 26.96300 26.93890 26.90980 26.89670 26.89450 26.14529 26.14529 26.14529 27.08220 27.13260 27.16180 27.19420 27.22430 27.24720 27.26470 27.27840 27.28960 27.29580 27.29270 27.28100 27.26270 27.23760 27.20630
26.79000 26.79760 26.80410 26.80920 26.81190 26.81220 26.81120 26.80910 26.80590 26.80170 26.79630 26.78970 26.78150 26.77310 26.76540 26.75890 26.75370 26.75030 26.75010 26.75590 26.76730 26.78200 26.79520 26.80210 26.80180 26.79600 26.79000 26.78820 26.79250 26.80030 26.80410 26.80410 26.80660 26.82070 26.85370 26.89790 26.94170 26.97760 27.00080 27.01110 27.00550 26.97750 26.94280 26.14529 26.14529 26.14529 26.14529 26.14529 27.16370 27.20550 27.23590 27.26540 27.29280 27.31650 27.33620 27.35150 27.36200 27.36720 27.36650 27.35990 27.34720 27.32810 27.30300
26.81070 26.81880 26.82600 26.83180 26.83520 26.83610 26.83530 26.83320 26.83010 26.82600 26.82080 26.81460 26.80730 26.80000 26.79340 26.78710 26.78140 26.77730 26.77740 26.78520 26.80000 26.81830 26.83430 26.84270 26.84240 26.83500 26.82490 26.81670 26.81420 26.81610 26.81610 26.81410 26.81550 26.82890 26.86170 26.90850 26.95890 27.00330 27.03350 27.04490 27.03600 27.01020 26.98330 26.14529 26.14529 26.14529 26.14529 26.14529 27.20970 27.25450 27.29460 27.32880 27.35740 27.38100 27.40000 27.41470 27.42460 27.42960 27.43010 27.42580 27.41630 27.40150 27.38170
26.82880 26.83760 26.84570 26.85270 26.85730 26.85920 26.85910 26.85740 26.85460 26.85080 26.84600 26.84020 26.83380 26.82750 26.82140 26.81510 26.80900 26.80510 26.80650 26.81670 26.83400 26.85360 26.86990 26.87810 26.87770 26.86980 26.85760 26.84480 26.83580 26.83100 26.82670 26.82300 26.82340 26.83500 26.86510 26.91090 26.96530 27.01760 27.05670 27.07210 27.06270 27.04170 26.14529 26.14529 26.14529 26.14529 26.14529 27.20860 27.25500 27.30300 27.34730 27.38400 27.41270 27.43430 27.45090 27.46370 27.47290 27.47830 27.47950 27.47650 27.46920 27.45770 27.44210
26.84530 26.85440 26.86340 26.87160 26.87740 26.88030 26.88110 26.88020 26.87770 26.87410 26.86990 26.86500 26.85940 26.85360 26.84790 26.84180 26.83620 26.83380 26.83760 26.85020 26.86880 26.88720 26.90100 26.90710 26.90570 26.89800 26.88560 26.87100 26.85720 26.84560 26.83580 26.82880 26.82750 26.83650 26.86090 26.90160 26.95590 27.01480 27.06580 27.09270 27.09130 27.07690 26.14529 26.14529 26.14529 27.23060 27.24370 27.27520 27.31990 27.36260 27.40010 27.43150 27.45630 27.47480 27.48900 27.50010 27.50860 27.51410 27.51590 27.51410 27.50890 27.50000 27.48730
26.86220 26.87100 26.88010 26.88890 26.89570 26.89970 26.90140 26.90100 26.89880 26.89560 26.89210 26.88810 26.88350 26.87840 26.87320 26.86750 26.86280 26.86230 26.86860 26.88280 26.90100 26.91700 26.92760 26.93100 26.92830 26.92050 26.90880 26.89390 26.87750 26.86070 26.84460 26.83200 26.82740 26.83280 26.84980 26.88290 26.93510 27.00020 27.06550 27.10720 27.11820 27.11880 26.14529 26.14529 26.14529 27.20470 27.30390 27.35290 27.37540 27.40900 27.44460 27.47130 27.49180 27.50880 27.52260 27.53330 27.54150 27.54700 27.54920 27.54800 27.54400 27.53670 27.52580
26.88050 26.88820 26.89640 26.90500 26.91230 26.91750 26.91980 26.91970 26.91800 26.91530 26.91250 26.90940 26.90590 26.90190 26.89740 26.89250 26.88880 26.89010 26.89800 26.91240 26.92920 26.94270 26.95020 26.95130 26.94690 26.93870 26.92730 26.91300 26.89610 26.87660 26.85450 26.83500 26.82590 26.82690 26.83540 26.85840 26.90400 26.97090 27.04790 27.10490 27.13300 27.15770 26.14529 26.14529 26.14529 27.08040 27.33520 27.42000 27.40980 27.43630 27.47850 27.50480 27.52360 27.54170 27.55680 27.56810 27.57650 27.58200 27.58410 27.58300 27.57920 27.57230 27.56220
26.90030 26.90560 26.91220 26.91990 26.92740 26.93320 26.93630 26.93680 26.93570 26.93370 26.93160 26.92940 26.92690 26.92400 26.92040 26.91660 26.91420 26.91680 26.92580 26.93980 26.95490 26.96570 26.97040 26.96890 26.96280 26.95350 26.94200 26.92840 26.91260 26.89300 26.86750 26.84240 26.82910 26.82540 26.82430 26.83230 26.85960 26.91330 26.98960 27.06250 27.11870 27.16750 27.17090 27.05650 26.95850 27.10880 27.35820 27.44530 27.43990 27.46740 27.50910 27.53590 27.55600 27.57540 27.59130 27.60280 27.61110 27.61630 27.61800 27.61650 27.61220 27.60530 27.59540
26.92030 26.92260 26.92710 26.93380 26.94110 26.94730 26.95120 26.95280 26.95250 26.95140 26.95010 26.94890 26.94740 26.94530 26.94280 26.94030 26.93960 26.94380 26.95350 26.96690 26.98010 26.98810 26.98980 26.98570 26.97760 26.96710 26.95500 26.94190 26.92780 26.91000 26.88400 26.85610 26.83950 26.83080 26.82020 26.81150 26.81460 26.84350 26.90430 26.98330 27.06360 27.12830 27.16770 27.18210 27.20540 27.28410 27.38200 27.43950 27.47150 27.50600 26.14529 27.56650 27.58930 27.60920 27.62480 27.63580 27.64340 27.64780 27.64880 27.64650 27.64150 27.63400 27.62380
26.93860 26.93820 26.94090 26.94680 26.95390 26.96050 26.96540 26.96810 26.96900 26.96890 26.96880 26.96850 26.96800 26.96680 26.96520 26.96450 26.96650 26.97310 26.98390 26.99650 27.00720 27.01220 27.01070 27.00380 26.99360 26.98210 26.96970 26.95690 26.94380 26.92760 26.90290 26.87500 26.85550 26.84130 26.82340 26.80480 26.79370 26.80230 26.83810 26.89610 26.96580 27.03180 27.10230 27.20690 27.31760 27.37590 27.40310 27.44700 27.49840 27.53810 27.56910 27.59630 27.62030 27.64050 27.65560 27.66580 27.67260 27.67610 27.67590 27.67240 27.66600 27.65720 27.64580
26.95450 26.95230 26.95370 26.95880 26.96580 26.97270 26.97830 26.98210 26.98420 26.98540 26.98640 26.98720 26.98780 26.98760 26.98720 26.98900 26.99450 27.00440 27.01690 27.02860 27.03650 27.03820 27.03370 27.02420 27.01230 27.00020 26.98810 26.97570 26.96290 26.94750 26.92580 26.90010 26.87730 26.85580 26.83140 26.81060 26.80120 26.80160 26.81130 26.83640 26.87660 26.92200 26.98910 27.11720 27.26930 27.36610 27.41790 27.46870 27.51990 27.56220 27.59660 27.62510 27.64940 27.66970 27.68450 27.69390 27.69960 27.70180 27.69990 27.69420 27.68570 27.67470 27.66140
26.96820 26.96480 26.96540 26.96970 26.97620 26.98310 26.98910 26.99360 26.99660 26.99880 27.00100 27.00300 27.00470 27.00610 27.00800 27.01290 27.02220 27.03550 27.05010 27.06140 27.06690 27.06530 27.05790 27.04670 27.03420 27.02210 27.01060 26.99920 26.98660 26.97200 26.95440 26.93260 26.90520 26.87340 26.84150 26.82390 26.82950 26.83460 26.82700 26.83590 26.86350 26.86520 26.87770 27.01370 27.22330 27.35930 27.42470 27.48230 27.53820 27.58430 27.62180 27.65320 27.67900 27.69930 27.71330 27.72160 27.72580 27.72590 27.72150 27.71300 27.70130 27.68730 27.67160
26.98030 26.97600 26.97570 26.97910 26.98480 26.99120 26.99710 27.00200 27.00580 27.00910 27.01240 27.01570 27.01870 27.02210 27.02710 27.03560 27.04830 27.06470 27.08120 27.09250 27.09620 27.09200 27.08220 27.06990 27.05720 27.04550 27.03510 27.02520 27.01350 26.99980 26.98680 26.96900 26.93670 26.89650 26.86350 26.85470 26.87570 26.89140 26.88150 26.88060 26.89200 26.86370 26.84820 26.99470 27.23700 27.38110 27.43700 27.49450 27.55680 27.60680 27.64700 27.68140 27.70890 27.72890 27.74180 27.74870 27.75090 27.74850 27.74100 27.72900 27.71350 27.69610 27.67780
26.99160 26.98630 26.98470 26.98680 26.99140 26.99720 27.00270 27.00780 27.01250 27.01710 27.02170 27.02620 27.03080 27.03660 27.04490 27.05670 27.07230 27.09050 27.10790 27.11920 27.12190 27.11610 27.10460 27.09130 27.07850 27.06750 27.05850 27.05060 27.04050 27.02880 27.01960 27.00490 26.96990 26.92940 26.90940 26.91460 26.93790 26.95920 26.96050 26.93760 26.90400 26.89870 26.96050 27.11900 27.30990 27.41990 27.46720 27.51940 27.57840 27.63050 27.67430 27.71030 27.73800 27.75740 27.76900 27.77410 27.77430 27.76940 27.75870 27.74300 27.72370 27.70280 27.68170
27.00370 26.99650 26.99310 26.99360 26.99690 27.00170 27.00700 27.01250 27.01850 27.02480 27.03110 27.03740 27.04410 27.05240 27.06330 27.07740 27.09450 27.11320 27.13010 27.14030 27.14170 27.13420 27.12150 27.10800 27.09580 27.08600 27.07890 27.07320 27.06570 27.05690 27.05100 27.03980 27.00950 26.97920 26.97840 26.99530 27.00920 27.01850 27.01610 26.97370 26.92080 26.97530 27.13790 26.14529 27.38210 27.44740 27.49950 27.55040 27.60290 27.65530 27.70200 27.73860 27.76570 27.78430 27.79480 27.79850 27.79690 27.78970 27.77580 27.75630 27.73310 27.70860 27.68450
