data_raster/melanesia/PNMC_temperatures_2021/202105.grd
DSAA																																																																																																																																																																																																																																																																																																																																																																																																																											
412	268																																																																																																																																																																																																																																																																																																																																																																																																																										
156	174.5																																																																																																																																																																																																																																																																																																																																																																																																																										
-26.5	-14.5																																																																																																																																																																																																																																																																																																																																																																																																																										
19.0 30.5																																																																																																																																																																																																																																																																																																																																																																																																																										
[rows 56 to 83 of 268, columns 126 to 188 of 412]
23.83430 23.80660 23.78790 23.77840 23.77460 23.77350 23.77300 23.77160 23.76880 23.76560 23.76360 23.76340 23.76530 23.76980 23.77650 23.78260 23.78590 23.78540 23.78090 23.77360 23.76460 23.75490 23.74470 23.73450 23.72440 23.71510 23.70730 23.70140 23.69690 23.69500 23.69900 23.70890 23.72110 23.73420 23.74800 23.76340 23.78120 23.80090 23.82190 23.84350 23.86470 23.88420 23.90160 23.91810 23.93350 23.94660 23.95860 23.97210 23.98640 23.99950 24.01040 24.01790 24.02010 24.01690 24.01160 24.00540 23.99660 23.98690 23.98100 23.98110 23.98800 23.99940 24.01270
23.85650 23.82620 23.80530 23.79490 23.79060 23.78890 23.78770 23.78570 23.78230 23.77890 23.77720 23.77810 23.78190 23.78820 23.79610 23.80320 23.80750 23.80780 23.80420 23.79770 23.78930 23.77990 23.77000 23.75980 23.74940 23.73930 23.73000 23.72220 23.71650 23.71410 23.71660 23.72350 23.73230 23.74210 23.75350 23.76660 23.78130 23.79720 23.81400 23.83140 23.84930 23.86690 23.88390 23.90110 23.91820 23.93390 23.94950 23.96690 23.98430 23.99840 24.00850 24.01410 24.01450 24.01040 24.00400 23.99690 23.98910 23.98200 23.97820 23.97930 23.98590 23.99590 24.00720
23.88050 23.84790 23.82470 23.81310 23.80800 23.80530 23.80290 23.79990 23.79620 23.79310 23.79220 23.79430 23.79960 23.80740 23.81620 23.82410 23.82930 23.83070 23.82840 23.82310 23.81600 23.80760 23.79830 23.78830 23.77780 23.76710 23.75660 23.74700 23.73970 23.73570 23.73560 23.73880 23.74370 23.75030 23.75950 23.77110 23.78410 23.79770 23.81130 23.82520 23.83970 23.85420 23.86900 23.88480 23.90160 23.91910 23.93800 23.95910 23.97920 23.99450 24.00470 24.01030 24.01090 24.00710 24.00040 23.99260 23.98550 23.98040 23.97810 23.97980 23.98630 23.99580 24.00600
23.90460 23.87060 23.84560 23.83260 23.82650 23.82280 23.81910 23.81500 23.81120 23.80870 23.80880 23.81190 23.81830 23.82700 23.83650 23.84520 23.85150 23.85450 23.85380 23.85040 23.84500 23.83820 23.83000 23.82030 23.80970 23.79850 23.78700 23.77590 23.76660 23.76010 23.75670 23.75590 23.75690 23.75990 23.76610 23.77540 23.78680 23.79900 23.81100 23.82280 23.83480 23.84650 23.85830 23.87110 23.88600 23.90380 23.92470 23.94830 23.97060 23.98740 23.99900 24.00630 24.00880 24.00610 23.99940 23.99090 23.98380 23.97950 23.97800 23.98010 23.98670 23.99610 24.00600
23.92820 23.89390 23.86790 23.85350 23.84590 23.84100 23.83650 23.83190 23.82820 23.82630 23.82690 23.83070 23.83780 23.84690 23.85690 23.86650 23.87420 23.87910 23.88070 23.87970 23.87660 23.87170 23.86490 23.85580 23.84500 23.83310 23.82050 23.80800 23.79670 23.78750 23.78050 23.77550 23.77230 23.77150 23.77410 23.78030 23.78970 23.80060 23.81140 23.82200 23.83230 23.84210 23.85160 23.86180 23.87440 23.89110 23.91230 23.93660 23.96000 23.97840 23.99220 24.00190 24.00640 24.00480 23.99820 23.98920 23.98150 23.97680 23.97540 23.97770 23.98420 23.99310 24.00220
23.95100 23.91710 23.89090 23.87500 23.86570 23.85970 23.85500 23.85090 23.84750 23.84580 23.84670 23.85090 23.85820 23.86770 23.87800 23.88840 23.89760 23.90460 23.90870 23.91030 23.90970 23.90680 23.90130 23.89280 23.88170 23.86890 23.85530 23.84170 23.82890 23.81750 23.80740 23.79880 23.79180 23.78730 23.78610 23.78880 23.79540 23.80420 23.81350 23.82280 23.83170 23.84000 23.84780 23.85630 23.86700 23.88240 23.90250 23.92600 23.94940 23.96910 23.98480 23.99650 24.00240 24.00170 23.99560 23.98640 23.97770 23.97200 23.97010 23.97230 23.97840 23.98640 23.99460
23.97270 23.93970 23.91350 23.89620 23.88530 23.87870 23.87450 23.87130 23.86860 23.86700 23.86800 23.87220 23.87980 23.88960 23.90040 23.91150 23.92200 23.93080 23.93720 23.94130 23.94300 23.94150 23.93670 23.92830 23.91690 23.90350 23.88920 23.87510 23.86160 23.84900 23.83740 23.82680 23.81760 23.81040 23.80600 23.80500 23.80780 23.81330 23.81990 23.82680 23.83350 23.83970 23.84570 23.85280 23.86260 23.87700 23.89590 23.91810 23.94080 23.96060 23.97700 23.98940 23.99620 23.99640 23.99100 23.98220 23.97300 23.96610 23.96330 23.96510 23.97070 23.97830 23.98620
23.99430 23.96240 23.93650 23.91780 23.90580 23.89890 23.89520 23.89310 23.89100 23.88970 23.89070 23.89490 23.90270 23.91270 23.92370 23.93520 23.94680 23.95700 23.96530 23.97160 23.97500 23.97440 23.96950 23.96100 23.94950 23.93580 23.92130 23.90730 23.89400 23.88160 23.87010 23.85950 23.84980 23.84140 23.83490 23.83090 23.82970 23.83060 23.83280 23.83580 23.83920 23.84240 23.84580 23.85140 23.86050 23.87430 23.89230 23.91330 23.93460 23.95350 23.96930 23.98150 23.98840 23.98930 23.98490 23.97700 23.96790 23.96020 23.95670 23.95820 23.96390 23.97190 23.98050
24.01700 23.98630 23.96070 23.94140 23.92850 23.92130 23.91790 23.91630 23.91460 23.91340 23.91450 23.91890 23.92680 23.93660 23.94710 23.95870 23.97100 23.98260 23.99230 24.00000 24.00460 24.00420 23.99920 23.99050 23.97910 23.96570 23.95180 23.93840 23.92600 23.91500 23.90510 23.89610 23.88740 23.87920 23.87220 23.86650 23.86190 23.85780 23.85420 23.85170 23.85040 23.84950 23.84950 23.85260 23.86030 23.87330 23.89080 23.91070 23.93060 23.94790 23.96230 23.97360 23.98010 23.98110 23.97770 23.97100 23.96260 23.95500 23.95160 23.95360 23.96020 23.96980 23.98030
24.04110 24.01190 23.98690 23.96720 23.95370 23.94600 23.94240 23.94080 23.93920 23.93810 23.93940 23.94390 23.95140 23.96070 23.97040 23.98160 23.99440 24.00670 24.01740 24.02600 24.03100 24.03080 24.02580 24.01760 24.00700 23.99470 23.98180 23.96950 23.95860 23.94960 23.94200 23.93510 23.92810 23.92120 23.91490 23.90870 23.90150 23.89300 23.88330 23.87420 23.86680 23.86070 23.85620 23.85580 23.86120 23.87290 23.88950 23.90870 23.92730 23.94310 23.95580 23.96560 23.97110 23.97190 23.96930 23.96430 23.95740 23.95080 23.94810 23.95080 23.95900 23.97090 23.98430
24.06650 24.03900 24.01480 23.99500 23.98100 23.97270 23.96840 23.96630 23.96480 23.96390 23.96520 23.96930 23.97620 23.98460 23.99330 24.00390 24.01660 24.02920 24.04030 24.04920 24.05440 24.05430 24.04990 24.04310 24.03430 24.02380 24.01260 24.00190 23.99270 23.98560 23.98000 23.97500 23.96990 23.96440 23.95900 23.95280 23.94410 23.93220 23.91720 23.90150 23.88720 23.87470 23.86510 23.86050 23.86260 23.87200 23.88740 23.90590 23.92400 23.93860 23.94950 23.95720 23.96130 23.96190 23.96020 23.95700 23.95230 23.94750 23.94590 23.94930 23.95890 23.97330 23.99000
24.09210 24.06630 24.04310 24.02380 24.00960 24.00050 23.99550 23.99300 23.99150 23.99090 23.99210 23.99550 24.00140 24.00840 24.01620 24.02620 24.03850 24.05110 24.06210 24.07070 24.07550 24.07540 24.07190 24.06730 24.06120 24.05310 24.04400 24.03540 24.02810 24.02250 24.01830 24.01470 24.01090 24.00650 24.00140 23.99440 23.98400 23.96930 23.95010 23.92900 23.90840 23.88980 23.87480 23.86580 23.86440 23.87150 23.88550 23.90340 23.92110 23.93460 23.94380 23.94950 23.95220 23.95260 23.95180 23.95020 23.94780 23.94550 23.94540 23.94940 23.95930 23.97490 23.99420
24.11680 24.09240 24.07040 24.05240 24.03860 24.02890 24.02340 24.02080 24.01920 24.01850 24.01960 24.02250 24.02690 24.03260 24.03970 24.04930 24.06120 24.07320 24.08340 24.09090 24.09470 24.09450 24.09220 24.09030 24.08750 24.08230 24.07600 24.07000 24.06460 24.05990 24.05630 24.05340 24.05000 24.04530 24.03900 24.02990 24.01690 23.99930 23.97740 23.95290 23.92790 23.90430 23.88450 23.87140 23.86710 23.87220 23.88510 23.90250 23.91940 23.93160 23.93910 23.94310 23.94470 23.94490 23.94440 23.94380 23.94340 23.94370 23.94540 23.94990 23.95890 23.97390 23.99480
24.13980 24.11730 24.09700 24.08010 24.06680 24.05730 24.05170 24.04880 24.04690 24.04580 24.04670 24.04920 24.05290 24.05790 24.06470 24.07410 24.08540 24.09580 24.10370 24.10890 24.11140 24.11130 24.11070 24.11190 24.11300 24.11180 24.10920 24.10620 24.10260 24.09850 24.09470 24.09110 24.08620 24.07930 24.06980 24.05720 24.04090 24.02100 23.99780 23.97200 23.94480 23.91810 23.89460 23.87820 23.87150 23.87540 23.88770 23.90390 23.91930 23.92950 23.93510 23.93760 23.93780 23.93700 23.93600 23.93550 23.93630 23.93830 23.94150 23.94660 23.95520 23.96990 23.99250
24.16060 24.14070 24.12250 24.10640 24.09370 24.08490 24.07950 24.07640 24.07390 24.07220 24.07260 24.07500 24.07900 24.08450 24.09150 24.10050 24.11060 24.11820 24.12220 24.12440 24.12560 24.12640 24.12840 24.13330 24.13880 24.14240 24.14400 24.14390 24.14170 24.13760 24.13270 24.12690 24.11900 24.10840 24.09460 24.07770 24.05810 24.03640 24.01290 23.98730 23.95970 23.93150 23.90560 23.88680 23.87830 23.88140 23.89300 23.90760 23.92040 23.92810 23.93150 23.93230 23.93120 23.92910 23.92730 23.92670 23.92820 23.93150 23.93590 23.94210 23.95180 23.96830 23.99430
24.18010 24.16190 24.14540 24.13070 24.11900 24.11080 24.10580 24.10270 24.09980 24.09750 24.09740 24.10000 24.10510 24.11180 24.11910 24.12710 24.13450 24.13820 24.13800 24.13760 24.13860 24.14160 24.14750 24.15720 24.16780 24.17600 24.18080 24.18210 24.17990 24.17480 24.16780 24.15920 24.14810 24.13410 24.11710 24.09730 24.07480 24.05120 24.02730 24.00210 23.97480 23.94600 23.91850 23.89770 23.88750 23.88930 23.89950 23.91150 23.92120 23.92620 23.92760 23.92720 23.92580 23.92410 23.92290 23.92340 23.92710 23.93320 23.93970 23.94760 23.96050 23.98170 24.01400
24.19890 24.18130 24.16580 24.15280 24.14220 24.13450 24.12970 24.12670 24.12360 24.12110 24.12090 24.12400 24.13050 24.13870 24.14680 24.15340 24.15690 24.15620 24.15260 24.15060 24.15230 24.15830 24.16890 24.18390 24.19940 24.21130 24.21790 24.21920 24.21600 24.20930 24.20050 24.18980 24.17680 24.16120 24.14290 24.12160 24.09720 24.07170 24.04710 24.02200 23.99510 23.96580 23.93650 23.91350 23.90090 23.90030 23.90760 23.91630 23.92280 23.92560 23.92590 23.92530 23.92500 23.92580 23.92780 23.93200 23.94000 23.95070 23.96030 23.97140 23.98930 24.01760 24.05850
24.21800 24.20050 24.18510 24.17250 24.16270 24.15560 24.15080 24.14740 24.14400 24.14160 24.14220 24.14650 24.15430 24.16420 24.17390 24.17960 24.17940 24.17500 24.16940 24.16670 24.16920 24.17770 24.19220 24.21110 24.22990 24.24410 24.25180 24.25290 24.24920 24.24250 24.23370 24.22320 24.21090 24.19600 24.17780 24.15590 24.13040 24.10410 24.07920 24.05430 24.02770 23.99760 23.96580 23.93920 23.92250 23.91730 23.92030 23.92530 23.92930 23.93090 23.93150 23.93260 23.93490 23.93920 23.94690 23.95830 23.97240 23.98740 24.00120 24.01740 24.04180 24.07770 24.12620
24.23740 24.22010 24.20420 24.19080 24.18080 24.17410 24.16900 24.16460 24.16080 24.15880 24.16060 24.16650 24.17610 24.18790 24.19930 24.20450 24.20140 24.19440 24.18790 24.18530 24.18900 24.19990 24.21720 24.23840 24.25900 24.27460 24.28320 24.28450 24.28120 24.27540 24.26800 24.25920 24.24940 24.23720 24.22060 24.19940 24.17520 24.15020 24.12630 24.10270 24.07720 24.04700 24.01350 23.98360 23.96200 23.95100 23.94830 23.94920 23.95090 23.95180 23.95310 23.95620 23.96160 23.97010 23.98440 24.00380 24.02350 24.04190 24.05990 24.08130 24.11140 24.15230 24.20410
24.25710 24.24000 24.22350 24.20880 24.19770 24.19030 24.18440 24.17920 24.17500 24.17320 24.17580 24.18330 24.19550 24.20970 24.22190 24.22640 24.22160 24.21310 24.20620 24.20480 24.21090 24.22460 24.24410 24.26660 24.28810 24.30500 24.31470 24.31660 24.31370 24.30850 24.30190 24.29460 24.28740 24.27870 24.26540 24.24790 24.22820 24.20760 24.18740 24.16690 24.14450 24.11720 24.08550 24.05500 24.03020 24.01370 24.00490 24.00080 23.99930 23.99900 23.99980 24.00260 24.01000 24.02380 24.04350 24.06670 24.08920 24.10980 24.13030 24.15420 24.18590 24.22660 24.27510
24.27710 24.26010 24.24310 24.22710 24.21470 24.20610 24.19900 24.19290 24.18820 24.18650 24.18910 24.19790 24.21310 24.22990 24.24280 24.24710 24.24250 24.23490 24.22960 24.23040 24.23870 24.25370 24.27340 24.29490 24.31570 24.33290 24.34320 24.34520 24.34230 24.33750 24.33170 24.32570 24.32060 24.31490 24.30620 24.29470 24.28170 24.26800 24.25380 24.23880 24.22180 24.20020 24.17390 24.14650 24.12150 24.10200 24.08850 24.07950 24.07380 24.07050 24.06930 24.07140 24.08060 24.09820 24.11980 24.14210 24.16370 24.18420 24.20430 24.22740 24.25750 24.29430 24.33560
24.29770 24.28030 24.26260 24.24600 24.23270 24.22330 24.21530 24.20800 24.20270 24.20060 24.20290 24.21230 24.23000 24.24960 24.26390 24.26980 24.26790 24.26430 24.26330 24.26690 24.27530 24.28800 24.30370 24.32120 24.33890 24.35450 24.36380 24.36480 24.36160 24.35760 24.35350 24.34970 24.34600 24.34250 24.33860 24.33400 24.32800 24.32140 24.31480 24.30720 24.29720 24.28320 24.26480 24.24360 24.22230 24.20410 24.18940 24.17730 24.16720 24.15900 24.15540 24.15910 24.17020 24.18720 24.20580 24.22370 24.24100 24.25780 24.27450 24.29430 24.32100 24.35320 24.38820
24.31990 24.30210 24.28400 24.26710 24.25340 24.24330 24.23440 24.22610 24.22010 24.21750 24.21990 24.23030 24.25040 24.27230 24.28820 24.29650 24.29860 24.29970 24.30240 24.30620 24.31130 24.31800 24.32700 24.33880 24.35250 24.36620 24.37480 24.37580 24.37310 24.37040 24.36840 24.36720 24.36560 24.36450 24.36540 24.36660 24.36610 24.36470 24.36380 24.36240 24.35900 24.35250 24.34240 24.32930 24.31470 24.30120 24.28910 24.27720 24.26560 24.25570 24.25200 24.25760 24.26850 24.28090 24.29320 24.30470 24.31570 24.32690 24.33920 24.35500 24.37740 24.40490 24.43490
24.34470 24.32680 24.30870 24.29160 24.27750 24.26660 24.25700 24.24840 24.24180 24.23920 24.24280 24.25540 24.27750 24.30090 24.31790 24.32820 24.33360 24.33700 24.33940 24.33930 24.33750 24.33620 24.33770 24.34380 24.35440 24.36760 24.37750 24.38070 24.38020 24.37900 24.37890 24.38020 24.38190 24.38460 24.38970 24.39480 24.39690 24.39750 24.39860 24.39990 24.40060 24.39970 24.39660 24.39140 24.38490 24.37840 24.37190 24.36430 24.35710 24.35260 24.35310 24.35880 24.36570 24.37110 24.37580 24.38030 24.38480 24.39030 24.39860 24.41130 24.42900 24.45150 24.47740
24.37230 24.35430 24.33620 24.31890 24.30430 24.29270 24.28300 24.27480 24.26860 24.26680 24.27290 24.28780 24.31050 24.33390 24.35160 24.36290 24.36870 24.37070 24.36940 24.36380 24.35530 24.34710 24.34240 24.34410 24.35250 24.36580 24.37780 24.38400 24.38620 24.38680 24.38810 24.39130 24.39620 24.40280 24.41070 24.41760 24.42100 24.42260 24.42470 24.42740 24.43020 24.43250 24.43380 24.43440 24.43470 24.43540 24.43640 24.43730 24.43950 24.44460 24.45100 24.45660 24.45890 24.45730 24.45440 24.45190 24.45000 24.45030 24.45510 24.46470 24.47790 24.49510 24.51650
24.40140 24.38330 24.36510 24.34760 24.33260 24.32100 24.31180 24.30500 24.30060 24.30140 24.31070 24.32770 24.34950 24.37180 24.39010 24.40130 24.40440 24.40170 24.39500 24.38460 24.37210 24.35970 24.35070 24.34880 24.35490 24.36770 24.38090 24.38940 24.39380 24.39590 24.39810 24.40230 24.40950 24.41890 24.42810 24.43530 24.43970 24.44310 24.44730 24.45170 24.45540 24.45880 24.46230 24.46620 24.47110 24.47790 24.48730 24.49920 24.51300 24.52720 24.53890 24.54540 24.54520 24.53890 24.52990 24.52090 24.51330 24.50900 24.51010 24.51600 24.52500 24.53720 24.55280
24.42950 24.41140 24.39320 24.37580 24.36100 24.34990 24.34260 24.33870 24.33820 24.34320 24.35620 24.37540 24.39730 24.41940 24.43860 24.44970 24.45040 24.44340 24.43170 24.41810 24.40330 24.38720 24.37310 24.36590 24.36770 24.37770 24.39000 24.39910 24.40420 24.40630 24.40860 24.41370 24.42260 24.43350 24.44300 24.45020 24.45550 24.46060 24.46700 24.47320 24.47800 24.48280 24.48880 24.49590 24.50510 24.51820 24.53560 24.55670 24.57860 24.59740 24.61150 24.61960 24.62000 24.61290 24.60090 24.58710 24.57480 24.56630 24.56310 24.56470 24.56960 24.57750 24.58810
24.45620 24.43830 24.42080 24.40410 24.39020 24.38080 24.37630 24.37670 24.38130 24.39120 24.40790 24.42950 24.45320 24.47670 24.49700 24.50880 24.50890 24.49990 24.48550 24.47030 24.45420 24.43390 24.41300 24.39860 24.39370 24.39860 24.40770 24.41530 24.41910 24.41940 24.42090 24.42630 24.43580 24.44720 24.45720 24.46490 24.47110 24.47780 24.48640 24.49480 24.50200 24.50980 24.51960 24.53120 24.54570 24.56510 24.58880 24.61470 24.63860 24.65690 24.67040 24.68010 24.68340 24.67880 24.66700 24.65100 24.63560 24.62370 24.61640 24.61370 24.61480 24.61900 24.62570
