data_raster/melanesia/PNMC_temperatures_2021/202104.grd
DSAA																																																																																																																																																																																																																																																																																																																																																																																																																											
412	268																																																																																																																																																																																																																																																																																																																																																																																																																										
156	174.5																																																																																																																																																																																																																																																																																																																																																																																																																										
-26.5	-14.5																																																																																																																																																																																																																																																																																																																																																																																																																										
19.0 30.5																																																																																																																																																																																																																																																																																																																																																																																																																										
[rows 224 to 251 of 268, columns 63 to 125 of 412]
28.28120 28.29530 28.30860 28.32110 28.33300 28.34440 28.35590 28.36780 28.38010 28.39290 28.40600 28.41960 28.43420 28.44970 28.46590 28.48260 28.49980 28.51780 28.53690 28.55720 28.57820 28.59890 28.61880 28.63770 28.65520 28.67040 28.68290 28.69210 28.69850 28.70260 28.70550 28.70770 28.70970 28.71170 28.71360 28.71560 28.71790 28.72000 28.72140 28.72180 28.72070 28.71820 28.71400 28.70750 28.69930 28.69180 28.68650 28.68410 28.68450 28.68700 28.69040 28.69390 28.69810 28.70340 28.70990 28.71800 28.72890 28.74180 28.75360 28.76390 28.77360 28.78050 28.78170
28.28290 28.29640 28.30920 28.32140 28.33300 28.34430 28.35600 28.36820 28.38120 28.39460 28.40810 28.42180 28.43600 28.45090 28.46680 28.48300 28.49940 28.51670 28.53530 28.55510 28.57580 28.59670 28.61730 28.63670 28.65470 28.67070 28.68400 28.69390 28.70080 28.70530 28.70820 28.71020 28.71170 28.71310 28.71460 28.71660 28.71880 28.72110 28.72320 28.72450 28.72470 28.72360 28.72090 28.71560 28.70830 28.70150 28.69650 28.69430 28.69470 28.69690 28.70000 28.70350 28.70770 28.71270 28.71880 28.72670 28.73800 28.75150 28.76410 28.77550 28.78730 28.79630 28.79840
28.28370 28.29670 28.30910 28.32080 28.33220 28.34370 28.35560 28.36820 28.38170 28.39590 28.40990 28.42380 28.43780 28.45230 28.46760 28.48350 28.49960 28.51650 28.53440 28.55370 28.57420 28.59530 28.61610 28.63590 28.65430 28.67080 28.68470 28.69530 28.70290 28.70780 28.71080 28.71250 28.71320 28.71370 28.71470 28.71620 28.71800 28.72030 28.72290 28.72540 28.72720 28.72790 28.72680 28.72310 28.71720 28.71120 28.70660 28.70430 28.70440 28.70630 28.70930 28.71300 28.71730 28.72240 28.72850 28.73640 28.74810 28.76220 28.77530 28.78750 28.80120 28.81230 28.81560
28.28410 28.29670 28.30870 28.32020 28.33150 28.34310 28.35530 28.36850 28.38260 28.39700 28.41150 28.42570 28.43980 28.45420 28.46940 28.48490 28.50070 28.51690 28.53400 28.55270 28.57290 28.59370 28.61450 28.63460 28.65330 28.67000 28.68430 28.69580 28.70420 28.70970 28.71290 28.71440 28.71450 28.71410 28.71430 28.71500 28.71590 28.71770 28.72090 28.72490 28.72880 28.73160 28.73240 28.73030 28.72590 28.72080 28.71650 28.71390 28.71360 28.71540 28.71850 28.72220 28.72670 28.73240 28.73890 28.74680 28.75860 28.77340 28.78730 28.80080 28.81620 28.82910 28.83370
28.28430 28.29680 28.30880 28.32020 28.33150 28.34310 28.35580 28.36940 28.38380 28.39850 28.41310 28.42760 28.44190 28.45650 28.47160 28.48680 28.50180 28.51700 28.53330 28.55130 28.57100 28.59140 28.61200 28.63230 28.65130 28.66820 28.68280 28.69510 28.70440 28.71050 28.71420 28.71580 28.71560 28.71470 28.71400 28.71390 28.71380 28.71500 28.71870 28.72400 28.72980 28.73460 28.73730 28.73720 28.73450 28.73040 28.72620 28.72320 28.72240 28.72430 28.72760 28.73120 28.73610 28.74270 28.74970 28.75780 28.76970 28.78490 28.79970 28.81440 28.83140 28.84590 28.85180
28.28450 28.29730 28.30960 28.32110 28.33260 28.34460 28.35730 28.37090 28.38540 28.40030 28.41510 28.42960 28.44420 28.45880 28.47340 28.48780 28.50180 28.51600 28.53130 28.54850 28.56770 28.58790 28.60850 28.62890 28.64810 28.66520 28.68020 28.69300 28.70300 28.70990 28.71420 28.71640 28.71660 28.71560 28.71450 28.71370 28.71320 28.71420 28.71800 28.72380 28.73050 28.73680 28.74140 28.74340 28.74260 28.73970 28.73580 28.73250 28.73110 28.73280 28.73620 28.74020 28.74570 28.75310 28.76080 28.76920 28.78130 28.79670 28.81170 28.82700 28.84540 28.86160 28.86870
28.28470 28.29810 28.31100 28.32280 28.33450 28.34680 28.35940 28.37260 28.38690 28.40190 28.41660 28.43110 28.44560 28.46000 28.47390 28.48720 28.50010 28.51330 28.52760 28.54420 28.56300 28.58320 28.60390 28.62440 28.64370 28.66100 28.67620 28.68920 28.69960 28.70720 28.71240 28.71540 28.71640 28.71580 28.71480 28.71390 28.71350 28.71470 28.71860 28.72450 28.73140 28.73860 28.74490 28.74900 28.75030 28.74870 28.74530 28.74170 28.73990 28.74140 28.74510 28.74970 28.75590 28.76390 28.77210 28.78080 28.79300 28.80820 28.82290 28.83830 28.85780 28.87530 28.88320
28.28550 28.29900 28.31240 28.32460 28.33670 28.34910 28.36150 28.37420 28.38800 28.40270 28.41720 28.43140 28.44550 28.45930 28.47240 28.48480 28.49670 28.50900 28.52260 28.53860 28.55710 28.57730 28.59830 28.61870 28.63780 28.65520 28.67050 28.68330 28.69370 28.70200 28.70810 28.71210 28.71400 28.71430 28.71410 28.71380 28.71390 28.71560 28.71980 28.72590 28.73300 28.74070 28.74820 28.75410 28.75730 28.75730 28.75480 28.75130 28.74920 28.75070 28.75470 28.76000 28.76690 28.77520 28.78340 28.79200 28.80400 28.81880 28.83310 28.84840 28.86830 28.88650 28.89480
28.28760 28.30060 28.31380 28.32620 28.33850 28.35100 28.36340 28.37580 28.38910 28.40310 28.41700 28.43070 28.44420 28.45720 28.46950 28.48100 28.49210 28.50370 28.51670 28.53210 28.55020 28.57030 28.59120 28.61120 28.63010 28.64750 28.66270 28.67510 28.68560 28.69460 28.70170 28.70660 28.70970 28.71150 28.71270 28.71370 28.71490 28.71720 28.72170 28.72790 28.73500 28.74300 28.75140 28.75890 28.76390 28.76580 28.76460 28.76180 28.75980 28.76120 28.76540 28.77110 28.77820 28.78640 28.79430 28.80250 28.81410 28.82870 28.84260 28.85760 28.87730 28.89550 28.90370
28.29220 28.30360 28.31570 28.32760 28.33990 28.35260 28.36500 28.37730 28.39010 28.40340 28.41650 28.42940 28.44210 28.45430 28.46580 28.47670 28.48710 28.49810 28.51060 28.52550 28.54300 28.56250 28.58280 28.60240 28.62100 28.63810 28.65300 28.66540 28.67610 28.68580 28.69380 28.70000 28.70460 28.70820 28.71150 28.71440 28.71700 28.72020 28.72480 28.73080 28.73770 28.74580 28.75490 28.76350 28.77040 28.77430 28.77510 28.77360 28.77220 28.77330 28.77700 28.78250 28.78950 28.79720 28.80460 28.81210 28.82330 28.83780 28.85160 28.86630 28.88510 28.90250 28.91040
28.30020 28.30970 28.31980 28.33010 28.34120 28.35320 28.36530 28.37730 28.38990 28.40280 28.41530 28.42740 28.43950 28.45110 28.46200 28.47220 28.48240 28.49310 28.50530 28.51970 28.53670 28.55540 28.57490 28.59410 28.61230 28.62900 28.64370 28.65620 28.66740 28.67760 28.68640 28.69380 28.70030 28.70630 28.71180 28.71690 28.72120 28.72540 28.73000 28.73550 28.74210 28.75010 28.75930 28.76870 28.77720 28.78330 28.78630 28.78660 28.78600 28.78660 28.78920 28.79400 28.80050 28.80770 28.81440 28.82130 28.83190 28.84590 28.85970 28.87410 28.89190 28.90790 28.91550
28.31140 28.31910 28.32670 28.33450 28.34340 28.35380 28.36470 28.37590 28.38810 28.40080 28.41290 28.42450 28.43610 28.44730 28.45780 28.46790 28.47810 28.48910 28.50140 28.51580 28.53230 28.55050 28.56930 28.58810 28.60590 28.62220 28.63670 28.64950 28.66110 28.67170 28.68120 28.68990 28.69840 28.70690 28.71470 28.72160 28.72780 28.73310 28.73760 28.74250 28.74890 28.75650 28.76530 28.77510 28.78490 28.79290 28.79810 28.80040 28.80080 28.80070 28.80180 28.80550 28.81120 28.81790 28.82410 28.83040 28.84010 28.85330 28.86690 28.88110 28.89760 28.91210 28.91940
28.32390 28.33000 28.33580 28.34150 28.34830 28.35640 28.36520 28.37460 28.38550 28.39730 28.40880 28.41990 28.43100 28.44200 28.45250 28.46310 28.47400 28.48600 28.49940 28.51430 28.53090 28.54880 28.56740 28.58580 28.60330 28.61910 28.63330 28.64620 28.65820 28.66930 28.67960 28.68940 28.69980 28.71030 28.72000 28.72860 28.73630 28.74260 28.74720 28.75180 28.75790 28.76500 28.77310 28.78280 28.79350 28.80320 28.81040 28.81460 28.81590 28.81530 28.81500 28.81730 28.82180 28.82780 28.83370 28.83970 28.84870 28.86080 28.87390 28.88760 28.90260 28.91560 28.92230
28.33810 28.34230 28.34690 28.35130 28.35620 28.36210 28.36830 28.37520 28.38390 28.39400 28.40430 28.41460 28.42510 28.43570 28.44640 28.45770 28.47000 28.48370 28.49900 28.51520 28.53230 28.55050 28.56930 28.58770 28.60480 28.62010 28.63400 28.64690 28.65920 28.67090 28.68210 28.69320 28.70480 28.71660 28.72770 28.73770 28.74660 28.75380 28.75870 28.76330 28.76900 28.77560 28.78290 28.79230 28.80340 28.81430 28.82320 28.82890 28.83110 28.83010 28.82870 28.82940 28.83250 28.83750 28.84310 28.84910 28.85760 28.86870 28.88090 28.89370 28.90710 28.91860 28.92450
28.35670 28.35830 28.36080 28.36340 28.36650 28.37030 28.37450 28.37940 28.38570 28.39340 28.40230 28.41170 28.42090 28.43040 28.44080 28.45270 28.46640 28.48220 28.49960 28.51760 28.53580 28.55490 28.57420 28.59280 28.60980 28.62480 28.63850 28.65140 28.66410 28.67660 28.68890 28.70100 28.71350 28.72610 28.73820 28.74920 28.75900 28.76690 28.77230 28.77700 28.78250 28.78850 28.79520 28.80400 28.81470 28.82620 28.83640 28.84340 28.84630 28.84530 28.84300 28.84200 28.84350 28.84750 28.85260 28.85830 28.86620 28.87650 28.88750 28.89890 28.91080 28.92080 28.92600
28.37880 28.37760 28.37740 28.37790 28.37920 28.38140 28.38430 28.38780 28.39220 28.39780 28.40530 28.41340 28.42110 28.42920 28.43900 28.45130 28.46650 28.48420 28.50350 28.52310 28.54260 28.56270 28.58270 28.60140 28.61840 28.63340 28.64710 28.66010 28.67320 28.68640 28.69950 28.71240 28.72550 28.73870 28.75140 28.76320 28.77370 28.78210 28.78820 28.79320 28.79840 28.80380 28.81000 28.81780 28.82750 28.83880 28.84990 28.85790 28.86170 28.86090 28.85780 28.85530 28.85520 28.85800 28.86220 28.86710 28.87430 28.88350 28.89330 28.90330 28.91350 28.92220 28.92650
28.40110 28.39830 28.39610 28.39500 28.39500 28.39600 28.39790 28.40060 28.40390 28.40840 28.41470 28.42160 28.42810 28.43520 28.44490 28.45800 28.47470 28.49380 28.51410 28.53460 28.55500 28.57560 28.59590 28.61450 28.63140 28.64670 28.66070 28.67390 28.68690 28.70030 28.71360 28.72680 28.74040 28.75400 28.76720 28.77950 28.79060 28.79970 28.80650 28.81190 28.81680 28.82170 28.82710 28.83350 28.84160 28.85200 28.86320 28.87210 28.87690 28.87680 28.87350 28.86960 28.86770 28.86900 28.87180 28.87550 28.88140 28.88960 28.89820 28.90680 28.91540 28.92260 28.92580
28.42100 28.41810 28.41530 28.41370 28.41320 28.41360 28.41500 28.41730 28.42050 28.42470 28.43020 28.43620 28.44190 28.44890 28.45920 28.47350 28.49160 28.51170 28.53220 28.55290 28.57340 28.59410 28.61420 28.63260 28.64930 28.66470 28.67900 28.69230 28.70510 28.71810 28.73120 28.74450 28.75820 28.77200 28.78560 28.79830 28.80990 28.81960 28.82710 28.83280 28.83750 28.84180 28.84620 28.85100 28.85720 28.86600 28.87640 28.88570 28.89170 28.89250 28.88940 28.88430 28.88050 28.87990 28.88090 28.88300 28.88750 28.89430 28.90160 28.90900 28.91620 28.92190 28.92400
28.43670 28.43510 28.43330 28.43250 28.43250 28.43320 28.43480 28.43720 28.44080 28.44530 28.45050 28.45590 28.46150 28.46930 28.48130 28.49730 28.51630 28.53670 28.55710 28.57760 28.59800 28.61830 28.63770 28.65580 28.67230 28.68750 28.70150 28.71460 28.72710 28.73970 28.75240 28.76560 28.77910 28.79280 28.80640 28.81950 28.83140 28.84150 28.84930 28.85530 28.85980 28.86350 28.86680 28.87000 28.87400 28.88060 28.88950 28.89860 28.90530 28.90730 28.90460 28.89880 28.89310 28.89000 28.88880 28.88930 28.89220 28.89730 28.90330 28.90960 28.91570 28.92020 28.92110
28.44970 28.44990 28.44970 28.45030 28.45140 28.45300 28.45520 28.45840 28.46280 28.46800 28.47330 28.47890 28.48560 28.49540 28.50990 28.52780 28.54770 28.56810 28.58850 28.60880 28.62890 28.64840 28.66700 28.68420 28.70010 28.71450 28.72770 28.74010 28.75210 28.76410 28.77630 28.78870 28.80160 28.81490 28.82830 28.84140 28.85340 28.86360 28.87170 28.87770 28.88200 28.88500 28.88700 28.88850 28.89040 28.89480 28.90180 28.91040 28.91760 28.92030 28.91790 28.91150 28.90420 28.89870 28.89520 28.89410 28.89540 28.89870 28.90330 28.90860 28.91360 28.91680 28.91670
28.46210 28.46350 28.46480 28.46670 28.46900 28.47140 28.47470 28.47910 28.48480 28.49110 28.49720 28.50410 28.51330 28.52620 28.54360 28.56360 28.58440 28.60510 28.62540 28.64550 28.66520 28.68390 28.70140 28.71710 28.73130 28.74450 28.75650 28.76780 28.77880 28.78990 28.80110 28.81240 28.82420 28.83680 28.84970 28.86250 28.87430 28.88450 28.89250 28.89840 28.90220 28.90440 28.90510 28.90480 28.90480 28.90730 28.91300 28.92090 28.92800 28.93080 28.92850 28.92170 28.91320 28.90560 28.90030 28.89760 28.89710 28.89860 28.90190 28.90620 28.90970 28.91160 28.91050
28.47430 28.47670 28.47950 28.48300 28.48650 28.49000 28.49440 28.50020 28.50730 28.51530 28.52340 28.53280 28.54550 28.56190 28.58180 28.60320 28.62440 28.64530 28.66550 28.68500 28.70370 28.72130 28.73720 28.75110 28.76340 28.77480 28.78550 28.79530 28.80500 28.81500 28.82500 28.83510 28.84580 28.85740 28.86950 28.88170 28.89310 28.90310 28.91090 28.91650 28.91990 28.92120 28.92070 28.91910 28.91780 28.91890 28.92320 28.92990 28.93640 28.93920 28.93710 28.93000 28.92060 28.91140 28.90430 28.90000 28.89770 28.89730 28.89940 28.90260 28.90490 28.90530 28.90300
28.48800 28.49120 28.49530 28.50050 28.50560 28.51020 28.51580 28.52310 28.53210 28.54220 28.55320 28.56630 28.58270 28.60210 28.62350 28.64510 28.66600 28.68630 28.70590 28.72430 28.74130 28.75710 28.77120 28.78310 28.79350 28.80310 28.81210 28.82060 28.82890 28.83750 28.84640 28.85560 28.86530 28.87580 28.88700 28.89850 28.90930 28.91860 28.92590 28.93110 28.93410 28.93470 28.93310 28.93090 28.92930 28.92940 28.93180 28.93690 28.94250 28.94570 28.94420 28.93690 28.92660 28.91630 28.90770 28.90160 28.89730 28.89510 28.89580 28.89810 28.89940 28.89850 28.89460
28.50780 28.51060 28.51490 28.52090 28.52720 28.53350 28.54110 28.55070 28.56170 28.57420 28.58830 28.60460 28.62370 28.64490 28.66670 28.68780 28.70740 28.72610 28.74410 28.76080 28.77590 28.78940 28.80140 28.81150 28.82020 28.82780 28.83510 28.84230 28.84960 28.85690 28.86480 28.87330 28.88210 28.89150 28.90170 28.91220 28.92210 28.93050 28.93680 28.94100 28.94320 28.94310 28.94100 28.93850 28.93680 28.93600 28.93700 28.94100 28.94630 28.94970 28.94850 28.94140 28.93090 28.91970 28.90960 28.90150 28.89540 28.89180 28.89130 28.89250 28.89290 28.89080 28.88520
28.53710 28.53820 28.54170 28.54750 28.55460 28.56260 28.57260 28.58470 28.59790 28.61220 28.62850 28.64680 28.66700 28.68820 28.70940 28.72910 28.74660 28.76300 28.77880 28.79330 28.80630 28.81750 28.82710 28.83530 28.84220 28.84800 28.85370 28.85980 28.86630 28.87290 28.88000 28.88770 28.89570 28.90410 28.91320 28.92250 28.93110 28.93810 28.94290 28.94570 28.94670 28.94590 28.94370 28.94140 28.93950 28.93800 28.93820 28.94210 28.94770 28.95120 28.95030 28.94400 28.93380 28.92180 28.91010 28.90010 28.89250 28.88770 28.88610 28.88620 28.88550 28.88220 28.87500
28.57660 28.57670 28.57950 28.58530 28.59290 28.60190 28.61300 28.62600 28.64000 28.65520 28.67210 28.69070 28.71030 28.73020 28.74940 28.76670 28.78170 28.79570 28.80930 28.82190 28.83270 28.84140 28.84840 28.85440 28.85940 28.86350 28.86780 28.87310 28.87890 28.88500 28.89140 28.89840 28.90550 28.91290 28.92080 28.92880 28.93580 28.94120 28.94470 28.94610 28.94590 28.94450 28.94250 28.94060 28.93910 28.93740 28.93710 28.94080 28.94680 28.95140 28.95190 28.94700 28.93710 28.92380 28.91030 28.89890 28.88990 28.88370 28.88100 28.88010 28.87830 28.87360 28.86470
28.62120 28.62200 28.62520 28.63130 28.63930 28.64850 28.65920 28.67130 28.68480 28.69970 28.71600 28.73350 28.75140 28.76900 28.78520 28.79950 28.81200 28.82400 28.83570 28.84620 28.85470 28.86100 28.86550 28.86910 28.87220 28.87490 28.87810 28.88250 28.88770 28.89340 28.89930 28.90540 28.91170 28.91810 28.92490 28.93140 28.93670 28.94050 28.94280 28.94340 28.94220 28.94030 28.93850 28.93740 28.93690 28.93580 28.93550 28.93870 28.94480 28.95090 28.95370 28.95060 28.94100 28.92640 28.91140 28.89880 28.88830 28.88050 28.87640 28.87450 28.87130 28.86500 28.85440
28.66140 28.66450 28.66930 28.67580 28.68370 28.69280 28.70290 28.71430 28.72700 28.74100 28.75630 28.77220 28.78800 28.80280 28.81600 28.82780 28.83840 28.84850 28.85790 28.86600 28.87220 28.87630 28.87880 28.88040 28.88180 28.88350 28.88580 28.88920 28.89350 28.89860 28.90390 28.90920 28.91470 28.92030 28.92600 28.93120 28.93500 28.93740 28.93860 28.93850 28.93710 28.93500 28.93330 28.93300 28.93380 28.93420 28.93490 28.93810 28.94360 28.95010 28.95430 28.95320 28.94500 28.93040 28.91440 28.90030 28.88810 28.87850 28.87270 28.86880 28.86370 28.85540 28.84310
