data_raster/melanesia/PNMC_temperatures_2021/202106.grd
DSAA																																																																																																																																																																																																																																																																																																																																																																																																																											
412	268																																																																																																																																																																																																																																																																																																																																																																																																																										
156	174.5																																																																																																																																																																																																																																																																																																																																																																																																																										
-26.5	-14.5																																																																																																																																																																																																																																																																																																																																																																																																																										
19.0 30.5																																																																																																																																																																																																																																																																																																																																																																																																																									
[rows 56 to 83 of 268, columns 315 to 377 of 412]
23.47300 23.45010 23.41580 23.37080 23.32160 23.27810 23.25060 23.22610 23.18430 23.13630 23.10270 23.09540 23.11230 23.12220 23.10560 23.06960 23.02930 23.00520 23.00490 23.02490 23.05410 23.07930 23.09620 23.10540 23.11380 23.12680 23.14400 23.16380 23.18420 23.20570 23.23150 23.25880 23.28170 23.29630 23.30110 23.30010 23.30200 23.32490 23.37620 23.43800 23.49590 23.54440 23.58310 23.61530 23.64320 23.66800 23.68950 23.70720 23.72210 23.73510 23.74480 23.75200 23.76180 23.77580 23.79040 23.80100 23.80340 23.80410 23.81340 23.82870 23.84460 23.86030 23.87670
23.50010 23.48240 23.45300 23.41190 23.36980 23.33510 23.31250 23.29000 23.25090 23.20780 23.18130 23.18200 23.20740 23.22790 23.22240 23.19100 23.14710 23.11700 23.11130 23.12820 23.15660 23.18310 23.20290 23.21580 23.22750 23.24260 23.26100 23.28030 23.29610 23.30930 23.32540 23.34230 23.35320 23.35560 23.35110 23.35050 23.36550 23.40290 23.46050 23.52150 23.57500 23.62070 23.65910 23.69070 23.71710 23.73970 23.75920 23.77590 23.79020 23.80270 23.81430 23.82680 23.84280 23.86230 23.88230 23.89830 23.90610 23.90890 23.91310 23.91990 23.92840 23.93840 23.94990
23.52250 23.50620 23.47910 23.44200 23.40800 23.38320 23.36570 23.34460 23.30820 23.26970 23.24950 23.25720 23.29010 23.32180 23.33010 23.30720 23.26440 23.23180 23.22300 23.23730 23.26410 23.28990 23.30940 23.32150 23.33110 23.34290 23.35700 23.37160 23.38180 23.38810 23.39580 23.40370 23.40710 23.40660 23.40670 23.41810 23.44940 23.49720 23.55420 23.60930 23.65680 23.69880 23.73620 23.76770 23.79350 23.81450 23.83180 23.84640 23.85990 23.87390 23.88980 23.90880 23.93160 23.95680 23.98110 24.00080 24.01280 24.01790 24.01910 24.01870 24.01840 24.01930 24.02320
23.54440 23.52560 23.49820 23.46500 23.44000 23.42540 23.41310 23.39290 23.35740 23.32070 23.30270 23.31310 23.35040 23.39130 23.41300 23.40040 23.36180 23.32950 23.31930 23.33190 23.35740 23.38190 23.39930 23.40760 23.41220 23.41770 23.42500 23.43310 23.43940 23.44390 23.44880 23.45410 23.45840 23.46500 23.47960 23.50660 23.54770 23.59710 23.64830 23.69520 23.73610 23.77380 23.80890 23.83990 23.86600 23.88710 23.90350 23.91670 23.93040 23.94780 23.96970 23.99590 24.02570 24.05660 24.08440 24.10600 24.12000 24.12650 24.12700 24.12200 24.11270 24.10330 24.09890
23.57010 23.55120 23.52500 23.49620 23.47870 23.47120 23.46020 23.43750 23.40140 23.36560 23.34810 23.35860 23.39700 23.44360 23.47570 23.47130 23.43550 23.40130 23.38680 23.39620 23.41980 23.44300 23.45890 23.46530 23.46740 23.46990 23.47350 23.47820 23.48360 23.48970 23.49690 23.50580 23.51730 23.53470 23.56140 23.59670 23.63830 23.68300 23.72750 23.76920 23.80720 23.84330 23.87750 23.90770 23.93290 23.95310 23.96960 23.98470 24.00210 24.02440 24.05170 24.08310 24.11720 24.15090 24.18010 24.20200 24.21590 24.22230 24.22210 24.21520 24.20220 24.18820 24.17950
23.59510 23.57910 23.55670 23.53320 23.52200 23.51870 23.50520 23.47720 23.43910 23.40380 23.38590 23.39510 23.43270 23.48200 23.52050 23.52150 23.48670 23.44860 23.42800 23.43310 23.45490 23.47730 23.49290 23.49950 23.50210 23.50530 23.50930 23.51440 23.52160 23.53130 23.54340 23.55880 23.57860 23.60410 23.63580 23.67120 23.70800 23.74690 23.78800 23.82860 23.86740 23.90440 23.93860 23.96790 23.99180 24.01100 24.02890 24.04890 24.07240 24.09950 24.13030 24.16390 24.19900 24.23270 24.26140 24.28280 24.29620 24.30230 24.30250 24.29690 24.28610 24.27350 24.26400
23.61080 23.59720 23.57980 23.56370 23.55890 23.55830 23.54210 23.50870 23.46770 23.43130 23.41190 23.41950 23.45630 23.50680 23.54830 23.55270 23.51950 23.47940 23.45440 23.45680 23.47780 23.50020 23.51620 23.52320 23.52660 23.53120 23.53730 23.54510 23.55570 23.56950 23.58620 23.60560 23.62830 23.65460 23.68490 23.71750 23.75170 23.78980 23.83240 23.87550 23.91620 23.95370 23.98720 24.01610 24.04050 24.06140 24.08260 24.10800 24.13670 24.16690 24.19860 24.23180 24.26590 24.29880 24.32680 24.34800 24.36210 24.37020 24.37420 24.37370 24.36840 24.35930 24.34870
23.61710 23.60460 23.59210 23.58380 23.58450 23.58510 23.56680 23.53030 23.48720 23.44960 23.42900 23.43550 23.47150 23.52140 23.56300 23.56900 23.53790 23.49740 23.47030 23.47180 23.49330 23.51640 23.53320 23.54130 23.54610 23.55260 23.56150 23.57290 23.58720 23.60420 23.62300 23.64300 23.66390 23.68660 23.71230 23.74180 23.77590 23.81620 23.86210 23.90860 23.95150 23.98970 24.02330 24.05360 24.08120 24.10650 24.13230 24.16150 24.19270 24.22410 24.25580 24.28830 24.32220 24.35580 24.38470 24.40680 24.42230 24.43300 24.44160 24.44670 24.44630 24.43940 24.42700
23.61840 23.60560 23.59660 23.59430 23.59770 23.59720 23.57810 23.54190 23.49930 23.46230 23.44240 23.44850 23.48260 23.52960 23.56870 23.57470 23.54540 23.50520 23.47710 23.47890 23.50190 23.52600 23.54420 23.55500 23.56310 23.57260 23.58470 23.59970 23.61670 23.63480 23.65280 23.67060 23.68860 23.70790 23.73010 23.75730 23.79130 23.83210 23.87840 23.92610 23.97140 24.01240 24.04930 24.08410 24.11730 24.14850 24.17860 24.20890 24.23970 24.27120 24.30380 24.33820 24.37530 24.41280 24.44550 24.47020 24.48640 24.49750 24.50780 24.51510 24.51530 24.50780 24.49380
23.61970 23.60600 23.59910 23.60040 23.60370 23.60030 23.58130 23.54750 23.50660 23.47070 23.45210 23.45810 23.48890 23.53130 23.56670 23.57200 23.54450 23.50530 23.47720 23.48020 23.50500 23.53060 23.55070 23.56520 23.57740 23.59080 23.60660 23.62470 23.64330 23.66100 23.67730 23.69260 23.70820 23.72540 23.74550 23.77100 23.80340 23.84180 23.88470 23.93100 23.97880 24.02490 24.06820 24.10960 24.14880 24.18480 24.21800 24.24910 24.27960 24.31090 24.34500 24.38350 24.42690 24.47190 24.51010 24.53750 24.55460 24.56550 24.57480 24.58020 24.57790 24.56840 24.55390
23.62400 23.60990 23.60370 23.60610 23.60740 23.60050 23.58150 23.55040 23.51080 23.47530 23.45750 23.46240 23.48900 23.52630 23.55810 23.56270 23.53710 23.49970 23.47270 23.47700 23.50350 23.53100 23.55360 23.57150 23.58800 23.60590 23.62560 23.64630 23.66560 23.68270 23.69840 23.71320 23.72780 23.74390 23.76350 23.78780 23.81710 23.85030 23.88720 23.93030 23.97940 24.03140 24.08300 24.13150 24.17500 24.21310 24.24760 24.28120 24.31380 24.34590 24.38160 24.42450 24.47600 24.53040 24.57420 24.60360 24.62270 24.63470 24.64180 24.64320 24.63750 24.62680 24.61340
23.62880 23.61480 23.60870 23.61020 23.60860 23.59840 23.57860 23.54880 23.51070 23.47610 23.45820 23.46140 23.48430 23.51730 23.54570 23.54930 23.52470 23.48850 23.46240 23.46780 23.49580 23.52530 23.55080 23.57230 23.59320 23.61580 23.63920 23.66200 23.68230 23.69990 23.71620 23.73190 23.74740 23.76470 23.78600 23.81080 23.83820 23.86720 23.89880 23.93710 23.98420 24.03860 24.09610 24.15000 24.19680 24.23530 24.26980 24.30500 24.34020 24.37500 24.41370 24.46030 24.51730 24.57820 24.62700 24.65960 24.68140 24.69520 24.70200 24.70170 24.69460 24.68410 24.67260
23.63240 23.61920 23.61270 23.61220 23.60790 23.59480 23.57280 23.54240 23.50610 23.47330 23.45490 23.45580 23.47590 23.50600 23.53180 23.53360 23.50830 23.47200 23.44620 23.45240 23.48170 23.51290 23.54100 23.56650 23.59210 23.61890 23.64540 23.67010 23.69220 23.71180 23.72990 23.74750 23.76590 23.78690 23.81200 23.83970 23.86780 23.89590 23.92490 23.95830 23.99940 24.05060 24.10830 24.16410 24.21280 24.25230 24.28650 24.32100 24.35740 24.39640 24.43940 24.48860 24.54710 24.60990 24.66280 24.70050 24.72550 24.74130 24.75120 24.75400 24.74880 24.74000 24.73050
23.63740 23.62500 23.61830 23.61580 23.60870 23.59270 23.56760 23.53540 23.49960 23.46800 23.44930 23.44820 23.46520 23.49210 23.51530 23.51530 23.48890 23.45220 23.42700 23.43420 23.46460 23.49660 23.52640 23.55560 23.58520 23.61540 23.64420 23.67050 23.69450 23.71660 23.73750 23.75850 23.78110 23.80680 23.83600 23.86670 23.89670 23.92570 23.95440 23.98490 24.02040 24.06510 24.11710 24.17010 24.21890 24.26060 24.29680 24.33130 24.36750 24.40790 24.45350 24.50540 24.56610 24.63120 24.68770 24.72990 24.75840 24.77740 24.79170 24.79960 24.79890 24.79330 24.78530
23.64460 23.63330 23.62670 23.62260 23.61310 23.59420 23.56610 23.53140 23.49450 23.46290 23.44400 23.44120 23.45440 23.47720 23.49760 23.49540 23.46770 23.43110 23.40690 23.41520 23.44640 23.47870 23.50960 23.54170 23.57450 23.60660 23.63660 23.66360 23.68850 23.71240 23.73660 23.76210 23.79000 23.82040 23.85320 23.88660 23.91870 23.94920 23.97860 24.00850 24.04100 24.07860 24.12160 24.16830 24.21560 24.26000 24.30010 24.33610 24.37170 24.41120 24.45750 24.51270 24.57810 24.64740 24.70710 24.75190 24.78410 24.80790 24.82730 24.84070 24.84560 24.84460 24.83870
23.65290 23.64280 23.63660 23.63160 23.62070 23.60040 23.57000 23.53280 23.49450 23.46200 23.44200 23.43730 23.44740 23.46650 23.48260 23.47690 23.44700 23.40990 23.38630 23.39520 23.42690 23.46020 23.49300 23.52790 23.56290 23.59560 23.62470 23.65030 23.67410 23.69810 23.72460 23.75460 23.78800 23.82390 23.86100 23.89770 23.93280 23.96500 23.99470 24.02400 24.05460 24.08720 24.12330 24.16480 24.21000 24.25520 24.29690 24.33350 24.37010 24.41250 24.46230 24.52060 24.58900 24.66140 24.72310 24.76970 24.80580 24.83550 24.86200 24.88220 24.89250 24.89670 24.89620
23.66190 23.65320 23.64780 23.64200 23.63080 23.61030 23.57840 23.53910 23.49970 23.46650 23.44470 23.43800 23.44630 23.46210 23.47340 23.46320 23.43040 23.39210 23.36830 23.37690 23.40860 23.44300 23.47800 23.51560 23.55220 23.58440 23.61140 23.63390 23.65470 23.67730 23.70470 23.73800 23.77640 23.81770 23.85930 23.89970 23.93760 23.97150 24.00130 24.02980 24.05890 24.08900 24.12220 24.16140 24.20530 24.25000 24.29130 24.32720 24.36590 24.41430 24.46950 24.53020 24.59970 24.67320 24.73590 24.78410 24.82400 24.86040 24.89570 24.92390 24.93900 24.94820 24.95500
23.67200 23.66510 23.66070 23.65450 23.64250 23.62130 23.58850 23.54820 23.50820 23.47440 23.45170 23.44390 23.45080 23.46400 23.47140 23.45760 23.42230 23.38280 23.35830 23.36560 23.39580 23.42990 23.46590 23.50540 23.54330 23.57500 23.59970 23.61900 23.63690 23.65760 23.68490 23.71970 23.76100 23.80570 23.85030 23.89260 23.93120 23.96610 23.99790 24.02710 24.05500 24.08400 24.11660 24.15560 24.20000 24.24640 24.28930 24.32540 24.36450 24.41490 24.47250 24.53510 24.60630 24.68110 24.74420 24.79340 24.83710 24.88040 24.92480 24.96110 24.98110 24.99370 25.00540
23.68430 23.67870 23.67570 23.67000 23.65760 23.63530 23.60160 23.56080 23.52040 23.48630 23.46350 23.45540 23.46150 23.47270 23.47700 23.46000 23.42240 23.38200 23.35740 23.36380 23.39240 23.42540 23.46110 23.50100 23.53920 23.56990 23.59230 23.60830 23.62320 23.64180 23.66800 23.70270 23.74430 23.78980 23.83570 23.87850 23.91620 23.95150 23.98590 24.01670 24.04410 24.07240 24.10530 24.14490 24.19090 24.24060 24.28680 24.32420 24.36260 24.41150 24.46950 24.53480 24.60900 24.68560 24.74920 24.79930 24.84670 24.89650 24.94860 24.99240 25.01800 25.03320 25.04540
23.69950 23.69490 23.69330 23.68970 23.67840 23.65590 23.62120 23.57920 23.53810 23.50380 23.48090 23.47290 23.47880 23.48850 23.48930 23.46820 23.42770 23.38700 23.36390 23.37160 23.40080 23.43390 23.46890 23.50740 23.54370 23.57240 23.59170 23.60350 23.61440 23.62990 23.65400 23.68700 23.72650 23.77060 23.81660 23.85980 23.89710 23.93230 23.96760 23.99940 24.02700 24.05500 24.08720 24.12700 24.17420 24.22600 24.27460 24.31380 24.35270 24.40140 24.46130 24.53170 24.61010 24.68840 24.75300 24.80480 24.85610 24.91110 24.96850 25.01840 25.05130 25.06930 25.07800
23.71750 23.71370 23.71380 23.71290 23.70380 23.68220 23.64700 23.60390 23.56200 23.52700 23.50330 23.49480 23.50060 23.50870 23.50600 23.48090 23.43750 23.39710 23.37670 23.38740 23.41900 23.45330 23.48840 23.52580 23.56030 23.58680 23.60260 23.60930 23.61460 23.62490 23.64430 23.67270 23.70740 23.74750 23.79170 23.83480 23.87290 23.90860 23.94400 23.97700 24.00660 24.03420 24.06410 24.10300 24.15110 24.20390 24.25370 24.29490 24.33520 24.38430 24.44690 24.52340 24.60740 24.68900 24.75610 24.81070 24.86580 24.92530 24.98690 25.04220 25.08180 25.10260 25.10740
23.73710 23.73510 23.73710 23.73860 23.73150 23.71130 23.67690 23.63400 23.59130 23.55480 23.52940 23.51940 23.52370 23.52970 23.52430 23.49640 23.45140 23.41210 23.39500 23.40940 23.44380 23.47980 23.51620 23.55510 23.59030 23.61560 23.62810 23.62950 23.62800 23.63030 23.64100 23.66070 23.68780 23.72140 23.76110 23.80260 23.84190 23.87940 23.91580 23.95170 23.98550 24.01280 24.03880 24.07610 24.12500 24.17840 24.22900 24.27210 24.31330 24.36130 24.42500 24.50700 24.59800 24.68600 24.75790 24.81620 24.87540 24.93960 25.00620 25.06620 25.10980 25.13280 25.13730
23.75710 23.75750 23.76160 23.76520 23.75990 23.74120 23.70820 23.66600 23.62280 23.58490 23.55780 23.54550 23.54700 23.55010 23.54210 23.51260 23.46780 23.43130 23.41900 23.43790 23.47520 23.51230 23.54940 23.59000 23.62700 23.65280 23.66380 23.66140 23.65320 23.64630 23.64610 23.65530 23.67410 23.70130 23.73500 23.77240 23.81070 23.84860 23.88590 23.92510 23.96320 23.99140 24.01510 24.05150 24.10110 24.15450 24.20480 24.24800 24.28870 24.33470 24.39830 24.48420 24.58230 24.67850 24.75720 24.82080 24.88500 24.95430 25.02550 25.08880 25.13400 25.15900 25.16650
23.77600 23.77890 23.78520 23.79110 23.78780 23.77040 23.73820 23.69640 23.65330 23.61500 23.58680 23.57210 23.56990 23.56910 23.55830 23.52780 23.48480 23.45390 23.44930 23.47370 23.51360 23.55060 23.58650 23.62650 23.66430 23.69220 23.70430 23.70020 23.68670 23.67110 23.66010 23.65910 23.67150 23.69460 23.72290 23.75430 23.78750 23.82210 23.85850 23.89890 23.93970 23.97030 23.99560 24.03320 24.08340 24.13620 24.18490 24.22620 24.26440 24.30770 24.37010 24.45790 24.56140 24.66570 24.75270 24.82350 24.89440 24.96920 25.04380 25.10850 25.15410 25.18130 25.19290
23.79230 23.79770 23.80640 23.81470 23.81330 23.79710 23.76530 23.72360 23.68090 23.64310 23.61430 23.59740 23.59150 23.58680 23.57310 23.54180 23.50160 23.47940 23.48550 23.51630 23.55790 23.59490 23.62970 23.66760 23.70450 23.73360 23.74650 23.74070 23.72250 23.69930 23.67870 23.66910 23.67740 23.69900 23.72520 23.75250 23.77990 23.80840 23.84000 23.87700 23.91670 23.94920 23.97860 24.01990 24.07220 24.12530 24.17310 24.21290 24.24780 24.28600 24.34380 24.42980 24.53590 24.64700 24.74300 24.82350 24.90310 24.98430 25.06200 25.12740 25.17260 25.20090 25.21530
23.80530 23.81290 23.82440 23.83530 23.83590 23.82070 23.78910 23.74740 23.70520 23.66800 23.63910 23.62070 23.61150 23.60320 23.58680 23.55490 23.51860 23.50750 23.52710 23.56410 23.60640 23.64410 23.67910 23.71480 23.74960 23.77810 23.78990 23.78080 23.75760 23.72780 23.69960 23.68350 23.68950 23.71190 23.73930 23.76610 23.78960 23.81140 23.83460 23.86350 23.89760 23.92970 23.96310 24.00970 24.06640 24.12170 24.17050 24.21080 24.24300 24.27370 24.32310 24.40370 24.50920 24.62500 24.73030 24.82200 24.91120 24.99890 25.08020 25.14650 25.19140 25.21920 25.23360
23.81530 23.82500 23.83950 23.85360 23.85640 23.84220 23.81060 23.76880 23.72710 23.69050 23.66160 23.64230 23.63100 23.61890 23.59850 23.56690 23.53760 23.53930 23.57190 23.61430 23.65630 23.69450 23.73010 23.76530 23.79940 23.82750 23.83710 23.82360 23.79480 23.75920 23.72510 23.70440 23.70870 23.73180 23.76060 23.78760 23.80870 23.82560 23.84150 23.86160 23.88750 23.91570 23.95050 24.00180 24.06390 24.12280 24.17360 24.21510 24.24600 24.27130 24.31310 24.38650 24.48920 24.60830 24.72200 24.82380 24.92030 25.01210 25.09590 25.16380 25.20940 25.23670 25.24980
23.82350 23.83500 23.85260 23.87030 23.87550 23.86210 23.83070 23.78890 23.74760 23.71130 23.68260 23.66300 23.65050 23.63470 23.61000 23.58130 23.56320 23.57800 23.62040 23.66610 23.70710 23.74410 23.77990 23.81640 23.85220 23.88120 23.88930 23.87150 23.83720 23.79620 23.75740 23.73320 23.73600 23.75880 23.78700 23.81290 23.83220 23.84630 23.85800 23.87130 23.88850 23.91040 23.94350 23.99770 24.06490 24.12740 24.17990 24.22180 24.25230 24.27630 24.31400 24.38130 24.48140 24.60350 24.72350 24.83180 24.93160 25.02450 25.10950 25.17910 25.22620 25.25360 25.26540
