data_raster/melanesia/PNMC_temperatures_2021/202105.grd
DSAA																																																																																																																																																																																																																																																																																																																																																																																																																											
412	268																																																																																																																																																																																																																																																																																																																																																																																																																										
156	174.5																																																																																																																																																																																																																																																																																																																																																																																																																										
-26.5	-14.5																																																																																																																																																																																																																																																																																																																																																																																																																										
19.0 30.5																																																																																																																																																																																																																																																																																																																																																																																																																										
[rows 140 to 167 of 268, columns 189 to 251 of 412]
26.30350 26.30660 26.28260 26.27160 26.25280 26.22230 26.20030 26.18930 26.17870 26.16830 26.16250 26.15910 26.15540 26.15210 26.14990 26.14760 26.14480 26.14300 26.14200 26.14060 26.13820 26.13500 26.13010 26.12290 26.11420 26.10560 26.09910 26.09580 26.09500 26.09650 26.10020 26.10600 26.11350 26.11990 26.12220 26.12520 26.13480 26.14780 26.16060 26.17470 26.19110 26.20930 26.22790 26.24430 26.25920 26.27510 26.29180 26.30730 26.32170 26.33470 26.34360 26.34910 26.36030 26.37830 26.38980 26.39480 26.40770 26.42630 26.43760 26.44510 26.45790 26.47140 26.47970
26.30310 26.29870 26.26800 26.25870 26.24300 26.21380 26.19390 26.18560 26.17560 26.16460 26.15920 26.15700 26.15440 26.15200 26.15070 26.14950 26.14800 26.14730 26.14720 26.14620 26.14360 26.13980 26.13480 26.12890 26.12330 26.11920 26.11760 26.11870 26.12110 26.12390 26.12710 26.13120 26.13700 26.14360 26.15010 26.15760 26.16750 26.17950 26.19300 26.20860 26.22570 26.24160 26.25560 26.26860 26.28170 26.29540 26.30890 26.32090 26.33180 26.34260 26.35280 26.36290 26.37590 26.39160 26.40460 26.41500 26.42910 26.44570 26.45860 26.46940 26.48200 26.49410 26.50300
26.28780 26.27900 26.26380 26.25220 26.23280 26.20710 26.19180 26.18630 26.17790 26.16700 26.16010 26.15590 26.15200 26.14910 26.14800 26.14750 26.14720 26.14830 26.15030 26.15160 26.15160 26.15080 26.14940 26.14800 26.14610 26.14370 26.14250 26.14340 26.14580 26.14880 26.15200 26.15580 26.16180 26.16970 26.17820 26.18720 26.19700 26.20790 26.22040 26.23450 26.24940 26.26260 26.27370 26.28500 26.29730 26.30950 26.32120 26.33220 26.34300 26.35430 26.36650 26.37980 26.39430 26.40950 26.42410 26.43810 26.45290 26.46810 26.48200 26.49460 26.50680 26.51770 26.52650
26.28340 26.27330 26.26790 26.25010 26.22790 26.20920 26.19930 26.19500 26.18840 26.17930 26.17080 26.16350 26.15680 26.15210 26.15000 26.14900 26.14880 26.15040 26.15390 26.15770 26.16130 26.16440 26.16570 26.16440 26.16310 26.16430 26.16530 26.16450 26.16570 26.16960 26.17330 26.17720 26.18420 26.19350 26.20210 26.21110 26.22210 26.23310 26.24240 26.25290 26.26560 26.27740 26.28770 26.29900 26.31150 26.32340 26.33480 26.34670 26.35900 26.37150 26.38510 26.40010 26.41550 26.43060 26.44600 26.46160 26.47660 26.49100 26.50510 26.51860 26.53080 26.54140 26.55040
26.28790 26.28070 26.26930 26.25010 26.23380 26.22470 26.21870 26.21350 26.20830 26.20180 26.19280 26.18270 26.17370 26.16710 26.16330 26.16080 26.15910 26.15930 26.16200 26.16640 26.17160 26.17650 26.17780 26.17330 26.17080 26.17620 26.18060 26.17910 26.17990 26.18590 26.19050 26.19370 26.20100 26.21100 26.21910 26.22680 26.23730 26.24810 26.25730 26.26740 26.27970 26.29160 26.30270 26.31530 26.32900 26.34170 26.35390 26.36720 26.38090 26.39410 26.40800 26.42340 26.43860 26.45300 26.46800 26.48360 26.49840 26.51240 26.52670 26.54070 26.55340 26.56470 26.57500
26.29530 26.28950 26.27300 26.25670 26.24840 26.24740 26.24460 26.23880 26.23390 26.22800 26.21740 26.20510 26.19560 26.18950 26.18600 26.18340 26.18090 26.17910 26.17860 26.18000 26.18250 26.18500 26.19020 26.20000 26.20550 26.19990 26.19190 26.18940 26.19340 26.20090 26.20530 26.20750 26.21470 26.22510 26.23270 26.23970 26.24990 26.26120 26.27140 26.28260 26.29560 26.30850 26.32090 26.33490 26.35000 26.36390 26.37710 26.39160 26.40620 26.41960 26.43330 26.44800 26.46230 26.47570 26.48990 26.50490 26.51930 26.53310 26.54740 26.56180 26.57540 26.58800 26.60000
26.30260 26.29510 26.28270 26.27170 26.26840 26.27140 26.27140 26.26670 26.26120 26.25290 26.23880 26.22430 26.21570 26.21180 26.21030 26.20950 26.20800 26.20490 26.20050 26.19590 26.19210 26.19050 26.19900 26.22220 26.23630 26.22300 26.20500 26.20110 26.20700 26.21540 26.21940 26.22070 26.22770 26.23850 26.24620 26.25350 26.26500 26.27770 26.28870 26.30070 26.31490 26.32900 26.34260 26.35770 26.37390 26.38870 26.40260 26.41750 26.43240 26.44600 26.45930 26.47300 26.48630 26.49880 26.51220 26.52660 26.54070 26.55450 26.56880 26.58330 26.59760 26.61150 26.62500
26.31200 26.30480 26.29770 26.29150 26.29040 26.29360 26.29500 26.29230 26.28590 26.27440 26.25660 26.23920 26.22900 26.22460 26.22320 26.22310 26.22270 26.22060 26.21520 26.20510 26.19660 26.19740 26.18880 26.15430 26.14200 26.18680 26.22650 26.22200 26.21540 26.22640 26.23370 26.23390 26.24080 26.25280 26.26080 26.26840 26.28180 26.29660 26.30820 26.32090 26.33670 26.35220 26.36640 26.38220 26.39920 26.41450 26.42870 26.44390 26.45890 26.47230 26.48510 26.49820 26.51080 26.52290 26.53590 26.55020 26.56440 26.57830 26.59240 26.60650 26.62070 26.63490 26.64910
26.32460 26.32060 26.31660 26.31340 26.31260 26.31420 26.31580 26.31440 26.30730 26.29290 26.27170 26.25050 26.23590 26.22780 26.22460 26.22400 26.22430 26.22440 26.22090 26.20890 26.20010 26.20760 26.17360 26.05090 25.99590 26.12430 26.24920 26.24560 26.22120 26.23530 26.24760 26.24740 26.25470 26.26850 26.27700 26.28490 26.30030 26.31710 26.32950 26.34310 26.36060 26.37720 26.39160 26.40750 26.42490 26.44020 26.45430 26.46940 26.48440 26.49730 26.50980 26.52280 26.53530 26.54720 26.56030 26.57480 26.58920 26.60300 26.61660 26.63010 26.64340 26.65680 26.67040
26.34020 26.33910 26.33720 26.33550 26.33500 26.33600 26.33710 26.33540 26.32690 26.31020 26.28590 26.26050 26.24100 26.22980 26.22630 26.22640 26.22710 26.22810 26.22660 26.21850 26.21320 26.22080 26.19160 26.08540 26.03720 26.14680 26.25470 26.25350 26.23440 26.24760 26.25950 26.26130 26.27040 26.28520 26.29470 26.30400 26.32120 26.33960 26.35300 26.36760 26.38630 26.40350 26.41760 26.43320 26.45030 26.46510 26.47850 26.49320 26.50770 26.52030 26.53230 26.54520 26.55780 26.57000 26.58310 26.59750 26.61150 26.62480 26.63770 26.65030 26.66250 26.67460 26.68720
26.35850 26.35860 26.35790 26.35620 26.35550 26.35620 26.35620 26.35310 26.34360 26.32570 26.29890 26.26970 26.24630 26.23290 26.23010 26.23150 26.23260 26.23330 26.23320 26.23180 26.23120 26.23390 26.23020 26.21190 26.20450 26.22720 26.24960 26.25190 26.25330 26.26280 26.27100 26.27710 26.28860 26.30330 26.31440 26.32620 26.34440 26.36330 26.37760 26.39290 26.41170 26.42860 26.44220 26.45710 26.47340 26.48750 26.50030 26.51430 26.52830 26.54070 26.55270 26.56560 26.57850 26.59090 26.60400 26.61790 26.63120 26.64360 26.65580 26.66780 26.67890 26.68990 26.70120
26.37890 26.37850 26.37720 26.37430 26.37150 26.36930 26.36730 26.36360 26.35490 26.33770 26.30950 26.27770 26.25140 26.23590 26.23200 26.23300 26.23420 26.23570 26.23740 26.23960 26.24160 26.24310 26.24950 26.26470 26.27300 26.26290 26.25450 26.26080 26.27060 26.27760 26.28570 26.29670 26.30970 26.32330 26.33660 26.35130 26.36900 26.38630 26.40100 26.41620 26.43340 26.44900 26.46220 26.47640 26.49160 26.50520 26.51800 26.53180 26.54580 26.55890 26.57170 26.58500 26.59820 26.61100 26.62410 26.63750 26.65010 26.66210 26.67390 26.68540 26.69600 26.70630 26.71670
26.39920 26.39690 26.39390 26.38980 26.38440 26.37860 26.37430 26.37050 26.36380 26.34860 26.32060 26.28710 26.25830 26.23990 26.23320 26.23270 26.23440 26.23730 26.24050 26.24340 26.24610 26.24940 26.25310 26.25640 26.25940 26.26270 26.26910 26.27890 26.28720 26.29370 26.30470 26.31980 26.33320 26.34550 26.36030 26.37680 26.39260 26.40730 26.42150 26.43580 26.45020 26.46380 26.47670 26.49020 26.50440 26.51800 26.53140 26.54570 26.56060 26.57520 26.58970 26.60410 26.61810 26.63160 26.64490 26.65800 26.67040 26.68240 26.69410 26.70540 26.71570 26.72570 26.73560
26.41760 26.41230 26.40790 26.40350 26.39740 26.38990 26.38390 26.37950 26.37440 26.36180 26.33500 26.30060 26.26880 26.24660 26.23690 26.23550 26.23800 26.24180 26.24550 26.24840 26.25150 26.25580 26.25960 26.26100 26.26430 26.27340 26.28570 26.29770 26.30680 26.31450 26.32750 26.34470 26.35800 26.36890 26.38360 26.39970 26.41270 26.42460 26.43760 26.45030 26.46190 26.47350 26.48580 26.49870 26.51210 26.52600 26.54070 26.55630 26.57270 26.58950 26.60640 26.62280 26.63840 26.65310 26.66720 26.68070 26.69330 26.70540 26.71720 26.72850 26.73890 26.74860 26.75820
26.43680 26.42870 26.42320 26.41860 26.41230 26.40390 26.39610 26.39020 26.38560 26.37500 26.35020 26.31620 26.28190 26.25580 26.24290 26.24010 26.24340 26.24810 26.25220 26.25550 26.25910 26.26390 26.27050 26.27840 26.28640 26.29410 26.30410 26.31720 26.32870 26.33810 26.35170 26.36830 26.38060 26.39030 26.40330 26.41720 26.42740 26.43670 26.44780 26.45850 26.46780 26.47770 26.48920 26.50140 26.51440 26.52880 26.54470 26.56170 26.57990 26.59910 26.61850 26.63740 26.65530 26.67200 26.68750 26.70190 26.71530 26.72790 26.74010 26.75170 26.76220 26.77190 26.78140
26.45960 26.44980 26.44300 26.43740 26.42990 26.42000 26.40980 26.40130 26.39540 26.38550 26.36320 26.33110 26.29610 26.26720 26.25040 26.24530 26.24840 26.25460 26.26040 26.26480 26.26890 26.27470 26.28310 26.29360 26.30440 26.31400 26.32490 26.33820 26.35050 26.36130 26.37390 26.38750 26.39780 26.40610 26.41680 26.42760 26.43530 26.44230 26.45120 26.45980 26.46730 26.47590 26.48660 26.49830 26.51100 26.52570 26.54230 26.56040 26.58000 26.60120 26.62300 26.64460 26.66530 26.68460 26.70220 26.71820 26.73290 26.74650 26.75950 26.77160 26.78250 26.79250 26.80180
26.48440 26.47340 26.46500 26.45780 26.44910 26.43770 26.42480 26.41280 26.40440 26.39430 26.37470 26.34570 26.31150 26.28060 26.26050 26.25260 26.25530 26.26300 26.27110 26.27710 26.28210 26.28930 26.29880 26.30970 26.32130 26.33310 26.34520 26.35750 26.36910 26.37970 26.39030 26.40030 26.40810 26.41480 26.42270 26.43030 26.43570 26.44090 26.44780 26.45470 26.46110 26.46880 26.47870 26.48980 26.50210 26.51660 26.53330 26.55210 26.57290 26.59580 26.61990 26.64440 26.66840 26.69090 26.71130 26.72960 26.74610 26.76120 26.77520 26.78820 26.79970 26.81010 26.81970
26.50910 26.49670 26.48680 26.47810 26.46850 26.45630 26.44080 26.42490 26.41340 26.40270 26.38600 26.36090 26.32820 26.29650 26.27390 26.26400 26.26640 26.27530 26.28560 26.29330 26.29940 26.30750 26.31800 26.32950 26.34090 26.35170 26.36220 26.37240 26.38210 26.39090 26.39900 26.40600 26.41160 26.41640 26.42170 26.42660 26.43020 26.43400 26.43950 26.44540 26.45120 26.45840 26.46760 26.47810 26.49000 26.50400 26.52050 26.53970 26.56150 26.58610 26.61260 26.64030 26.66770 26.69370 26.71740 26.73840 26.75700 26.77370 26.78890 26.80280 26.81530 26.82630 26.83610
26.53190 26.51900 26.50770 26.49760 26.48710 26.47400 26.45620 26.43710 26.42310 26.41240 26.39870 26.37720 26.34660 26.31520 26.29140 26.28050 26.28270 26.29270 26.30460 26.31320 26.31940 26.32740 26.33760 26.34850 26.35850 26.36670 26.37420 26.38190 26.38920 26.39570 26.40150 26.40650 26.41050 26.41390 26.41740 26.42070 26.42330 26.42650 26.43120 26.43670 26.44270 26.45000 26.45900 26.46930 26.48110 26.49490 26.51140 26.53100 26.55400 26.58030 26.60940 26.64020 26.67090 26.70010 26.72660 26.74990 26.77020 26.78810 26.80440 26.81920 26.83240 26.84380 26.85340
26.55190 26.53940 26.52750 26.51610 26.50440 26.49030 26.47080 26.44970 26.43490 26.42500 26.41390 26.39570 26.36730 26.33690 26.31330 26.30200 26.30410 26.31450 26.32710 26.33530 26.34000 26.34640 26.35490 26.36370 26.37120 26.37650 26.38130 26.38650 26.39170 26.39640 26.40070 26.40460 26.40780 26.41060 26.41350 26.41640 26.41910 26.42260 26.42730 26.43310 26.43970 26.44760 26.45700 26.46780 26.48010 26.49440 26.51130 26.53180 26.55610 26.58440 26.61600 26.64960 26.68330 26.71510 26.74360 26.76830 26.78940 26.80770 26.82470 26.84010 26.85350 26.86450 26.87300
26.56900 26.55760 26.54570 26.53360 26.52090 26.50600 26.48620 26.46510 26.45050 26.44160 26.43280 26.41740 26.39140 26.36240 26.33910 26.32730 26.32860 26.33820 26.34980 26.35610 26.35820 26.36230 26.36850 26.37480 26.37960 26.38250 26.38520 26.38880 26.39270 26.39640 26.40000 26.40360 26.40680 26.41000 26.41340 26.41700 26.42090 26.42530 26.43070 26.43720 26.44470 26.45340 26.46350 26.47520 26.48860 26.50400 26.52210 26.54390 26.56990 26.60020 26.63410 26.67010 26.70600 26.73980 26.76960 26.79490 26.81610 26.83440 26.85130 26.86670 26.87930 26.88880 26.89520
26.58390 26.57380 26.56260 26.55030 26.53740 26.52260 26.50380 26.48420 26.47050 26.46220 26.45490 26.44160 26.41750 26.38960 26.36600 26.35310 26.35260 26.36030 26.36950 26.37300 26.37230 26.37390 26.37800 26.38250 26.38590 26.38740 26.38920 26.39230 26.39600 26.39980 26.40360 26.40750 26.41140 26.41550 26.42010 26.42520 26.43050 26.43620 26.44250 26.44960 26.45760 26.46690 26.47770 26.49020 26.50470 26.52150 26.54120 26.56480 26.59280 26.62510 26.66100 26.69900 26.73660 26.77180 26.80250 26.82790 26.84880 26.86650 26.88290 26.89720 26.90810 26.91510 26.91850
26.59810 26.58900 26.57860 26.56720 26.55500 26.54150 26.52460 26.50680 26.49360 26.48520 26.47830 26.46580 26.44240 26.41440 26.38960 26.37460 26.37180 26.37660 26.38310 26.38440 26.38180 26.38180 26.38490 26.38920 26.39290 26.39500 26.39740 26.40140 26.40620 26.41100 26.41580 26.42050 26.42530 26.43040 26.43630 26.44270 26.44900 26.45550 26.46210 26.46920 26.47680 26.48560 26.49620 26.50890 26.52400 26.54190 26.56320 26.58870 26.61870 26.65310 26.69080 26.73050 26.76970 26.80590 26.83720 26.86290 26.88340 26.90020 26.91520 26.92780 26.93620 26.94010 26.94000
26.61210 26.60380 26.59440 26.58430 26.57390 26.56220 26.54730 26.53100 26.51770 26.50820 26.50030 26.48720 26.46330 26.43430 26.40770 26.39040 26.38500 26.38740 26.39190 26.39180 26.38870 26.38860 26.39240 26.39820 26.40400 26.40840 26.41290 26.41880 26.42530 26.43190 26.43810 26.44380 26.44960 26.45560 26.46230 26.46930 26.47600 26.48240 26.48850 26.49460 26.50090 26.50840 26.51800 26.53010 26.54520 26.56360 26.58590 26.61320 26.64520 26.68140 26.72080 26.76200 26.80250 26.83980 26.87170 26.89740 26.91720 26.93270 26.94580 26.95580 26.96120 26.96180 26.95860
26.62610 26.61870 26.61030 26.60170 26.59310 26.58330 26.56990 26.55410 26.53980 26.52820 26.51830 26.50340 26.47830 26.44800 26.42000 26.40100 26.39380 26.39500 26.39910 26.39900 26.39650 26.39820 26.40450 26.41310 26.42180 26.42950 26.43710 26.44540 26.45400 26.46240 26.46990 26.47670 26.48320 26.48980 26.49670 26.50350 26.50970 26.51530 26.52020 26.52470 26.52920 26.53490 26.54280 26.55380 26.56840 26.58680 26.60980 26.63820 26.67180 26.70960 26.75050 26.79310 26.83470 26.87290 26.90510 26.93040 26.94900 26.96250 26.97280 26.97970 26.98200 26.97980 26.97410
26.63930 26.63310 26.62590 26.61850 26.61130 26.60310 26.59050 26.57450 26.55850 26.54440 26.53190 26.51490 26.48830 26.45720 26.42860 26.40910 26.40150 26.40290 26.40770 26.40880 26.40790 26.41220 26.42170 26.43350 26.44560 26.45670 26.46760 26.47870 26.48970 26.49980 26.50850 26.51590 26.52240 26.52860 26.53480 26.54070 26.54600 26.55030 26.55370 26.55640 26.55910 26.56300 26.56930 26.57910 26.59280 26.61110 26.63470 26.66420 26.69910 26.73840 26.78070 26.82440 26.86690 26.90560 26.93760 26.96160 26.97830 26.98920 26.99650 27.00010 26.99950 26.99480 26.98740
26.65120 26.64660 26.64060 26.63390 26.62740 26.61980 26.60740 26.59070 26.57320 26.55700 26.54210 26.52300 26.49540 26.46420 26.43630 26.41780 26.41120 26.41360 26.41970 26.42270 26.42420 26.43070 26.44250 26.45720 26.47240 26.48640 26.50040 26.51490 26.52860 26.54050 26.55000 26.55720 26.56280 26.56750 26.57190 26.57620 26.58020 26.58330 26.58540 26.58680 26.58810 26.59070 26.59560 26.60430 26.61760 26.63610 26.66040 26.69120 26.72770 26.76870 26.81240 26.85710 26.90000 26.93840 26.96920 26.99130 27.00540 27.01330 27.01750 27.01840 27.01540 27.00880 27.00000
26.66160 26.65880 26.65380 26.64740 26.64090 26.63300 26.62010 26.60260 26.58400 26.56610 26.54940 26.52900 26.50100 26.47040 26.44370 26.42690 26.42210 26.42560 26.43230 26.43660 26.44000 26.44830 26.46180 26.47840 26.49600 26.51350 26.53160 26.55000 26.56690 26.58070 26.59100 26.59790 26.60220 26.60490 26.60720 26.60940 26.61170 26.61360 26.61470 26.61510 26.61560 26.61720 26.62120 26.62930 26.64250 26.66160 26.68720 26.71970 26.75800 26.80050 26.84540 26.89080 26.93360 26.97100 27.00010 27.01990 27.03120 27.03630 27.03810 27.03700 27.03230 27.02420 27.01370
