data_raster/melanesia/PNMC_temperatures_2021/202106.grd
DSAA																																																																																																																																																																																																																																																																																																																																																																																																																											
412	268																																																																																																																																																																																																																																																																																																																																																																																																																										
156	174.5																																																																																																																																																																																																																																																																																																																																																																																																																										
-26.5	-14.5																																																																																																																																																																																																																																																																																																																																																																																																																										
19.0 30.5																																																																																																																																																																																																																																																																																																																																																																																																																									
[rows 196 to 223 of 268, columns 63 to 125 of 412]
25.61160 25.61100 25.60990 25.60710 25.60280 25.59760 25.59230 25.58690 25.58040 25.57280 25.56460 25.55620 25.54790 25.53960 25.53090 25.52160 25.51140 25.50070 25.48980 25.47950 25.47040 25.46270 25.45620 25.45080 25.44600 25.44170 25.43780 25.43430 25.43090 25.42770 25.42470 25.42200 25.41950 25.41760 25.41680 25.41700 25.41870 25.42380 25.43370 25.44590 25.45760 25.46820 25.47750 25.48570 25.49340 25.50130 25.50940 25.51710 25.52460 25.53240 25.54160 25.55280 25.56600 25.58140 25.60000 25.62160 25.64430 25.66660 25.68740 25.70640 25.72340 25.73830 25.75080
25.62260 25.62140 25.61980 25.61710 25.61330 25.60880 25.60460 25.60070 25.59580 25.58970 25.58300 25.57610 25.56930 25.56240 25.55480 25.54610 25.53600 25.52500 25.51350 25.50240 25.49240 25.48400 25.47720 25.47130 25.46630 25.46170 25.45740 25.45320 25.44920 25.44540 25.44160 25.43790 25.43470 25.43220 25.43060 25.43090 25.43410 25.44110 25.45230 25.46470 25.47590 25.48570 25.49410 25.50170 25.50890 25.51640 25.52420 25.53180 25.53950 25.54810 25.55840 25.57130 25.58630 25.60330 25.62300 25.64480 25.66590 25.68500 25.70250 25.71820 25.73170 25.74360 25.75470
25.63190 25.62980 25.62780 25.62530 25.62210 25.61850 25.61540 25.61260 25.60910 25.60480 25.60000 25.59510 25.59040 25.58530 25.57920 25.57150 25.56210 25.55140 25.53990 25.52820 25.51730 25.50800 25.50040 25.49420 25.48880 25.48400 25.47940 25.47480 25.47030 25.46610 25.46180 25.45740 25.45360 25.45060 25.44850 25.44890 25.45360 25.46190 25.47240 25.48330 25.49340 25.50250 25.51060 25.51750 25.52400 25.53100 25.53870 25.54670 25.55530 25.56530 25.57720 25.59130 25.60720 25.62490 25.64450 25.66490 25.68360 25.69950 25.71340 25.72550 25.73580 25.74560 25.75700
25.63970 25.63660 25.63400 25.63160 25.62930 25.62700 25.62520 25.62380 25.62190 25.61960 25.61710 25.61460 25.61190 25.60880 25.60460 25.59850 25.59020 25.58020 25.56920 25.55740 25.54570 25.53550 25.52690 25.51940 25.51290 25.50730 25.50220 25.49740 25.49300 25.48870 25.48440 25.48010 25.47610 25.47280 25.47080 25.47150 25.47640 25.48400 25.49220 25.50070 25.50930 25.51780 25.52570 25.53260 25.53880 25.54580 25.55390 25.56270 25.57260 25.58390 25.59680 25.61140 25.62780 25.64580 25.66440 25.68210 25.69770 25.71060 25.72150 25.73070 25.73870 25.74800 25.76100
25.64660 25.64220 25.63910 25.63690 25.63540 25.63470 25.63450 25.63470 25.63480 25.63500 25.63510 25.63490 25.63420 25.63270 25.63050 25.62630 25.61960 25.61090 25.60080 25.58940 25.57770 25.56690 25.55730 25.54830 25.54020 25.53310 25.52710 25.52180 25.51710 25.51260 25.50840 25.50430 25.50040 25.49710 25.49560 25.49650 25.50010 25.50520 25.51040 25.51620 25.52340 25.53140 25.53950 25.54670 25.55340 25.56070 25.56940 25.57970 25.59100 25.60320 25.61640 25.63110 25.64760 25.66540 25.68220 25.69660 25.70900 25.71940 25.72800 25.73540 25.74290 25.75290 25.76750
25.65300 25.64780 25.64420 25.64180 25.64120 25.64220 25.64370 25.64540 25.64790 25.65090 25.65390 25.65610 25.65690 25.65670 25.65610 25.65370 25.64860 25.64160 25.63310 25.62300 25.61220 25.60190 25.59210 25.58260 25.57330 25.56460 25.55680 25.54980 25.54360 25.53780 25.53270 25.52810 25.52390 25.52060 25.51930 25.52000 25.52180 25.52400 25.52640 25.53010 25.53630 25.54400 25.55240 25.56040 25.56780 25.57560 25.58480 25.59640 25.60950 25.62240 25.63570 25.65040 25.66630 25.68260 25.69700 25.70870 25.71840 25.72670 25.73370 25.74070 25.74930 25.76070 25.77550
25.65930 25.65330 25.64930 25.64690 25.64700 25.64960 25.65280 25.65630 25.66120 25.66740 25.67340 25.67800 25.68020 25.68100 25.68110 25.67980 25.67620 25.67090 25.66420 25.65590 25.64670 25.63750 25.62850 25.61920 25.60950 25.59950 25.58960 25.58060 25.57230 25.56490 25.55830 25.55270 25.54770 25.54390 25.54230 25.54210 25.54180 25.54140 25.54180 25.54420 25.54940 25.55680 25.56550 25.57430 25.58270 25.59120 25.60100 25.61370 25.62800 25.64190 25.65570 25.67020 25.68480 25.69860 25.71040 25.71990 25.72750 25.73390 25.73980 25.74680 25.75660 25.76890 25.78280
25.66530 25.65840 25.65400 25.65210 25.65320 25.65700 25.66180 25.66740 25.67500 25.68420 25.69320 25.70040 25.70430 25.70580 25.70580 25.70450 25.70170 25.69760 25.69240 25.68560 25.67790 25.67010 25.66220 25.65330 25.64340 25.63280 25.62200 25.61180 25.60250 25.59430 25.58690 25.58020 25.57430 25.56960 25.56680 25.56490 25.56240 25.55990 25.55910 25.56050 25.56460 25.57120 25.57980 25.58930 25.59890 25.60870 25.61950 25.63250 25.64740 25.66280 25.67770 25.69130 25.70380 25.71510 25.72440 25.73140 25.73710 25.74200 25.74670 25.75280 25.76210 25.77380 25.78680
25.67140 25.66360 25.65890 25.65760 25.65970 25.66430 25.67070 25.67870 25.68910 25.70110 25.71280 25.72260 25.72870 25.73140 25.73130 25.72930 25.72620 25.72270 25.71840 25.71260 25.70550 25.69830 25.69060 25.68170 25.67170 25.66120 25.65100 25.64150 25.63280 25.62500 25.61770 25.61090 25.60420 25.59830 25.59390 25.59010 25.58540 25.58110 25.57890 25.57910 25.58160 25.58700 25.59500 25.60460 25.61520 25.62640 25.63860 25.65250 25.66810 25.68490 25.70050 25.71280 25.72280 25.73140 25.73790 25.74220 25.74560 25.74880 25.75200 25.75640 25.76380 25.77370 25.78510
25.67830 25.66980 25.66480 25.66380 25.66640 25.67180 25.67980 25.69020 25.70330 25.71790 25.73200 25.74410 25.75310 25.75790 25.75820 25.75550 25.75140 25.74720 25.74300 25.73740 25.73020 25.72200 25.71300 25.70310 25.69300 25.68370 25.67570 25.66910 25.66270 25.65600 25.64970 25.64370 25.63700 25.62980 25.62380 25.61830 25.61190 25.60570 25.60140 25.59950 25.60010 25.60380 25.61050 25.61950 25.63010 25.64230 25.65620 25.67230 25.68970 25.70740 25.72250 25.73310 25.74060 25.74610 25.74960 25.75090 25.75120 25.75150 25.75260 25.75540 25.76040 25.76750 25.77650
25.68700 25.67770 25.67250 25.67150 25.67430 25.68050 25.69000 25.70260 25.71810 25.73510 25.75150 25.76590 25.77740 25.78430 25.78540 25.78220 25.77650 25.77050 25.76500 25.75870 25.75090 25.74140 25.73090 25.72070 25.71210 25.70590 25.70170 25.69830 25.69400 25.68820 25.68240 25.67680 25.66970 25.66170 25.65470 25.64820 25.64040 25.63260 25.62650 25.62250 25.62100 25.62260 25.62740 25.63480 25.64460 25.65680 25.67170 25.68950 25.70890 25.72740 25.74220 25.75190 25.75740 25.76020 25.76020 25.75780 25.75410 25.75070 25.74910 25.74950 25.75150 25.75540 25.76170
25.69870 25.68840 25.68260 25.68140 25.68430 25.69120 25.70200 25.71640 25.73370 25.75270 25.77160 25.78840 25.80170 25.80980 25.81200 25.80870 25.80130 25.79240 25.78390 25.77580 25.76740 25.75720 25.74650 25.73810 25.73340 25.73240 25.73260 25.73130 25.72780 25.72230 25.71600 25.70920 25.70140 25.69310 25.68590 25.67880 25.67000 25.66090 25.65370 25.64840 25.64490 25.64390 25.64590 25.65090 25.65880 25.66980 25.68410 25.70230 25.72250 25.74200 25.75760 25.76720 25.77200 25.77290 25.76960 25.76280 25.75490 25.74780 25.74250 25.73920 25.73760 25.73840 25.74240
25.71480 25.70340 25.69680 25.69490 25.69740 25.70430 25.71570 25.73120 25.74980 25.77020 25.79070 25.80960 25.82480 25.83510 25.83910 25.83620 25.82670 25.81420 25.80170 25.79040 25.78030 25.76990 25.76110 25.75710 25.75800 25.76190 25.76520 25.76510 25.76220 25.75750 25.75140 25.74410 25.73590 25.72750 25.71970 25.71130 25.70090 25.69050 25.68240 25.67570 25.66990 25.66590 25.66470 25.66650 25.67140 25.67960 25.69190 25.70910 25.72930 25.74880 25.76460 25.77440 25.77880 25.77870 25.77370 25.76460 25.75380 25.74320 25.73380 25.72640 25.72120 25.71920 25.72120
25.73600 25.72380 25.71610 25.71290 25.71430 25.72040 25.73170 25.74760 25.76670 25.78760 25.80870 25.82890 25.84660 25.86000 25.86670 25.86450 25.85330 25.83730 25.82030 25.80460 25.79160 25.78180 25.77690 25.77910 25.78580 25.79260 25.79720 25.79830 25.79710 25.79470 25.79060 25.78490 25.77780 25.76960 25.76100 25.75130 25.73960 25.72810 25.71890 25.71040 25.70180 25.69450 25.68980 25.68760 25.68820 25.69220 25.70090 25.71520 25.73310 25.75080 25.76540 25.77460 25.77880 25.77850 25.77360 25.76450 25.75230 25.73860 25.72560 25.71460 25.70650 25.70220 25.70250
25.76200 25.74960 25.74090 25.73640 25.73640 25.74150 25.75210 25.76750 25.78610 25.80650 25.82770 25.84860 25.86800 25.88340 25.89220 25.89170 25.88090 25.86280 25.84120 25.82080 25.80530 25.79730 25.79740 25.80470 25.81490 25.82360 25.83000 25.83420 25.83670 25.83790 25.83730 25.83490 25.83070 25.82500 25.81850 25.81060 25.80080 25.79030 25.78030 25.76990 25.75830 25.74750 25.73870 25.73170 25.72690 25.72570 25.72850 25.73520 25.74580 25.75940 25.77200 25.77970 25.78330 25.78360 25.77850 25.76760 25.75340 25.73770 25.72260 25.70930 25.69960 25.69410 25.69340
25.79310 25.78110 25.77210 25.76650 25.76520 25.76920 25.77870 25.79280 25.80970 25.82840 25.84880 25.86950 25.88880 25.90470 25.91490 25.91660 25.90790 25.88940 25.86460 25.84080 25.82420 25.81920 25.82400 25.83380 25.84500 25.85550 25.86500 25.87380 25.88120 25.88650 25.89010 25.89190 25.89200 25.89090 25.88930 25.88670 25.88210 25.87540 25.86680 25.85590 25.84320 25.83030 25.81830 25.80670 25.79610 25.78850 25.78370 25.78020 25.78100 25.78890 25.79830 25.80320 25.80560 25.80620 25.80000 25.78570 25.76890 25.75250 25.73630 25.72160 25.71070 25.70450 25.70320
25.83030 25.81920 25.81060 25.80500 25.80310 25.80550 25.81300 25.82500 25.83910 25.85470 25.87210 25.89060 25.90870 25.92450 25.93560 25.93860 25.93130 25.91390 25.88980 25.86610 25.85000 25.84750 25.85540 25.86600 25.87750 25.89040 25.90350 25.91560 25.92610 25.93490 25.94240 25.94850 25.95270 25.95560 25.95880 25.96190 25.96340 25.96260 25.95930 25.95300 25.94410 25.93380 25.92220 25.90850 25.89290 25.87790 25.86520 25.85590 25.85170 25.85380 25.85740 25.85800 25.85780 25.85720 25.85010 25.83510 25.81810 25.80150 25.78380 25.76650 25.75300 25.74500 25.74310
25.87250 25.86300 25.85590 25.85150 25.84950 25.85040 25.85570 25.86480 25.87550 25.88700 25.89970 25.91370 25.92910 25.94390 25.95510 25.95850 25.95150 25.93600 25.91560 25.89550 25.88220 25.88180 25.89110 25.90180 25.91370 25.92870 25.94410 25.95710 25.96860 25.97930 25.98940 25.99830 26.00540 26.01130 26.01820 26.02560 26.03240 26.03810 26.04250 26.04440 26.04320 26.03920 26.03200 26.02000 26.00310 25.98330 25.96490 25.95300 25.94680 25.94290 25.93910 25.93490 25.93160 25.92890 25.92230 25.91010 25.89570 25.88010 25.86170 25.84260 25.82690 25.81700 25.81420
25.91700 25.91050 25.90600 25.90350 25.90240 25.90280 25.90620 25.91240 25.91960 25.92680 25.93420 25.94270 25.95320 25.96460 25.97460 25.97790 25.97150 25.95770 25.94070 25.92620 25.91870 25.92100 25.93040 25.94150 25.95410 25.96900 25.98380 25.99600 26.00700 26.01760 26.02760 26.03680 26.04540 26.05390 26.06330 26.07350 26.08420 26.09530 26.10610 26.11530 26.12160 26.12460 26.12390 26.11810 26.10660 26.08950 26.07010 26.05360 26.04040 26.02920 26.01930 26.01120 26.00580 26.00270 25.99810 25.99010 25.97970 25.96730 25.95230 25.93630 25.92240 25.91290 25.90880
25.96260 25.96000 25.95870 25.95850 25.95870 25.95930 25.96140 25.96510 25.96910 25.97260 25.97520 25.97810 25.98280 25.98950 25.99640 25.99810 25.99120 25.97850 25.96490 25.95670 25.95610 25.96130 25.97070 25.98260 25.99570 26.00900 26.02110 26.03130 26.04040 26.04910 26.05730 26.06520 26.07410 26.08460 26.09630 26.10930 26.12380 26.13920 26.15500 26.16950 26.18160 26.19050 26.19610 26.19790 26.19480 26.18520 26.16950 26.15000 26.13010 26.11320 26.09910 26.08730 26.07900 26.07440 26.07050 26.06520 26.05810 26.04950 26.03960 26.02940 26.01990 26.01230 26.00730
26.00880 26.00980 26.01150 26.01360 26.01500 26.01580 26.01700 26.01870 26.02060 26.02150 26.02030 26.01860 26.01870 26.02080 26.02310 26.02020 26.00990 25.99770 25.98900 25.98680 25.99100 25.99870 26.00900 26.02180 26.03510 26.04680 26.05620 26.06330 26.06950 26.07560 26.08170 26.08850 26.09710 26.10860 26.12350 26.14110 26.16040 26.18050 26.20070 26.21940 26.23550 26.24860 26.25850 26.26520 26.26770 26.26480 26.25600 26.24130 26.22370 26.20640 26.18970 26.17330 26.15910 26.14850 26.14060 26.13410 26.12750 26.12050 26.11370 26.10710 26.10040 26.09420 26.08980
26.05560 26.05890 26.06230 26.06530 26.06720 26.06790 26.06820 26.06860 26.06920 26.06860 26.06510 26.06080 26.05830 26.05680 26.05360 26.04460 26.02970 26.01800 26.01460 26.01760 26.02510 26.03540 26.04750 26.06110 26.07420 26.08480 26.09230 26.09680 26.10050 26.10480 26.10990 26.11650 26.12570 26.13890 26.15740 26.17990 26.20410 26.22870 26.25300 26.27540 26.29460 26.31070 26.32370 26.33330 26.33910 26.34090 26.33850 26.33180 26.32110 26.30750 26.29100 26.27230 26.25360 26.23690 26.22330 26.21280 26.20360 26.19490 26.18760 26.18090 26.17410 26.16790 26.16360
26.10250 26.10610 26.10920 26.11130 26.11220 26.11230 26.11180 26.11130 26.11110 26.10980 26.10570 26.10080 26.09800 26.09440 26.08620 26.07160 26.05350 26.04290 26.04430 26.05200 26.06270 26.07570 26.09000 26.10440 26.11730 26.12740 26.13410 26.13790 26.14120 26.14580 26.15170 26.15960 26.17170 26.18880 26.21080 26.23650 26.26430 26.29290 26.32060 26.34600 26.36800 26.38690 26.40260 26.41470 26.42300 26.42740 26.42830 26.42620 26.42070 26.41130 26.39840 26.38260 26.36500 26.34690 26.33000 26.31500 26.30110 26.28830 26.27680 26.26650 26.25700 26.24890 26.24330
26.14720 26.15010 26.15210 26.15270 26.15220 26.15080 26.14930 26.14790 26.14660 26.14450 26.14060 26.13660 26.13430 26.12980 26.11910 26.10220 26.08380 26.07640 26.08330 26.09610 26.11020 26.12590 26.14210 26.15710 26.17000 26.18020 26.18750 26.19270 26.19800 26.20510 26.21370 26.22480 26.24140 26.26350 26.28930 26.31780 26.34850 26.37950 26.40910 26.43620 26.45990 26.48020 26.49710 26.51030 26.51950 26.52470 26.52640 26.52550 26.52210 26.51540 26.50570 26.49370 26.47940 26.46310 26.44580 26.42840 26.41150 26.39560 26.38040 26.36640 26.35420 26.34400 26.33610
26.18860 26.19090 26.19210 26.19190 26.19000 26.18680 26.18390 26.18130 26.17810 26.17430 26.17060 26.16780 26.16600 26.16180 26.15230 26.13760 26.12270 26.12100 26.13540 26.15440 26.17240 26.19060 26.20840 26.22400 26.23710 26.24790 26.25710 26.26540 26.27470 26.28570 26.29870 26.31460 26.33620 26.36330 26.39320 26.42470 26.45730 26.48910 26.51850 26.54500 26.56830 26.58800 26.60380 26.61550 26.62340 26.62760 26.62860 26.62700 26.62300 26.61640 26.60750 26.59670 26.58450 26.57090 26.55550 26.53880 26.52250 26.50690 26.49120 26.47600 26.46270 26.45130 26.44120
26.22950 26.23170 26.23240 26.23170 26.22880 26.22410 26.21950 26.21530 26.21010 26.20450 26.20040 26.19830 26.19770 26.19560 26.18940 26.17940 26.17070 26.17690 26.19990 26.22590 26.24870 26.27030 26.29030 26.30730 26.32140 26.33360 26.34480 26.35640 26.36930 26.38450 26.40220 26.42330 26.44970 26.48050 26.51310 26.54610 26.57860 26.60910 26.63640 26.66040 26.68090 26.69760 26.71020 26.71870 26.72370 26.72570 26.72500 26.72170 26.71630 26.70930 26.70070 26.69040 26.67930 26.66760 26.65420 26.63920 26.62450 26.61030 26.59550 26.58050 26.56710 26.55490 26.54320
26.27130 26.27390 26.27470 26.27370 26.27040 26.26520 26.25930 26.25300 26.24640 26.24000 26.23500 26.23300 26.23450 26.23550 26.23270 26.22830 26.22820 26.24370 26.27510 26.30820 26.33660 26.36240 26.38550 26.40480 26.42080 26.43470 26.44780 26.46160 26.47720 26.49560 26.51730 26.54270 26.57220 26.60460 26.63730 26.66910 26.69920 26.72670 26.75060 26.77060 26.78650 26.79860 26.80690 26.81160 26.81330 26.81260 26.80970 26.80460 26.79810 26.79120 26.78330 26.77390 26.76350 26.75240 26.73990 26.72620 26.71260 26.69920 26.68510 26.67080 26.65740 26.64470 26.63210
26.31220 26.31590 26.31760 26.31730 26.31490 26.31040 26.30410 26.29680 26.28990 26.28380 26.27900 26.27740 26.28060 26.28360 26.28290 26.28430 26.29490 26.32040 26.35850 26.39730 26.43130 26.46130 26.48710 26.50820 26.52570 26.54130 26.55640 26.57220 26.59000 26.61060 26.63470 26.66200 26.69190 26.72300 26.75330 26.78150 26.80740 26.83040 26.85030 26.86620 26.87760 26.88550 26.89040 26.89230 26.89150 26.88860 26.88390 26.87740 26.87000 26.86280 26.85500 26.84570 26.83550 26.82470 26.81290 26.80020 26.78750 26.77480 26.76140 26.74770 26.73450 26.72160 26.70860
