data_raster/melanesia/PNMC_temperatures_2021/202111.grd
DSAA																																																																																																																																																																																																																																																																																																																																																																																																																											
412	268																																																																																																																																																																																																																																																																																																																																																																																																																										
156	174.5																																																																																																																																																																																																																																																																																																																																																																																																																										
-26.5	-14.5																																																																																																																																																																																																																																																																																																																																																																																																																										
19.0 30.5																																																																																																																																																																																																																																																																																																																																																																																																																										
[rows 84 to 111 of 268, columns 189 to 251 of 412]
25.06790 25.04150 25.01500 24.99150 24.96080 24.92750 24.91320 24.91830 24.92870 24.93940 24.95160 24.97290 25.00790 25.04360 25.06790 25.07910 25.07590 25.05600 25.02280 24.98570 24.95350 24.93350 24.92260 24.91230 24.89110 24.85390 24.81670 24.79370 24.78760 24.79290 24.79610 24.78870 24.76830 24.74230 24.72260 24.71490 24.71980 24.72860 24.73210 24.72740 24.71670 24.70930 24.69760 24.65710 24.62830 24.69040 24.78600 24.81490 24.86180 25.00870 25.08070 24.94620 24.71840 24.52740 24.46900 24.52890 24.58440 24.60930 24.64380 24.67470 24.68240 24.75290 24.93090
25.07270 25.04810 25.02130 24.99610 24.96880 24.94350 24.93330 24.93910 24.95240 24.96850 24.98630 25.01300 25.05280 25.09070 25.11410 25.12410 25.12100 25.10070 25.06600 25.02590 24.98870 24.96080 24.94230 24.92850 24.90730 24.87150 24.83620 24.81530 24.81270 24.82330 24.83240 24.82950 24.81000 24.77990 24.75170 24.73310 24.72750 24.72780 24.72520 24.71390 24.69650 24.68950 24.68330 24.64340 24.65900 24.88370 25.13180 25.11280 25.00490 25.04840 25.09090 24.99040 24.84540 24.73000 24.62550 24.55380 24.58200 24.68370 24.77190 24.83500 24.90800 25.07150 25.32470
25.07790 25.05380 25.02550 24.99780 24.97230 24.95290 24.94670 24.95560 24.97680 25.00320 25.02790 25.05880 25.10200 25.14070 25.16170 25.16970 25.16600 25.14430 25.10630 25.06250 25.02050 24.98530 24.95910 24.94070 24.91870 24.88530 24.85340 24.83560 24.83650 24.85150 24.86540 24.86670 24.84930 24.81710 24.78080 24.75110 24.73570 24.72630 24.71530 24.70730 24.70470 24.70340 24.72010 24.79630 24.96150 25.21610 25.39730 25.31730 25.15890 25.14700 25.17390 25.12390 25.04520 24.97030 24.87060 24.76250 24.71390 24.75360 24.87450 25.02600 25.15860 25.33390 25.55570
25.08250 25.05760 25.02780 24.99920 24.97590 24.96100 24.95600 24.96690 25.00060 25.04370 25.07810 25.11200 25.15510 25.19130 25.20820 25.21290 25.20740 25.18330 25.14190 25.09440 25.04810 25.00690 24.97460 24.95250 24.93000 24.89940 24.87130 24.85680 24.86050 24.87820 24.89490 24.89910 24.88460 24.85240 24.80910 24.76750 24.73870 24.71660 24.69560 24.68310 24.67930 24.67080 24.72660 24.99970 25.38020 25.57000 25.54010 25.41110 25.30460 25.29930 25.31500 25.27780 25.21610 25.16190 25.12750 25.07910 24.94750 24.83730 24.94470 25.17800 25.34570 25.47110 25.58300
25.08450 25.05870 25.02990 25.00450 24.98680 24.97630 24.96850 24.97710 25.02470 25.09010 25.13740 25.17310 25.21060 25.23940 25.25070 25.25110 25.24230 25.21660 25.17410 25.12420 25.07360 25.02750 24.99130 24.96770 24.94610 24.91780 24.89260 24.88070 24.88630 24.90520 24.92270 24.92870 24.91710 24.88630 24.83810 24.78220 24.73030 24.68860 24.65570 24.61300 24.55630 24.51450 24.61040 25.04840 25.60670 25.77540 25.61580 25.46290 25.40890 25.43380 25.43130 25.33860 25.24540 25.22240 25.27150 25.30360 25.15940 24.96180 24.99850 25.20540 25.37690 25.46960 25.47970
25.08470 25.05810 25.03200 25.01160 24.99580 24.98570 24.98530 25.00820 25.07020 25.14700 25.20130 25.23570 25.26190 25.27840 25.28360 25.28130 25.27140 25.24720 25.20750 25.15710 25.10250 25.05120 25.01080 24.98560 24.96410 24.93650 24.91200 24.90090 24.90760 24.92780 24.94680 24.95490 24.94750 24.91980 24.86860 24.80210 24.73170 24.66190 24.60250 24.58200 24.59610 24.58250 24.64790 25.07640 25.64950 25.80270 25.61600 25.47240 25.44560 25.48030 25.45950 25.32860 25.21430 25.21050 25.31230 25.41150 25.31800 25.11400 25.05310 25.14390 25.27640 25.35480 25.31650
25.08380 25.05650 25.03280 25.01580 24.99410 24.97990 25.00990 25.07930 25.15330 25.21600 25.26200 25.28950 25.29970 25.30150 25.30210 25.30150 25.29610 25.27860 25.24560 25.19770 25.14040 25.08260 25.03470 25.00420 24.97970 24.95050 24.92420 24.91090 24.91810 24.94200 24.96490 24.97640 24.97410 24.94960 24.89510 24.82490 24.75260 24.65050 24.55150 24.67810 25.03160 25.17870 25.09550 25.26520 25.62460 25.70010 25.54020 25.43780 25.41710 25.41180 26.34541 26.34541 25.24130 25.21670 25.30590 25.43910 25.41580 25.25230 25.11520 25.07280 25.12640 26.34541 26.34541
25.07910 25.05100 25.02780 25.01340 24.99800 24.99940 25.06330 25.16650 25.24070 25.27980 25.30610 25.31850 25.31350 25.30600 25.30750 25.31310 25.31560 25.30790 25.28470 25.24340 25.18700 25.12310 25.06510 25.02470 24.99330 24.96110 24.93280 24.91720 24.92620 24.95600 24.98200 24.99240 24.98700 24.95620 24.88860 24.80220 24.71590 24.60180 24.52480 24.82660 25.48580 25.77520 25.55970 25.46350 25.58780 25.60870 25.51820 25.46070 25.42680 25.37260 25.33250 26.34541 25.29630 25.24570 25.28590 25.39270 25.39750 25.28360 25.14730 25.05920 25.05880 25.09520 25.10720
25.06990 25.04170 25.01910 25.01150 25.02720 25.07330 25.15320 25.24230 25.29880 25.32040 25.32320 25.31440 25.30050 25.29440 25.30330 25.31760 25.32840 25.33090 25.31950 25.28850 25.23720 25.17020 25.10210 25.04840 25.00640 24.97050 24.94210 24.92810 24.94270 24.97940 25.00480 25.00530 24.98580 24.93740 24.84730 24.73520 24.63100 24.55160 24.57610 24.95460 25.61940 25.90650 25.68820 25.52400 25.56930 25.63220 25.64180 25.60110 25.53090 26.34541 26.34541 26.34541 25.32890 26.34541 26.34541 25.30250 25.26420 25.17620 25.13010 25.13100 25.14550 25.16270 25.17580
25.06320 25.03940 25.02860 25.04380 25.09410 25.17000 25.24230 25.29550 25.32490 25.32990 25.31400 25.29210 25.27940 25.28070 25.29530 25.31480 25.33240 25.34480 25.34510 25.32350 25.27800 25.21290 25.14040 25.07420 25.01930 24.97820 24.95310 24.94890 24.97510 25.01890 25.03890 25.02590 24.99860 24.94700 24.85450 24.78040 24.78540 26.34541 26.34541 25.09880 25.58740 25.80850 25.65590 26.34541 25.57200 25.71660 25.81830 25.74440 26.34541 26.34541 26.34541 26.34541 26.34541 26.34541 26.34541 26.34541 25.19330 25.09110 25.12020 25.22350 25.27070 25.27500 25.27770
25.06710 25.05520 25.06970 25.11980 25.18790 25.25410 25.30000 25.32160 25.32540 25.31380 25.28930 25.26820 25.26520 25.27460 25.28920 25.30790 25.32940 25.35010 25.35990 25.34400 25.30190 25.24300 25.17360 25.09950 25.03300 24.98650 24.96770 24.98030 25.02110 25.06720 25.07280 25.04050 25.01250 24.97240 24.89410 24.92490 25.18120 25.35860 25.26050 25.26910 25.54620 25.70190 25.61200 26.34541 25.58760 25.78490 26.34541 26.34541 26.34541 26.34541 26.34541 26.34541 26.34541 26.34541 26.34541 26.34541 25.25090 25.12690 25.16560 25.29680 25.35370 25.35350 25.35110
25.08930 25.09770 25.13460 25.20000 25.26180 25.30180 25.32040 25.32240 25.31430 25.29730 25.27280 25.25630 25.26100 25.27550 25.28960 25.30640 25.32820 25.35260 25.36800 25.35470 25.31400 25.25960 25.19450 25.11940 25.04930 25.00200 24.99030 25.01640 25.06230 25.09510 25.06720 24.99430 24.94030 24.87810 24.76540 24.83290 26.34541 25.60670 25.51180 25.40040 25.51810 25.58710 26.34541 26.34541 26.34541 26.34541 26.34541 26.34541 26.34541 26.34541 26.34541 26.34541 26.34541 26.34541 26.34541 26.34541 25.26510 25.22130 25.27750 25.37920 25.42710 25.43130 25.42440
25.12850 25.15920 25.20590 25.25900 25.29780 25.31420 25.31570 25.31010 25.30390 25.29340 25.27350 25.25940 25.26570 25.28170 25.29690 25.31300 25.33230 25.35590 25.37210 25.35910 25.31820 25.26470 25.20270 25.13340 25.07080 25.03130 25.02660 25.05570 25.09380 25.10160 25.02830 24.90710 24.83340 24.75580 24.58760 24.60760 25.07000 25.51320 25.54880 25.48320 25.52420 26.34541 25.41340 26.34541 26.34541 26.34541 26.34541 26.34541 26.34541 26.34541 26.34541 26.34541 26.34541 26.34541 26.34541 25.24230 25.21780 25.32860 25.42790 25.48330 25.51610 25.52810 25.51610
25.17260 25.21340 25.25810 25.29460 25.31540 25.31970 25.31400 25.30620 25.30350 25.29870 25.28180 25.26850 25.27500 25.29120 25.30630 25.32140 25.33880 25.35980 25.37340 25.35790 25.31550 25.26290 25.20580 25.14710 25.10060 25.07880 25.08080 25.10040 25.12550 25.11770 25.01270 24.88290 24.89950 24.95480 24.84520 24.86590 25.32390 25.73780 26.34541 26.34541 26.34541 26.34541 26.34541 26.34541 26.34541 26.34541 26.34541 26.34541 26.34541 26.34541 26.34541 26.34541 26.34541 26.34541 25.38450 25.25670 25.28760 25.44170 25.55110 25.59620 25.62300 25.63400 25.62160
25.21260 25.25070 25.28700 25.31330 25.32650 25.32760 25.32130 25.31440 25.31360 25.31050 25.29390 25.27980 25.28500 25.29990 25.31420 25.32960 25.34750 25.36690 25.37680 25.35790 25.31370 25.26240 25.21160 25.16550 25.13620 25.12960 25.12630 25.11770 25.12490 25.11450 24.98790 24.88230 25.10350 25.44530 25.49600 26.34541 26.01850 26.34541 26.34541 26.34541 26.34541 26.34541 26.34541 26.34541 26.34541 26.34541 26.34541 26.34541 26.34541 26.34541 26.34541 26.34541 26.34541 26.34541 25.35520 25.38660 25.46860 25.55840 25.64530 25.71140 25.74020 25.74310 25.73560
25.24290 25.27570 25.30530 25.32650 25.33460 25.33150 25.32600 25.32420 25.32820 25.32770 25.31140 25.29380 25.29230 25.30280 25.31890 25.33890 25.36080 25.38130 25.38940 25.36840 25.32310 25.27190 25.22550 25.19020 25.16870 25.15440 25.11670 25.05650 25.04340 25.04180 24.88540 24.78970 25.24450 25.91040 26.34541 26.14640 26.56130 26.34541 26.34541 26.34541 26.34541 26.34541 26.34541 26.34541 26.34541 26.34541 26.34541 26.34541 26.34541 26.34541 26.34541 26.34541 26.34541 25.49710 25.43140 25.51730 25.61160 25.67770 25.75580 25.82680 25.85290 25.85230 25.85190
25.26570 25.29360 25.31860 25.33690 25.34110 25.33440 25.33140 25.33720 25.34760 25.35040 25.33370 25.31040 25.29780 25.30160 25.32140 25.34890 25.37640 25.39880 25.40540 25.38080 25.33230 25.28030 25.23430 25.19720 25.16680 25.13150 25.05670 24.96620 25.00280 25.11370 24.99690 24.89620 25.46420 26.34541 26.34541 26.53980 26.34541 26.34541 26.34541 26.34541 26.34541 26.34541 26.34541 26.34541 26.34541 26.34541 26.34541 26.34541 26.34541 26.34541 26.34541 25.75040 25.69840 25.61010 25.57530 25.62240 25.70410 25.79140 25.87060 25.92530 25.94390 25.94570 25.95180
25.28550 25.30840 25.32820 25.34270 25.34640 25.34310 25.34670 25.35970 25.37490 25.37890 25.35960 25.32890 25.30500 25.30210 25.32490 25.35830 25.38930 25.41100 25.41210 25.37820 25.32130 25.26810 25.21790 25.16130 25.10710 25.05900 24.99130 24.96160 25.19530 25.60140 26.34541 25.58100 26.34541 26.69700 26.95790 26.87850 26.78460 26.34541 26.34541 26.34541 26.34541 26.34541 26.34541 26.34541 26.34541 26.34541 26.34541 26.34541 26.34541 26.34541 25.84110 25.77030 25.73560 25.69310 25.68240 25.72230 25.80010 25.88820 25.95210 25.98610 25.99920 26.00520 26.01490
25.29930 25.31620 25.33110 25.34430 25.35200 25.35710 25.36910 25.38820 25.40690 25.41110 25.38810 25.35050 25.31890 25.31180 25.33540 25.36970 25.39740 25.41030 25.39940 25.35560 25.29000 25.22570 25.17280 25.13170 25.08320 25.02770 25.03960 25.21770 26.34541 26.26070 26.49690 26.43350 26.34541 26.34541 27.06100 26.34541 26.34541 26.34541 26.34541 26.34541 26.34541 26.34541 26.34541 26.34541 26.34541 26.34541 26.34541 26.34541 26.31950 26.14810 25.93250 25.83480 25.78950 25.75100 25.75770 25.81640 25.89310 25.96010 25.99940 26.01720 26.02960 26.04100 26.05180
25.30450 25.31390 25.32680 25.34540 25.36180 25.37560 25.39440 25.41830 25.44020 25.44480 25.41820 25.37600 25.34190 25.33350 25.35490 25.38360 25.40030 25.39510 25.36600 25.31700 25.24900 25.16850 25.13820 25.20730 25.24190 25.17820 25.32490 25.82900 26.38080 26.34541 26.34541 26.34541 26.34541 26.34541 26.34541 26.34541 26.34541 26.34541 26.34541 26.34541 26.34541 26.34541 26.34541 26.34541 26.34541 26.34541 26.18130 26.21620 26.25100 26.15120 26.00600 25.91070 25.85080 25.81750 25.83540 25.89740 25.96100 26.00460 26.02530 26.03580 26.05240 26.07000 26.08070
25.31000 25.31390 25.32890 25.35810 25.38610 25.40740 25.42980 25.45470 25.47720 25.48050 25.44860 25.40090 25.36430 25.35250 25.36690 25.38940 25.40100 25.38580 25.34220 25.28260 25.22330 25.19260 25.28990 25.57470 25.76940 25.71210 25.88770 26.50650 27.00290 27.11210 26.34541 26.34541 26.34541 26.34541 26.34541 26.34541 26.34541 26.34541 26.34541 26.34541 26.34541 26.34541 26.34541 26.34541 26.34541 26.32970 26.18290 26.13890 26.14720 26.11570 26.04880 25.97280 25.91250 25.88760 25.90920 25.96250 26.00790 26.03200 26.04260 26.05280 26.07430 26.09660 26.10740
25.32500 25.32790 25.34850 25.39020 25.42910 25.45540 25.47710 25.49820 25.51680 25.51480 25.47420 25.41820 25.37710 25.35790 25.35950 25.37480 25.38910 25.37840 25.33160 25.25700 25.23650 25.38940 25.74500 26.24010 26.56610 26.54220 26.58660 26.94000 26.34541 26.34541 26.34541 26.34541 26.34541 26.34541 26.34541 26.34541 26.34541 26.34541 26.34541 26.34541 26.34541 26.34541 26.34541 26.34541 26.69440 26.56470 26.29220 26.18070 26.17570 26.13480 26.06840 26.01080 25.96930 25.95140 25.97030 26.01360 26.04400 26.05450 26.06110 26.07400 26.09770 26.12100 26.13280
25.35360 25.35680 25.38220 25.43250 25.47700 25.50270 25.51930 25.53320 25.54500 25.53460 25.48150 25.41800 25.38040 25.35980 25.34320 25.33140 25.32080 25.29890 25.25560 25.19780 25.30120 25.79000 26.39540 26.72100 26.81880 26.34541 26.34541 26.34541 26.34541 26.34541 26.34541 26.34541 26.34541 26.34541 26.34541 26.34541 26.34541 26.34541 26.34541 26.34541 26.34541 26.34541 26.34541 26.34541 26.82440 26.70610 26.40480 26.27480 26.25470 26.18510 26.09810 26.04510 26.01760 26.00860 26.02710 26.06170 26.07960 26.07960 26.08260 26.09600 26.11850 26.14040 26.15290
25.38870 25.38920 25.41660 25.47230 25.51690 25.53520 25.54280 25.54880 25.55280 25.53270 25.46690 25.39580 25.36050 25.33390 25.29210 25.25080 25.21960 25.19140 25.16380 25.15920 25.42680 26.34541 26.34541 26.34541 26.34541 26.34541 26.34541 26.34541 26.34541 26.34541 26.34541 26.34541 26.34541 26.34541 26.34541 26.34541 26.34541 26.34541 26.34541 26.34541 26.34541 26.34541 26.34541 26.55960 26.69520 26.63400 26.45640 26.36240 26.32210 26.25030 26.16580 26.10180 26.06790 26.06500 26.08540 26.11170 26.11890 26.11030 26.10770 26.11690 26.13500 26.15360 26.16600
25.40750 25.39730 25.42540 25.49420 25.54210 25.54890 25.54610 25.54560 25.54170 25.51400 25.44370 25.35720 25.28240 25.20180 25.12300 25.12890 25.22770 25.30460 25.32460 25.35440 25.61750 26.34541 26.34541 26.34541 26.34541 26.34541 26.34541 26.34541 26.34541 26.34541 26.34541 26.34541 26.34541 26.34541 26.34541 26.34541 26.34541 26.34541 26.34541 26.34541 26.34541 26.39400 26.43510 26.50750 26.56610 26.55460 26.49650 26.44880 26.40820 26.35390 26.28340 26.20650 26.15190 26.13450 26.14230 26.15680 26.15660 26.14380 26.13660 26.13970 26.15030 26.16390 26.17670
25.40170 25.37900 25.41250 25.50360 25.55760 25.54870 25.53470 25.53180 25.52090 25.47810 25.38770 25.28730 25.20720 25.09350 24.97500 25.09930 25.47150 25.70870 25.71600 26.34541 26.34541 26.34541 26.34541 26.34541 26.34541 26.34541 26.34541 26.34541 26.34541 26.34541 26.34541 26.34541 26.34541 26.34541 26.34541 26.34541 26.34541 26.34541 26.51290 26.48850 26.44680 26.43750 26.47560 26.52660 26.56380 26.57150 26.55810 26.54180 26.52240 26.49180 26.43710 26.35690 26.28090 26.23110 26.21020 26.20730 26.20050 26.18690 26.17710 26.17420 26.17740 26.18620 26.20050
25.38250 25.36300 25.41460 25.52710 25.57910 25.54680 25.52080 25.52060 25.50520 25.42080 25.24590 25.16390 25.30000 25.35160 25.21590 25.42380 26.02140 26.34541 26.34541 26.34541 26.34541 26.34541 26.34541 26.34541 26.34541 26.34541 26.34541 26.34541 26.34541 26.34541 26.34541 26.34541 26.34541 26.34541 26.34541 26.34541 26.34541 26.54950 26.53100 26.52300 26.51270 26.52150 26.55510 26.59520 26.62710 26.64140 26.64350 26.64450 26.64170 26.62650 26.58700 26.51920 26.43950 26.36660 26.31710 26.29150 26.27340 26.25700 26.24430 26.23750 26.23800 26.24670 26.26340
25.38270 25.38000 25.45240 25.57160 25.60490 25.53960 25.49940 25.50360 25.48670 25.37970 25.17500 25.19630 25.64810 25.95830 25.84190 26.00230 26.34541 26.34541 26.34541 26.34541 26.34541 26.34541 26.34541 26.34541 26.34541 26.34541 26.34541 26.34541 26.34541 26.34541 26.34541 26.34541 26.34541 26.34541 26.34541 26.34541 26.63090 26.61200 26.57830 26.56120 26.58400 26.62170 26.65720 26.68880 26.71450 26.73150 26.74200 26.74990 26.75170 26.74130 26.71420 26.66720 26.60060 26.52320 26.45690 26.41100 26.38020 26.35900 26.34340 26.33510 26.33780 26.35010 26.37040
