data_raster/melanesia/PNMC_temperatures_2021/202104.grd
DSAA																																																																																																																																																																																																																																																																																																																																																																																																																											
412	268																																																																																																																																																																																																																																																																																																																																																																																																																										
156	174.5																																																																																																																																																																																																																																																																																																																																																																																																																										
-26.5	-14.5																																																																																																																																																																																																																																																																																																																																																																																																																										
19.0 30.5																																																																																																																																																																																																																																																																																																																																																																																																																										
[rows 84 to 111 of 268, columns 252 to 314 of 412]
25.77710 25.77420 25.81590 25.93980 26.12950 26.33430 26.48020 26.55870 26.60290 26.62860 26.64070 26.63170 26.59240 26.51920 26.42030 26.32400 26.25040 26.20600 26.18390 26.16760 26.15410 26.14730 26.14470 26.14260 26.14150 26.14220 26.14340 26.14370 26.14210 26.13800 26.13180 26.12360 26.11370 26.10320 26.09390 26.08650 26.08080 26.07590 26.07000 26.06110 26.04840 26.03280 26.01680 26.00350 25.99320 25.98410 25.97700 25.97310 25.97070 25.96820 25.96490 25.96060 25.95530 25.94900 25.94130 25.93230 25.92270 25.91270 25.90220 25.89090 25.87890 25.86670 25.85520
25.94080 26.00900 26.07980 27.02800 27.02800 26.45560 26.56740 26.61940 26.65460 26.67610 26.67210 26.64120 26.58430 26.49900 26.39370 26.29810 26.23090 26.19350 26.17640 26.16310 26.15070 26.14420 26.14150 26.13930 26.13840 26.13980 26.14220 26.14400 26.14370 26.14050 26.13420 26.12520 26.11450 26.10380 26.09490 26.08820 26.08340 26.07980 26.07620 26.07090 26.06250 26.05030 26.03560 26.02170 26.00810 25.99280 25.97730 25.96440 25.95380 25.94470 25.93610 25.92750 25.91950 25.91210 25.90460 25.89720 25.89040 25.88400 25.87750 25.87130 25.86590 25.86100 25.85650
26.11880 26.19210 27.02800 27.02800 27.02800 26.56720 26.64920 26.68560 26.70040 26.69780 26.67430 26.62870 26.56060 26.46870 26.36270 26.27290 26.21570 26.18620 26.17300 26.16110 26.14900 26.14180 26.13850 26.13620 26.13570 26.13750 26.14090 26.14440 26.14600 26.14440 26.13860 26.12900 26.11760 26.10620 26.09660 26.08950 26.08520 26.08240 26.07980 26.07700 26.07250 26.06330 26.04980 26.03500 26.01930 26.00130 25.98220 25.96450 25.94910 25.93660 25.92600 25.91680 25.90940 25.90360 25.89900 25.89530 25.89260 25.89050 25.88870 25.88780 25.88850 25.89010 25.89190
26.28850 26.32510 27.02800 27.02800 27.02800 26.67140 26.71840 26.73410 26.72210 26.69250 26.65460 26.60250 26.52880 26.43470 26.33200 26.25110 26.20520 26.18310 26.17200 26.16050 26.14790 26.13960 26.13530 26.13310 26.13300 26.13520 26.13930 26.14440 26.14840 26.14920 26.14500 26.13610 26.12460 26.11240 26.10120 26.09260 26.08760 26.08460 26.08190 26.08020 26.07800 26.07090 26.05800 26.04270 26.02650 26.00960 25.99240 25.97550 25.96020 25.94780 25.93830 25.93140 25.92640 25.92310 25.92180 25.92210 25.92300 25.92420 25.92620 25.92940 25.93420 25.93980 25.94580
26.42660 26.46550 27.02800 26.62480 26.70160 26.73440 26.73750 26.72220 26.69580 26.66290 26.62450 26.57130 26.49530 26.40170 26.30530 26.23390 26.19740 26.18070 26.17080 26.15940 26.14660 26.13750 26.13230 26.12990 26.13020 26.13280 26.13770 26.14410 26.15040 26.15440 26.15330 26.14690 26.13680 26.12440 26.11110 26.09970 26.09220 26.08730 26.08380 26.08200 26.08020 26.07360 26.06130 26.04690 26.03280 26.01980 26.00780 25.99600 25.98470 25.97460 25.96720 25.96290 25.95970 25.95730 25.95740 25.95990 25.96260 25.96530 25.96920 25.97470 25.98150 25.98910 25.99710
26.53970 26.60270 26.66690 26.72850 26.76120 26.75730 26.72830 26.69080 26.66090 26.63430 26.59810 26.54270 26.46390 26.37200 26.28350 26.22160 26.19230 26.17870 26.16890 26.15750 26.14530 26.13560 26.12950 26.12720 26.12790 26.13100 26.13650 26.14400 26.15220 26.15910 26.16180 26.15910 26.15160 26.13970 26.12470 26.11000 26.09890 26.09150 26.08670 26.08370 26.08040 26.07350 26.06290 26.05210 26.04290 26.03560 26.02960 26.02370 26.01720 26.01000 26.00450 26.00160 25.99950 25.99740 25.99780 26.00050 26.00370 26.00720 26.01190 26.01810 26.02570 26.03420 26.04330
26.64140 26.70630 26.75840 26.77950 26.77590 26.75530 26.72510 26.69200 26.66110 26.62780 26.58330 26.52000 26.43610 26.34600 26.26670 26.21440 26.19040 26.17760 26.16640 26.15520 26.14400 26.13410 26.12740 26.12540 26.12680 26.13030 26.13610 26.14420 26.15370 26.16260 26.16850 26.16980 26.16560 26.15530 26.13940 26.12210 26.10780 26.09770 26.09130 26.08630 26.08060 26.07340 26.06600 26.06150 26.05980 26.05900 26.05770 26.05540 26.05160 26.04670 26.04210 26.03910 26.03770 26.03770 26.03860 26.04060 26.04410 26.04880 26.05420 26.06070 26.06880 26.07810 26.08830
26.72700 26.77140 26.79910 26.79290 26.77120 26.74600 26.72070 26.69300 26.65790 26.61410 26.56050 26.49140 26.40600 26.32170 26.25450 26.21170 26.19040 26.17630 26.16320 26.15230 26.14290 26.13340 26.12650 26.12490 26.12690 26.13040 26.13620 26.14460 26.15450 26.16440 26.17280 26.17770 26.17750 26.17070 26.15670 27.02800 27.02800 26.10630 26.09800 26.09120 26.08330 26.07600 26.07160 26.07260 26.07730 26.08150 26.08370 26.08370 26.08190 26.07910 26.07610 26.07400 26.07420 26.07650 26.07860 26.08060 26.08480 26.09080 26.09700 26.10380 26.11230 26.12240 26.13370
26.78800 26.80260 26.80310 26.78970 26.76800 26.73990 26.70470 26.66400 26.62070 26.57360 26.51890 26.45140 26.37160 26.29890 26.24720 26.21350 26.19180 26.17470 26.16000 26.14980 26.14220 26.13380 26.12710 26.12580 26.12790 26.13120 26.13660 26.14460 26.15440 26.16490 26.17480 26.18250 26.18670 26.18540 26.17660 26.16000 26.13770 26.11860 26.10790 26.09990 26.09120 26.08380 26.08050 26.08340 26.09050 26.09680 26.10100 26.10350 26.10430 26.10400 26.10420 26.10580 26.10890 26.11270 26.11630 26.12020 26.12600 26.13320 26.14010 26.14740 26.15630 26.16680 26.17890
26.81730 26.81310 26.79790 26.78330 26.76150 26.72840 26.68530 26.63760 26.59190 26.54410 26.48710 26.41910 26.34530 26.28470 26.24730 26.22070 26.19670 26.17600 26.15990 26.15010 26.14360 26.13610 26.12980 26.12820 26.12960 26.13230 26.13720 26.14480 26.15440 26.16510 26.17570 26.18530 26.19290 26.19670 26.19440 26.18220 26.15950 26.13720 26.12350 26.11430 26.10610 26.09930 26.09570 26.09770 26.10380 26.10970 26.11430 26.11780 26.12020 26.12190 26.12520 26.13090 26.13710 26.14270 26.14850 26.15520 26.16310 26.17160 26.17960 26.18760 26.19680 26.20740 26.21970
26.82070 26.81540 26.79930 26.77880 26.74820 26.70920 26.67110 26.63460 26.59470 26.54460 26.47940 26.40570 26.33470 26.28290 26.25510 26.23230 26.20540 26.18130 26.16390 26.15380 26.14760 26.14070 26.13480 26.13260 26.13290 26.13450 26.13860 26.14600 26.15550 26.16610 26.17670 26.18690 26.19600 26.20310 26.20660 26.20110 26.18350 26.16220 26.14530 26.13410 26.12740 26.12200 26.11780 26.11770 26.12100 26.12470 26.12770 26.13050 26.13290 26.13570 26.14060 26.14850 26.15720 26.16530 26.17400 26.18360 26.19410 26.20470 26.21400 26.22280 26.23210 26.24250 26.25440
26.82410 26.81850 26.79910 26.76950 26.73310 26.69600 26.66600 26.63810 26.59980 26.54560 26.47530 26.40040 26.33460 26.28980 26.26640 26.24390 26.21410 26.18710 26.16840 26.15820 26.15280 26.14720 26.14220 26.14000 26.13950 26.13990 26.14300 26.14980 26.15850 26.16800 26.17790 26.18770 26.19650 26.20490 26.21300 26.21510 26.20570 26.18830 26.16920 26.15600 26.15080 26.14710 26.14290 26.14110 26.14170 26.14230 26.14310 26.14490 26.14750 26.15060 26.15580 26.16390 26.17370 26.18450 26.19630 26.20910 26.22270 26.23580 26.24710 26.25680 26.26610 26.27580 26.28700
26.83680 26.82300 26.79230 26.75440 26.71980 26.69180 26.66650 26.63660 26.59330 26.53520 26.46570 26.39640 26.33920 26.30080 26.27870 26.25480 26.22290 26.19330 26.17270 26.16250 26.15880 26.15520 26.15170 26.15000 26.14930 26.14870 26.15060 26.15600 26.16310 26.17100 26.17960 26.18800 26.19540 26.20370 26.21530 26.22430 26.22350 26.21160 26.19230 26.17800 26.17350 26.17140 26.16820 26.16620 26.16500 26.16280 26.16120 26.16260 26.16560 26.16880 26.17330 26.18030 26.19050 26.20350 26.21840 26.23440 26.25080 26.26640 26.27970 26.29060 26.29980 26.30870 26.31890
26.84620 26.82060 26.78080 26.74050 26.70890 26.68570 26.66180 26.62990 26.58500 26.52670 26.45880 26.39370 26.34350 26.31130 26.29240 26.26960 26.23690 26.20430 26.18000 26.16860 26.16610 26.16460 26.16260 26.16110 26.15990 26.15880 26.15950 26.16300 26.16830 26.17470 26.18200 26.18900 26.19470 26.20230 26.21600 26.22980 26.23600 26.23010 26.21390 26.20030 26.19560 26.19420 26.19280 26.19150 26.18950 26.18590 26.18270 26.18300 26.18540 26.18820 26.19200 26.19850 26.20950 26.22510 26.24260 26.26040 26.27830 26.29520 26.30960 26.32110 26.33030 26.33870 26.34810
26.84810 26.81100 26.76690 26.72920 26.69970 26.67570 26.65060 26.61900 26.57650 26.52050 26.45290 26.38990 26.34660 26.32200 26.30790 26.28830 26.25700 26.22200 26.19260 26.17760 26.17450 26.17490 26.17490 26.17320 26.17110 26.16980 26.16960 26.17070 26.17370 26.17850 26.18470 26.19070 26.19480 26.20120 26.21550 26.23230 26.24330 26.24340 26.23280 26.22180 26.21660 26.21540 26.21570 26.21580 26.21430 26.21070 26.20690 26.20540 26.20580 26.20740 26.21110 26.21830 26.23160 26.25020 26.26980 26.28820 26.30610 26.32290 26.33710 26.34860 26.35790 26.36600 26.37450
26.84590 26.79980 26.75300 26.71780 26.69070 26.66650 26.63950 26.60580 26.56260 26.50680 26.43930 26.38150 26.35110 26.33680 26.32510 26.30770 26.28080 26.24610 26.21180 26.19060 26.18370 26.18550 26.18870 26.18740 26.18420 26.18240 26.18130 26.18040 26.18020 26.18180 26.18690 26.19280 26.19500 26.19890 26.21290 26.23180 26.24650 26.25220 26.24800 26.24070 26.23560 26.23450 26.23650 26.23830 26.23820 26.23550 26.23160 26.22840 26.22630 26.22620 26.23010 26.23980 26.25660 26.27860 26.30000 26.31870 26.33580 26.35160 26.36490 26.37580 26.38480 26.39240 26.40010
26.83900 26.78590 26.73800 26.70600 26.68140 26.65660 26.62640 26.58860 26.54260 26.48730 26.42510 26.37780 26.36080 26.35460 26.34280 26.32680 26.30610 26.27500 26.23860 26.21070 26.19710 26.19730 26.20190 26.20100 26.19760 26.19590 26.19440 26.19210 26.18910 26.18770 26.19140 26.19700 26.19680 26.19760 26.21050 26.23030 26.24790 26.25820 26.25990 26.25660 26.25280 26.25230 26.25560 26.25890 26.26010 26.25830 26.25420 26.24970 26.24600 26.24520 26.25040 26.26390 26.28490 26.30980 26.33250 26.35090 26.36690 26.38110 26.39310 26.40300 26.41120 26.41830 26.42540
26.82400 26.76520 26.72000 26.69480 26.67160 26.64140 26.60600 26.56550 26.51910 26.46990 26.42400 26.39230 26.37990 26.37250 26.35960 26.34580 26.33060 26.30590 26.27280 26.24140 26.21970 26.21290 26.21330 26.21180 26.20960 26.20920 26.20840 26.20560 26.20200 26.19980 26.20200 26.20500 26.20230 26.20070 26.21150 26.23070 26.25000 26.26390 26.26980 26.27020 26.26880 26.26990 26.27390 26.27760 26.27880 26.27660 26.27200 26.26710 26.26400 26.26540 26.27440 26.29230 26.31660 26.34280 26.36570 26.38340 26.39790 26.41020 26.42050 26.42920 26.43640 26.44310 26.45050
26.79660 26.74010 26.70330 26.68470 26.66000 26.62240 26.58290 26.54300 26.49970 26.46110 26.43700 26.42170 26.40710 26.39170 26.37620 26.36340 26.35170 26.33420 26.30910 26.27950 26.25340 26.23920 26.23300 26.22810 26.22500 26.22450 26.22320 26.21960 26.21620 26.21470 26.21550 26.21560 26.21090 26.20780 26.21630 26.23400 26.25420 26.27050 26.27930 26.28290 26.28430 26.28700 26.29100 26.29370 26.29380 26.29100 26.28670 26.28290 26.28270 26.28870 26.30280 26.32450 26.35050 26.37650 26.39830 26.41500 26.42800 26.43850 26.44730 26.45470 26.46110 26.46770 26.47530
26.75570 26.71490 26.69170 26.67470 26.64530 26.60310 26.56380 26.52870 26.49210 26.46520 26.45990 26.45710 26.43840 26.41410 26.39440 26.37950 26.36770 26.35610 26.34090 26.31910 26.29610 26.28080 26.27040 26.25950 26.25030 26.24500 26.24000 26.23370 26.22920 26.22760 26.22780 26.22660 26.22090 26.21700 26.22410 26.24070 26.26120 26.27910 26.29020 26.29610 26.29950 26.30280 26.30590 26.30690 26.30550 26.30340 26.30150 26.30100 26.30520 26.31690 26.33560 26.35950 26.38510 26.40930 26.42940 26.44480 26.45670 26.46610 26.47370 26.48030 26.48640 26.49270 26.49960
26.71640 26.69350 26.68120 26.66060 26.62680 26.58550 26.55140 26.52430 26.49700 26.48080 26.48720 26.49040 26.46820 26.43840 26.41620 26.39800 26.38220 26.37200 26.36430 26.35130 26.33590 26.32560 26.31660 26.30310 26.28830 26.27580 26.26350 26.25110 26.24270 26.23960 26.23880 26.23670 26.23070 26.22690 26.23390 26.25060 26.27140 26.29010 26.30250 26.30980 26.31410 26.31710 26.31910 26.31900 26.31780 26.31790 26.32000 26.32430 26.33360 26.34990 26.37130 26.39520 26.41890 26.44060 26.45860 26.47260 26.48370 26.49250 26.49960 26.50560 26.51130 26.51690 26.52240
26.69010 26.67680 26.66620 26.63980 26.60520 26.57170 26.54710 26.52940 26.51270 26.50550 26.51550 26.51860 26.49550 26.46620 26.44540 26.42410 26.40090 26.38640 26.38010 26.37230 26.36420 26.36190 26.36010 26.35130 26.33650 26.31800 26.29630 26.27440 26.25950 26.25290 26.24950 26.24550 26.23920 26.23660 26.24530 26.26330 26.28470 26.30350 26.31600 26.32350 26.32790 26.33040 26.33170 26.33250 26.33390 26.33770 26.34430 26.35390 26.36780 26.38650 26.40800 26.43000 26.45130 26.47050 26.48620 26.49860 26.50900 26.51790 26.52480 26.53040 26.53520 26.53940 26.54340
26.67100 26.65900 26.64440 26.61500 26.58580 26.56490 26.55130 26.54240 26.53600 26.53660 26.54720 26.55010 26.53170 26.50770 26.48810 26.46260 26.43110 26.40940 26.39940 26.39120 26.38540 26.38760 26.39240 26.39150 26.38150 26.36140 26.33370 26.30390 26.28160 26.26910 26.26080 26.25350 26.24710 26.24690 26.25900 26.27950 26.30140 26.31910 26.33010 26.33720 26.34220 26.34510 26.34680 26.34970 26.35490 26.36280 26.37340 26.38690 26.40340 26.42280 26.44340 26.46380 26.48300 26.50010 26.51400 26.52510 26.53470 26.54310 26.54980 26.55470 26.55820 26.56100 26.56350
26.65340 26.63750 26.61800 26.59140 26.57290 26.56630 26.56330 26.56190 26.56430 26.57180 26.58330 26.58720 26.57510 26.55600 26.53520 26.50520 26.46850 26.44120 26.42590 26.41330 26.40480 26.40620 26.41360 26.41940 26.41630 26.39980 26.37190 26.33850 26.31010 26.29040 26.27530 26.26390 26.25790 26.26130 26.27780 26.30100 26.32240 26.33770 26.34600 26.35220 26.35860 26.36310 26.36630 26.37190 26.38080 26.39200 26.40520 26.42020 26.43740 26.45650 26.47670 26.49660 26.51480 26.53040 26.54300 26.55300 26.56140 26.56870 26.57450 26.57850 26.58080 26.58220 26.58380
26.63680 26.61730 26.59610 26.57650 26.56940 26.57450 26.58090 26.58700 26.59680 26.60930 26.62000 26.61900 26.60060 26.57610 27.02800 27.02800 27.02800 26.46400 26.44880 26.43540 26.42590 26.42730 26.43620 26.44540 26.44690 26.43500 26.40970 26.37580 26.34410 26.31920 26.29860 26.28370 26.27910 26.28710 26.30690 26.33070 26.34980 26.36170 26.36740 26.37230 26.37920 26.38530 26.39090 26.39920 26.41050 26.42320 26.43690 26.45210 26.46940 26.48890 26.50930 26.52910 26.54660 26.56110 26.57240 26.58110 26.58820 26.59400 26.59850 26.60140 26.60260 26.60330 26.60490
26.62300 26.60280 26.58460 26.57420 26.57620 26.58820 26.60210 26.61590 26.63150 26.64630 26.65460 26.64340 27.02800 27.02800 27.02800 27.02800 27.02800 26.47650 26.46370 26.45430 26.45050 26.45600 26.46650 26.47520 26.47680 26.46760 26.44520 26.41240 26.38030 26.35410 26.33150 26.31570 26.31420 26.32630 26.34710 26.36850 26.38330 26.39130 26.39480 26.39830 26.40420 26.41130 26.41930 26.42940 26.44120 26.45350 26.46670 26.48220 26.50040 26.52110 26.54220 26.56160 26.57840 26.59190 26.60190 26.60890 26.61440 26.61890 26.62220 26.62390 26.62410 26.62470 26.62720
26.61610 26.59720 26.58460 26.58360 26.59200 26.60700 26.62570 26.64550 26.66410 26.67900 26.68550 26.66850 27.02800 27.02800 27.02800 27.02800 27.02800 26.49640 26.47450 26.46900 26.47850 26.49150 26.50210 26.50700 26.50520 26.49560 26.47460 26.44390 26.41390 26.38980 26.37000 26.35810 26.36070 26.37510 26.39390 26.41050 26.42010 26.42400 26.42500 26.42690 26.43170 26.43930 26.44860 26.45840 26.46870 26.48040 26.49440 26.51150 26.53150 26.55370 26.57520 26.59400 26.60980 26.62230 26.63080 26.63610 26.64030 26.64400 26.64630 26.64700 26.64670 26.64750 26.65060
26.61790 26.60060 26.59370 26.60040 26.61250 26.62750 26.64860 26.67150 26.68830 26.69920 26.70460 27.02800 27.02800 27.02800 27.02800 27.02800 27.02800 26.52370 26.49040 26.48840 26.51100 26.52990 26.53810 26.53720 26.53000 26.51800 26.49780 26.47030 26.44460 26.42560 26.41250 26.40740 26.41360 26.42730 26.44150 26.45190 26.45610 26.45620 26.45510 26.45560 26.45980 26.46720 26.47630 26.48460 26.49330 26.50570 26.52230 26.54230 26.56460 26.58760 26.60890 26.62660 26.64100 26.65200 26.65890 26.66280 26.66640 26.66970 26.67130 26.67150 26.67110 26.67220 26.67570
