data_raster/melanesia/PNMC_temperatures_2021/202111.grd
DSAA																																																																																																																																																																																																																																																																																																																																																																																																																											
412	268																																																																																																																																																																																																																																																																																																																																																																																																																										
156	174.5																																																																																																																																																																																																																																																																																																																																																																																																																										
-26.5	-14.5																																																																																																																																																																																																																																																																																																																																																																																																																										
19.0 30.5																																																																																																																																																																																																																																																																																																																																																																																																																										
[rows 28 to 55 of 268, columns 0 to 62 of 412]
24.59060 24.54440 24.49770 24.45340 24.42400 24.41430 24.41410 24.41520 24.41280 24.40120 24.37410 24.33320 24.28450 24.23650 24.19540 24.15630 24.11910 24.09940 24.09990 24.09980 24.09860 24.11720 24.15650 24.20310 24.24640 24.27900 24.30530 24.33030 24.35160 24.36740 24.38010 24.39070 24.39790 24.39700 24.38150 24.34980 24.30380 24.25090 24.19780 24.13800 24.06860 24.00560 23.96210 23.93920 23.92760 23.90780 23.87980 23.86000 23.85890 23.88010 23.90910 23.92900 23.93890 23.94130 23.93690 23.92720 23.91510 23.90140 23.88490 23.86810 23.85620 23.84830 23.84190
24.58670 24.54460 24.50110 24.45800 24.42570 24.40960 24.40490 24.40560 24.40600 24.39960 24.37950 24.34570 24.30250 24.25880 24.22140 24.18520 24.14890 24.12810 24.12590 24.12350 24.12230 24.14410 24.18550 24.22630 24.25960 24.28580 24.30910 24.33240 24.35260 24.36780 24.38080 24.39290 24.40200 24.40360 24.39210 24.36560 24.32500 24.27450 24.21790 24.15320 24.08170 24.01800 23.97300 23.94650 23.92920 23.90310 23.87700 23.87860 23.90250 23.92670 23.94390 23.95240 23.95340 23.94830 23.93930 23.92860 23.91740 23.90490 23.88820 23.86950 23.85480 23.84480 23.83860
24.58330 24.54400 24.50330 24.46240 24.42880 24.40780 24.39870 24.39800 24.39960 24.39650 24.38210 24.35500 24.31790 24.27880 24.24420 24.21050 24.17720 24.15690 24.15230 24.14930 24.15010 24.17400 24.21410 24.24740 24.27120 24.29160 24.31120 24.33040 24.34760 24.36190 24.37550 24.38880 24.39970 24.40430 24.39790 24.37810 24.34440 24.29750 24.23900 24.17180 24.10090 24.03680 23.98660 23.95050 23.92340 23.89580 23.88060 23.90490 23.94850 23.97110 23.97440 23.97270 23.96640 23.95470 23.94170 23.93030 23.91980 23.90790 23.89170 23.87290 23.85650 23.84510 23.84010
24.57950 24.54220 24.50370 24.46460 24.43080 24.40690 24.39410 24.39070 24.39190 24.39160 24.38280 24.36280 24.33230 24.29720 24.26360 24.23120 24.20150 24.18300 24.17760 24.17550 24.17950 24.20380 24.23970 24.26450 24.27920 24.29420 24.30960 24.32350 24.33730 24.35180 24.36670 24.38100 24.39340 24.40130 24.40030 24.38750 24.36070 24.31850 24.26100 24.19450 24.12610 24.06090 24.00250 23.95280 23.91440 23.89130 23.89500 23.93870 23.99200 24.00920 24.00060 23.99090 23.97920 23.96240 23.94580 23.93310 23.92190 23.90990 23.89480 23.87750 23.86110 23.84940 23.84590
24.57530 24.54220 24.50700 24.46990 24.43630 24.41050 24.39330 24.38470 24.38330 24.38440 24.38080 24.36780 24.34310 24.31140 24.27920 24.24900 24.22360 24.20680 24.19980 24.19890 24.20620 24.22870 24.25770 24.27520 24.28380 24.29330 24.30340 24.31260 24.32450 24.34100 24.35810 24.37310 24.38620 24.39610 24.39970 24.39320 24.37270 24.33630 24.28380 24.22100 24.15420 24.08710 24.02230 23.96150 23.91470 23.90170 23.92750 23.98200 24.03240 24.04140 24.02390 24.00680 23.99000 23.96970 23.95010 23.93460 23.92340 23.91380 23.90130 23.88570 23.87050 23.85980 23.85690
24.57090 24.54420 24.51390 24.47900 24.44540 24.41770 24.39590 24.38110 24.37570 24.37680 24.37740 24.37030 24.35010 24.32150 24.29170 24.26490 24.24360 24.22770 24.21810 24.21800 24.22840 24.24740 24.26760 24.27920 24.28380 24.28760 24.29260 24.30030 24.31380 24.33340 24.35210 24.36660 24.37880 24.38910 24.39600 24.39490 24.37980 24.34960 24.30530 24.24910 24.18430 24.11520 24.04560 23.97750 23.92730 23.92710 23.97280 24.02940 24.06780 24.06820 24.04560 24.02240 24.00050 23.97790 23.95550 23.93600 23.92450 23.91920 23.91010 23.89620 23.88300 23.87380 23.87060
24.56630 24.54600 24.52050 24.48770 24.45350 24.42310 24.39800 24.38030 24.37240 24.37250 24.37530 24.37240 24.35590 24.33040 24.30340 24.27920 24.25980 24.24380 24.23310 24.23420 24.24670 24.26220 24.27410 24.27820 24.27660 24.27480 24.27840 24.29100 24.31050 24.33220 24.34950 24.36050 24.36970 24.37930 24.38870 24.39200 24.38150 24.35710 24.32130 24.27470 24.21720 24.14790 24.07010 23.99470 23.94510 23.95590 24.01380 24.06780 24.09450 24.08990 24.06690 24.04130 24.01620 23.99130 23.96560 23.94130 23.92680 23.92140 23.91460 23.90380 23.89290 23.88480 23.88140
24.56210 24.54660 24.52500 24.49430 24.45980 24.42720 24.40100 24.38320 24.37410 24.37240 24.37550 24.37490 24.36160 24.33930 24.31520 24.29300 24.27450 24.25870 24.24780 24.24910 24.26100 24.27190 24.27580 24.27180 24.26410 24.25960 24.26590 24.28680 24.31310 24.33560 24.34920 24.35480 24.35960 24.36760 24.37800 24.38440 24.37790 24.35850 24.32960 24.29330 24.24780 24.18200 24.09690 24.01850 23.97490 23.99030 24.04640 24.09300 24.11250 24.10770 24.08800 24.06360 24.03780 24.01130 23.98240 23.95310 23.93260 23.92230 23.91460 23.90600 23.89670 23.88900 23.88550
24.55870 24.54600 24.52710 24.49890 24.46620 24.43450 24.40850 24.39020 24.37920 24.37510 24.37700 24.37740 24.36690 24.34810 24.32700 24.30790 24.29240 24.27810 24.26610 24.26420 24.27030 24.27300 24.26860 24.25940 24.25110 24.25050 24.26240 24.28760 24.31600 24.33810 24.34900 24.35020 24.35090 24.35610 24.36530 24.37270 24.36960 24.35460 24.33000 24.30100 24.26740 24.21050 24.12960 24.06190 24.03160 24.04150 24.07620 24.10800 24.12450 24.12320 24.10840 24.08670 24.06230 24.03680 24.00650 23.97270 23.94540 23.92780 23.91470 23.90340 23.89360 23.88580 23.88120
24.55240 24.54200 24.52560 24.50050 24.47140 24.44280 24.41770 24.39810 24.38510 24.37920 24.37970 24.38020 24.37300 24.35860 24.34050 24.32360 24.31020 24.29660 24.28260 24.27490 24.27250 24.26700 24.25740 24.24820 24.24420 24.24960 24.26600 24.29190 24.31920 24.34000 24.34890 24.34700 24.34400 24.34540 24.35180 24.35840 24.35840 24.34800 24.32700 24.30190 24.27520 24.23230 24.17320 24.12890 24.11170 24.10630 24.10750 24.11850 24.13170 24.13500 24.12660 24.10940 24.08840 24.06600 24.03710 24.00130 23.96890 23.94380 23.92270 23.90490 23.89170 23.88240 23.87540
24.53980 24.53240 24.51940 24.49810 24.47310 24.44830 24.42430 24.40340 24.38990 24.38420 24.38370 24.38430 24.38120 24.37210 24.35640 24.33870 24.32210 24.30570 24.28950 24.27640 24.26670 24.25820 24.25100 24.24730 24.24830 24.25540 24.27160 24.29770 24.32460 24.34340 24.34960 24.34480 24.33840 24.33590 24.33860 24.34380 24.34650 24.34190 24.32640 24.30290 24.27620 24.25110 24.23110 24.21700 24.20280 24.17570 24.14400 24.13130 24.13560 24.14160 24.14110 24.13080 24.11500 24.09670 24.07160 24.03880 24.00510 23.97430 23.94580 23.92080 23.90180 23.88810 23.87820
24.52710 24.52180 24.51170 24.49460 24.47450 24.45420 24.43290 24.41270 24.39940 24.39340 24.39110 24.39030 24.38960 24.38380 24.36900 24.34900 24.32830 24.30900 24.29180 24.27580 24.26220 24.25410 24.25190 24.25400 24.25840 24.26470 24.27890 24.30410 24.32940 24.34480 24.34820 24.34200 24.33320 24.32720 24.32700 24.33160 24.33710 24.33770 24.32820 24.30840 24.28520 24.28020 24.29830 24.30970 24.29360 24.24710 24.18880 24.15230 24.14240 24.14750 24.15400 24.15070 24.13970 24.12440 24.10390 24.07780 24.04770 24.01510 23.98230 23.95170 23.92600 23.90620 23.89230
24.52150 24.51470 24.50560 24.49300 24.47870 24.46400 24.44770 24.43100 24.41770 24.40860 24.40180 24.39740 24.39490 24.38830 24.37240 24.35140 24.33060 24.31220 24.29630 24.28060 24.26680 24.25970 24.25960 24.26280 24.26790 24.27520 24.28900 24.31090 24.33100 24.34150 24.34310 24.33790 24.32830 24.31940 24.31810 24.32410 24.33250 24.33710 24.33280 24.32280 24.31620 24.33110 24.36790 24.39040 24.37500 24.31950 24.24480 24.18730 24.15970 24.15890 24.16800 24.16920 24.16100 24.14630 24.12930 24.11130 24.08830 24.05930 24.02690 23.99400 23.96340 23.93750 23.91780
24.52200 24.50980 24.49910 24.49070 24.48270 24.47340 24.46220 24.44920 24.43500 24.42090 24.40840 24.39900 24.39300 24.38460 24.36840 24.34880 24.33060 24.31470 24.30040 24.28630 24.27400 24.26800 24.26810 24.27110 24.27680 24.28650 24.30100 24.31910 24.33310 24.33850 24.33890 24.33550 24.32540 24.31350 24.31180 24.32060 24.33340 24.34380 24.34810 24.35380 24.36950 24.39920 24.43650 24.45750 24.44470 24.39210 24.31450 24.24270 24.19550 24.18090 24.18460 24.18730 24.18180 24.16730 24.15170 24.13880 24.12270 24.10050 24.07320 24.04260 24.01070 23.98040 23.95460
24.53130 24.51070 24.49630 24.49070 24.48740 24.48130 24.47230 24.46000 24.44380 24.42490 24.40670 24.39200 24.38230 24.37270 24.35850 24.34250 24.32810 24.31470 24.30150 24.28890 24.27880 24.27400 24.27460 24.27860 24.28620 24.29810 24.31280 24.32760 24.33690 24.33870 24.33820 24.33570 24.32450 24.31010 24.30920 24.32290 24.34240 24.36260 24.38140 24.40560 24.43960 24.47440 24.50080 24.51230 24.50190 24.46140 24.39540 24.31910 24.25330 24.21750 24.20680 24.20700 24.20430 24.19110 24.17530 24.16230 24.14940 24.13420 24.11510 24.09120 24.06240 24.03120 24.00100
24.56340 24.53510 24.51550 24.50830 24.50440 24.49650 24.48400 24.46750 24.44810 24.42640 24.40350 24.38250 24.36680 24.35380 24.34030 24.32820 24.31890 24.30980 24.30000 24.29150 24.28590 24.28390 24.28540 24.28930 24.29630 24.30690 24.31920 24.33010 24.33640 24.33710 24.33580 24.33240 24.32080 24.30860 24.31460 24.33820 24.36770 24.39980 24.43490 24.47370 24.51350 24.54310 24.55600 24.55630 24.54540 24.51970 24.47390 24.40350 24.32660 24.27040 24.24070 24.23190 24.22790 24.21610 24.20040 24.18500 24.17200 24.16070 24.14790 24.13120 24.10900 24.08200 24.05240
24.61720 24.58400 24.55870 24.54470 24.53420 24.52010 24.49980 24.47480 24.45050 24.42720 24.40150 24.37550 24.35310 24.33460 24.31950 24.31000 24.30640 24.30360 24.29960 24.29760 24.29850 24.30020 24.30210 24.30430 24.30780 24.31390 24.32090 24.32690 24.33130 24.33330 24.33220 24.32700 24.31810 24.31510 24.33460 24.37240 24.41310 24.45570 24.50300 24.54700 24.57920 24.59680 24.59990 24.59240 24.57900 24.56500 24.54010 24.48400 24.40790 24.33890 24.29030 24.26600 24.25420 24.24230 24.22750 24.21030 24.19550 24.18430 24.17360 24.16140 24.14660 24.12770 24.10400
24.66890 24.63360 24.60250 24.57830 24.55950 24.54150 24.51630 24.48320 24.45080 24.42240 24.39690 24.37320 24.35070 24.33040 24.31440 24.30640 24.30700 24.30860 24.30830 24.31090 24.31650 24.31930 24.31940 24.32050 24.32300 24.32570 24.32790 24.32920 24.33210 24.33640 24.33700 24.33360 24.33330 24.34530 24.37870 24.42680 24.47490 24.52180 24.56950 24.60780 24.62810 24.63540 24.63450 24.62580 24.61320 24.60470 24.59170 24.55320 24.49070 24.41910 24.35550 24.31360 24.28900 24.27330 24.25820 24.24090 24.22580 24.21440 24.20370 24.19250 24.18100 24.16790 24.15120
24.71680 24.68190 24.64750 24.61550 24.59100 24.57310 24.54860 24.51350 24.47490 24.44020 24.41570 24.39810 24.38030 24.36270 24.34870 24.34320 24.34670 24.34990 24.34950 24.35300 24.35970 24.36070 24.35720 24.35670 24.35830 24.35800 24.35590 24.35370 24.35490 24.35980 24.36270 24.36450 24.37610 24.40290 24.44390 24.49270 24.54030 24.58370 24.62130 24.64720 24.65810 24.66140 24.66210 24.65860 24.65120 24.64370 24.63310 24.61080 24.56890 24.50340 24.43170 24.37460 24.33570 24.31200 24.29450 24.27790 24.26410 24.25310 24.24190 24.22960 24.21720 24.20520 24.19350
24.78320 24.75160 24.72040 24.69100 24.66780 24.65070 24.63140 24.60520 24.57280 24.53930 24.51240 24.49140 24.47220 24.45680 24.44850 24.44870 24.45540 24.45910 24.45700 24.45800 24.46250 24.46210 24.45600 24.44900 24.44130 24.43180 24.42350 24.41940 24.41850 24.41930 24.42140 24.42820 24.44710 24.47820 24.51440 24.55200 24.58940 24.62320 24.64960 24.66650 24.67410 24.67910 24.68510 24.68920 24.68890 24.68360 24.67460 24.66320 24.63710 24.58140 24.51010 24.44450 24.39370 24.36030 24.33780 24.32080 24.30670 24.29440 24.28340 24.27220 24.25870 24.24490 24.23410
24.89070 24.86740 24.84660 24.82990 24.81510 24.80120 24.78970 24.77860 24.76170 24.73710 24.70610 24.67380 24.64570 24.62350 24.60800 24.60090 24.60120 24.60140 24.59820 24.59560 24.59480 24.59240 24.58560 24.57210 24.55400 24.53570 24.52270 24.51770 24.51400 24.50800 24.50640 24.51380 24.53030 24.55260 24.57490 24.59680 24.62030 24.64290 24.66050 24.67320 24.68260 24.69280 24.70530 24.71660 24.72330 24.72290 24.71730 24.71020 24.69150 24.64650 24.58280 24.51550 24.45680 24.41420 24.38560 24.36630 24.35000 24.33530 24.32530 24.31740 24.30510 24.29020 24.27740
25.05390 25.04550 25.04030 25.03920 25.03710 25.03220 25.02960 25.02950 25.02620 25.01250 24.98190 24.94140 24.90210 24.85770 24.80270 24.75350 24.72410 24.71150 24.70820 24.70290 24.69320 24.68570 24.67930 24.66830 24.65370 24.63940 24.62860 24.62230 24.61490 24.60420 24.59790 24.59870 24.60170 24.60610 24.61510 24.62870 24.64420 24.65850 24.66920 24.67930 24.69170 24.70700 24.72420 24.74070 24.75320 24.75810 24.75540 24.74780 24.73040 24.69560 24.64330 24.57850 24.51570 24.46690 24.43260 24.40940 24.39060 24.37480 24.36610 24.36160 24.35380 24.34160 24.32740
25.22640 25.23180 25.23930 25.24930 25.25750 25.26230 25.26660 25.27190 25.27670 25.27300 25.24970 25.21240 25.17150 25.11280 25.02540 24.93830 24.87780 24.84270 24.82350 24.80480 24.78370 24.77060 24.76450 24.75710 24.74810 24.74020 24.73150 24.71980 24.70530 24.68990 24.67790 24.66990 24.66080 24.65310 24.65540 24.66550 24.67550 24.68310 24.68940 24.69850 24.71320 24.73060 24.74780 24.76410 24.77770 24.78510 24.78440 24.77520 24.75770 24.73160 24.69060 24.63080 24.56770 24.51590 24.47710 24.44920 24.42770 24.41180 24.40450 24.40320 24.40100 24.39390 24.38030
25.34580 25.35460 25.36440 25.37530 25.38530 25.39330 25.40040 25.40780 25.41630 25.42020 25.41070 25.39110 25.36800 25.32960 25.26550 25.19470 25.13210 25.07000 25.00670 24.95500 24.92160 24.90550 24.89640 24.88010 24.86040 24.84620 24.83130 24.80820 24.78200 24.75810 24.73890 24.72550 24.71840 24.71730 24.72060 24.72460 24.72550 24.72600 24.73070 24.74090 24.75570 24.77010 24.78110 24.78990 24.79700 24.80170 24.80170 24.79370 24.77900 24.75930 24.72640 24.67340 24.61360 24.56080 24.51820 24.48580 24.46110 24.44450 24.43890 24.44110 24.44340 24.44060 24.42980
25.40580 25.41330 25.42110 25.42940 25.43760 25.44550 25.45410 25.46370 25.47470 25.48420 25.48810 25.48780 25.48640 25.47830 25.45740 25.42590 25.38210 25.31160 25.22050 25.14770 25.10660 25.08130 25.05520 25.01580 24.97680 24.95690 24.94100 24.91140 24.87670 24.84590 24.81850 24.79660 24.78710 24.78810 24.79000 24.78880 24.78500 24.78280 24.78650 24.79470 24.80470 24.81280 24.81700 24.81730 24.81530 24.81390 24.81190 24.80510 24.79380 24.77930 24.75330 24.70830 24.65360 24.60010 24.55380 24.51730 24.48880 24.47020 24.46670 24.47390 24.48090 24.48190 24.47480
25.42050 25.42920 25.43800 25.44690 25.45600 25.46570 25.47750 25.49150 25.50650 25.52050 25.53160 25.54020 25.54790 25.55200 25.54970 25.53970 25.51810 25.47240 25.40680 25.35190 25.31290 25.26830 25.20920 25.13990 25.08610 25.07290 25.07000 25.04490 25.01030 24.97910 24.94550 24.90880 24.87790 24.85720 24.84620 24.84250 24.84290 24.84450 24.84520 24.84530 24.84600 24.84780 24.84930 24.84610 24.83790 24.82970 24.82240 24.81300 24.80250 24.79220 24.77350 24.73760 24.68820 24.63350 24.58310 24.54250 24.50970 24.48820 24.48710 24.50070 24.51370 24.51930 24.51590
25.41380 25.42520 25.43620 25.44690 25.45820 25.47130 25.48710 25.50540 25.52450 25.54250 25.55770 25.57000 25.57980 25.58600 25.58750 25.58590 25.58040 25.56410 25.53760 25.51350 25.48700 25.43590 25.36030 25.27830 25.21930 25.20630 25.20320 25.17360 25.13620 25.10750 25.07730 25.03890 24.99540 24.95420 24.92520 24.90950 24.90240 24.89860 24.89420 24.89040 24.88870 24.88850 24.88730 24.88130 24.86970 24.85600 24.84160 24.82610 24.81250 24.80320 24.79000 24.76270 24.71980 24.66500 24.61070 24.56500 24.52770 24.50400 24.50480 24.52340 24.54170 24.55170 24.55220
25.40230 25.41560 25.42800 25.43950 25.45270 25.46930 25.48870 25.51000 25.53230 25.55410 25.57390 25.59030 25.60260 25.61100 25.61610 25.61940 25.62100 25.61740 25.60960 25.60560 25.59810 25.56540 25.50820 25.44330 25.39020 25.36150 25.33230 25.28100 25.23190 25.20350 25.18420 25.16190 25.12920 25.08750 25.04540 25.00700 24.97370 24.94910 24.93690 24.93520 24.93940 24.94030 24.93310 24.92190 24.90890 24.89220 24.87170 24.84930 24.82950 24.81660 24.80450 24.78420 24.74890 24.69720 24.64050 24.58890 24.54750 24.52330 24.52490 24.54500 24.56550 24.57880 24.58350
