data_raster/melanesia/PNMC_temperatures_2021/202105.grd
DSAA																																																																																																																																																																																																																																																																																																																																																																																																																											
412	268																																																																																																																																																																																																																																																																																																																																																																																																																										
156	174.5																																																																																																																																																																																																																																																																																																																																																																																																																										
-26.5	-14.5																																																																																																																																																																																																																																																																																																																																																																																																																										
19.0 30.5																																																																																																																																																																																																																																																																																																																																																																																																																										
[rows 168 to 195 of 268, columns 126 to 188 of 412]
26.56960 26.55560 26.54520 26.53910 26.53780 26.54280 26.55650 26.57860 26.60550 26.63170 26.65200 26.66950 26.68970 26.71220 26.73430 26.75070 26.75830 26.75920 26.75610 26.75170 26.74660 26.73950 26.72870 26.71280 26.69290 26.67330 26.66620 26.67990 26.70960 26.74970 26.79700 26.84220 26.87080 26.87850 26.86910 26.85090 26.83280 26.81610 26.79940 26.77970 26.75890 26.74870 26.14529 26.75740 26.75560 26.74120 26.72200 26.71150 26.70460 26.69160 26.67800 26.66940 26.66090 26.65060 26.64530 26.64570 26.64370 26.64040 26.64340 26.65140 26.65860 26.66410 26.66850
26.58860 26.57270 26.56110 26.55420 26.55150 26.55340 26.56160 26.57660 26.59740 26.61960 26.63800 26.65550 26.67690 26.70140 26.72590 26.74470 26.75440 26.75620 26.75250 26.74660 26.73990 26.73190 26.72140 26.70690 26.68750 26.66500 26.65170 26.65680 26.67860 26.71380 26.76050 26.81060 26.85090 26.87380 26.87700 26.86540 26.84680 26.82570 26.80480 26.78170 26.75960 26.75480 26.76580 26.76600 26.74990 26.73240 26.71920 26.70960 26.69950 26.68550 26.67370 26.66870 26.66450 26.65790 26.65450 26.65480 26.65220 26.64820 26.65040 26.65740 26.66360 26.66890 26.67420
26.60490 26.58820 26.57590 26.56830 26.56480 26.56530 26.57010 26.57960 26.59440 26.61150 26.62700 26.64410 26.66670 26.69310 26.71930 26.73970 26.75090 26.75370 26.75020 26.74370 26.73550 26.72580 26.71440 26.70040 26.68240 26.66060 26.64350 26.63920 26.65110 26.68020 26.72500 26.77710 26.82220 26.85320 26.86870 26.86720 26.84910 26.82400 26.80130 26.78120 26.76500 26.75970 26.76240 26.75630 26.73970 26.72480 26.71400 26.70340 26.69170 26.67980 26.67280 26.67320 26.67330 26.66920 26.66680 26.66730 26.66470 26.66030 26.66110 26.66600 26.67020 26.67420 26.67940
26.61780 26.60020 26.58770 26.58000 26.57660 26.57670 26.57960 26.58540 26.59500 26.60700 26.61990 26.63640 26.66010 26.68810 26.71610 26.73790 26.75010 26.75370 26.75100 26.74450 26.73570 26.72460 26.71180 26.69740 26.68010 26.65910 26.64020 26.62980 26.63430 26.65720 26.69810 26.74860 26.79420 26.82880 26.85240 26.85910 26.84340 26.81710 26.79390 26.77850 26.77090 26.76510 26.75730 26.74720 26.73540 26.72310 26.71060 26.69800 26.68670 26.67890 26.67710 26.68160 26.68440 26.68200 26.68060 26.68160 26.67930 26.67450 26.67370 26.67620 26.67820 26.68060 26.68500
26.62700 26.60800 26.59560 26.58900 26.58650 26.58670 26.58880 26.59250 26.59790 26.60550 26.61670 26.63380 26.65860 26.68810 26.71750 26.74040 26.75310 26.75740 26.75560 26.75000 26.74150 26.72990 26.71600 26.70100 26.68390 26.66400 26.64450 26.63030 26.62880 26.64470 26.67860 26.72430 26.76930 26.80740 26.83570 26.84730 26.83610 26.81190 26.78820 26.77500 26.77360 26.76950 26.75730 26.74650 26.73820 26.72550 26.70960 26.69600 26.68710 26.68360 26.68580 26.69200 26.69570 26.69450 26.69440 26.69630 26.69430 26.68910 26.68670 26.68710 26.68720 26.68810 26.69140
26.63290 26.61280 26.60080 26.59600 26.59510 26.59580 26.59780 26.60020 26.60170 26.60570 26.61720 26.63720 26.66460 26.69540 26.72460 26.74690 26.75950 26.76450 26.76390 26.75980 26.75260 26.74160 26.72760 26.71250 26.69760 26.68290 26.66410 26.64160 26.62800 26.63250 26.65570 26.69430 26.74120 26.78760 26.82360 26.84110 26.83540 26.81410 26.78910 26.77340 26.77110 26.76680 26.75450 26.74390 26.73610 26.72340 26.70750 26.69570 26.69010 26.69050 26.69530 26.70190 26.70580 26.70590 26.70700 26.70970 26.70830 26.70320 26.69970 26.69810 26.69690 26.69660 26.69830
26.63660 26.61600 26.60500 26.60220 26.60290 26.60430 26.60620 26.60750 26.60690 26.60980 26.62410 26.64890 26.67940 26.71060 26.73770 26.75760 26.76940 26.77460 26.77530 26.77310 26.76800 26.75840 26.74550 26.73150 26.71790 26.70410 26.68470 26.65870 26.63690 26.62930 26.64110 26.67280 26.72000 26.77220 26.81530 26.83980 26.84060 26.82280 26.79630 26.77540 26.76700 26.76010 26.74900 26.73840 26.72880 26.71690 26.70470 26.69700 26.69500 26.69800 26.70400 26.71040 26.71460 26.71580 26.71790 26.72100 26.72040 26.71600 26.71180 26.70880 26.70640 26.70520 26.70550
26.63950 26.61990 26.61050 26.60920 26.61110 26.61310 26.61400 26.61420 26.61510 26.62240 26.64240 26.67160 26.70300 26.73230 26.75640 26.77340 26.78300 26.78730 26.78870 26.78870 26.78600 26.77800 26.76690 26.75570 26.73610 26.70330 26.67640 26.66780 26.66090 26.65110 26.65720 26.68470 26.72260 26.76410 26.80490 26.83490 26.84360 26.83150 26.80540 26.78140 26.76890 26.75940 26.74770 26.73600 26.72510 26.71400 26.70480 26.70110 26.70230 26.70630 26.71210 26.71830 26.72280 26.72470 26.72710 26.73000 26.72990 26.72660 26.72260 26.71870 26.71490 26.71260 26.71280
26.64310 26.62560 26.61850 26.61820 26.62080 26.62320 26.62400 26.62510 26.63160 26.64700 26.67280 26.70380 26.73310 26.75840 26.77860 26.79190 26.79830 26.80070 26.80170 26.80280 26.80230 26.79640 26.78680 26.77550 26.74920 26.69860 26.64690 26.61610 26.60790 26.61740 26.63370 26.65480 26.68780 26.73300 26.78460 26.82710 26.84440 26.83690 26.81300 26.78890 26.77440 26.76260 26.74920 26.73670 26.72580 26.71580 26.70890 26.70820 26.71160 26.71550 26.72020 26.72620 26.73080 26.73310 26.73530 26.73770 26.73780 26.73550 26.73210 26.72790 26.72260 26.71910 26.71980
26.64860 26.63430 26.62990 26.63030 26.63320 26.63670 26.64040 26.64690 26.66150 26.68450 26.71290 26.74170 26.76620 26.78590 26.80090 26.80980 26.81270 26.81240 26.81160 26.81170 26.81200 26.80960 26.80040 26.78140 26.75830 26.72510 26.62400 26.45540 26.37770 26.43940 26.49090 26.49590 26.54630 26.64930 26.75160 26.82220 26.84660 26.83840 26.81720 26.79470 26.77690 26.76190 26.74830 26.73670 26.72740 26.72000 26.71610 26.71750 26.72160 26.72520 26.72920 26.73440 26.73890 26.74140 26.74340 26.74520 26.74550 26.74400 26.74110 26.73650 26.14529 26.72580 26.72620
26.65700 26.64720 26.64590 26.64750 26.65070 26.65610 26.66500 26.67960 26.70200 26.72960 26.75710 26.78100 26.79920 26.81240 26.82150 26.82580 26.82550 26.82280 26.82000 26.81910 26.82050 26.82220 26.81360 26.78640 26.77140 26.76880 26.62270 26.30740 26.17180 26.32310 26.42930 26.40810 26.46060 26.60740 26.74170 26.82330 26.84930 26.84110 26.82240 26.80010 26.77820 26.76000 26.74710 26.73780 26.73130 26.72720 26.72620 26.72870 26.73280 26.73580 26.73900 26.74320 26.74710 26.74960 26.75130 26.75260 26.75290 26.75170 26.74900 26.74430 26.73790 26.73320 26.73270
26.66990 26.66540 26.66790 26.67130 26.67580 26.68340 26.69810 26.72030 26.74710 26.77470 26.79900 26.81760 26.82920 26.83570 26.83900 26.83930 26.83670 26.83270 26.82960 26.82980 26.83360 26.83800 26.83080 26.80300 26.79190 26.79970 26.64930 26.31840 26.22660 26.48330 26.64220 26.59110 26.59550 26.69830 26.78490 26.83000 26.84920 26.84830 26.83110 26.80610 26.78150 26.76190 26.74940 26.74270 26.73970 26.73830 26.73860 26.74160 26.74540 26.74750 26.74940 26.75270 26.75580 26.75760 26.75880 26.75960 26.75960 26.75820 26.75530 26.75100 26.74550 26.74120 26.73990
26.69160 26.69140 26.69620 26.70160 26.70810 26.71820 26.73680 26.76280 26.78960 26.81390 26.83350 26.84650 26.85210 26.85300 26.85210 26.84930 26.84510 26.84110 26.83900 26.84060 26.84430 26.84540 26.83490 26.80790 26.79490 26.80030 26.69550 26.47110 26.45460 26.71430 26.86140 26.80110 26.76810 26.80730 26.83050 26.83280 26.84210 26.84660 26.83080 26.80570 26.78300 26.76570 26.75490 26.75070 26.75080 26.75120 26.75190 26.75490 26.75830 26.75940 26.76020 26.76280 26.76510 26.76610 26.76680 26.76740 26.76680 26.76460 26.76110 26.75680 26.75190 26.74790 26.74560
26.72440 26.72570 26.73050 26.73720 26.74570 26.75790 26.77700 26.80120 26.82430 26.84350 26.85760 26.86540 26.86650 26.86420 26.86110 26.85690 26.85190 26.84860 26.84800 26.84910 26.84790 26.83850 26.81800 26.78810 26.76950 26.77180 26.74340 26.67610 26.69060 26.80470 26.85770 26.81980 26.80500 26.82730 26.83290 26.82470 26.82620 26.82710 26.81410 26.79560 26.78050 26.76940 26.76240 26.76060 26.76240 26.76370 26.76460 26.76720 26.76990 26.77060 26.77110 26.77300 26.77490 26.77550 26.77600 26.77640 26.77510 26.77180 26.76730 26.76210 26.75680 26.75220 26.74890
26.76260 26.76450 26.76860 26.77500 26.78440 26.79720 26.81380 26.83260 26.85010 26.86440 26.87420 26.87870 26.87790 26.87470 26.87170 26.86820 26.86430 26.86220 26.86200 26.86100 26.85440 26.83670 26.80970 26.77990 26.75920 26.75590 26.75970 26.76390 26.77920 26.80130 26.80140 26.78330 26.78420 26.80280 26.81310 26.81240 26.80840 26.80270 26.79520 26.78700 26.77940 26.77380 26.77100 26.77150 26.77370 26.77510 26.77610 26.77810 26.78020 26.78070 26.78110 26.78260 26.78400 26.78440 26.78470 26.78480 26.78310 26.77920 26.77400 26.76820 26.76210 26.75680 26.75290
26.80080 26.80330 26.80690 26.81190 26.82010 26.83160 26.84410 26.85640 26.86840 26.87920 26.88700 26.89090 26.89050 26.88850 26.88740 26.88630 26.88500 26.88390 26.88250 26.87850 26.86890 26.85030 26.82540 26.80060 26.78420 26.77530 26.73790 26.67190 26.67660 26.76780 26.81630 26.79150 26.77310 26.78210 26.79610 26.80200 26.79490 26.78600 26.78600 26.78690 26.78290 26.77970 26.78030 26.78260 26.78470 26.78570 26.78630 26.78780 26.78930 26.78970 26.79000 26.79110 26.79200 26.79200 26.79190 26.79160 26.78970 26.78590 26.78090 26.77500 26.76870 26.76310 26.75890
26.83570 26.83810 26.84090 26.84410 26.85000 26.85850 26.86710 26.87510 26.88350 26.89190 26.89890 26.90340 26.90490 26.90530 26.90630 26.90730 26.90760 26.90640 26.90290 26.89610 26.88480 26.86790 26.84550 26.82100 26.81020 26.80790 26.71990 26.54360 26.52880 26.72600 26.83630 26.78570 26.75310 26.77690 26.79530 26.79520 26.78780 26.78330 26.78710 26.79050 26.78800 26.78670 26.78990 26.79350 26.79570 26.79640 26.79690 26.79790 26.79890 26.79880 26.79880 26.79950 26.79970 26.79900 26.79830 26.79780 26.79570 26.79190 26.78700 26.78130 26.77490 26.76890 26.76400
26.86580 26.86700 26.86840 26.87060 26.87410 26.87920 26.88510 26.89150 26.89820 26.90520 26.91200 26.91750 26.92130 26.92400 26.92640 26.92790 26.92760 26.92480 26.91910 26.90990 26.89720 26.88060 26.85870 26.83270 26.81840 26.80830 26.69570 26.48250 26.46740 26.70580 26.82830 26.75590 26.73120 26.78560 26.80650 26.79290 26.78860 26.79310 26.79560 26.79510 26.79360 26.79520 26.80070 26.80590 26.80890 26.81030 26.81100 26.81190 26.81240 26.81200 26.81150 26.81170 26.81130 26.80960 26.80830 26.80740 26.80500 26.80070 26.79560 26.79000 26.78380 26.77750 26.77160
26.89060 26.89080 26.89120 26.89300 26.89570 26.89920 26.90340 26.90820 26.91370 26.91990 26.92690 26.93370 26.93920 26.94310 26.94570 26.94630 26.94440 26.93890 26.93000 26.91910 26.90500 26.88600 26.86810 26.85530 26.81480 26.71820 26.59760 26.51600 26.57380 26.74670 26.81960 26.76420 26.75120 26.79560 26.80840 26.79530 26.79750 26.80650 26.80580 26.80170 26.80140 26.80660 26.81540 26.82340 26.82870 26.83180 26.83370 26.83510 26.83590 26.83590 26.83560 26.83540 26.83430 26.83210 26.82990 26.82790 26.82460 26.81990 26.81480 26.80950 26.80390 26.79820 26.79260
26.91100 26.91060 26.91080 26.91260 26.91560 26.91910 26.92230 26.92540 26.92960 26.93570 26.94330 26.95100 26.95720 26.96120 26.96260 26.96160 26.95760 26.94920 26.93730 26.92500 26.91020 26.88900 26.87680 26.88150 26.81190 26.61620 26.50300 26.60480 26.74810 26.81160 26.82010 26.80720 26.80030 26.80260 26.80190 26.14529 26.81110 26.81900 26.81600 26.81120 26.81330 26.82250 26.83590 26.84780 26.85630 26.86210 26.86620 26.86910 26.87120 26.87280 26.87360 26.87330 26.87220 26.87010 26.86750 26.86430 26.86020 26.85540 26.85070 26.84620 26.84160 26.83720 26.83310
26.92800 26.92800 26.92840 26.93020 26.93310 26.93630 26.93860 26.94070 26.94500 26.95160 26.95950 26.96710 26.97320 26.97650 26.97630 26.97300 26.96680 26.95690 26.94400 26.93090 26.91670 26.89900 26.88760 26.88560 26.82450 26.66810 26.58150 26.66600 26.77420 26.81300 26.82480 26.83170 26.82430 26.80970 26.80540 26.81250 26.82390 26.83070 26.82800 26.82530 26.83100 26.84480 26.86320 26.87920 26.89050 26.89920 26.90630 26.91200 26.91660 26.92040 26.92300 26.92410 26.92410 26.92310 26.92110 26.91810 26.91420 26.91000 26.90650 26.90330 26.89980 26.89640 26.89370
26.94260 26.94330 26.94430 26.94590 26.94800 26.95020 26.95200 26.95430 26.95930 26.96660 26.97410 26.98100 26.98660 26.98930 26.98800 26.98320 26.97570 26.96580 26.95400 26.94130 26.92890 26.91800 26.90440 26.88260 26.85290 26.81390 26.75080 26.67810 26.68310 26.77650 26.84070 26.83830 26.82390 26.81940 26.82110 26.82790 26.83900 26.84690 26.84670 26.84800 26.85860 26.87700 26.89860 26.91690 26.93010 26.94130 26.95120 26.95950 26.96640 26.97230 26.97670 26.97950 26.98110 26.98160 26.98110 26.97940 26.97680 26.97420 26.97240 26.97080 26.96830 26.96570 26.96400
26.95560 26.95660 26.95790 26.95930 26.96060 26.96190 26.96390 26.96730 26.97260 26.97910 26.98580 26.99220 26.99770 27.00070 26.99980 26.99550 26.98840 26.97970 26.97000 26.95930 26.94950 26.94260 26.92990 26.90330 26.88940 26.89670 26.82660 26.66260 26.14529 26.77750 26.87660 26.85310 26.82770 26.83430 26.84310 26.85050 26.86310 26.87400 26.87750 26.88390 26.90070 26.92220 26.94290 26.96030 26.97410 26.98660 26.99790 27.00700 27.01450 27.02100 27.02620 27.02960 27.03200 27.03380 27.03460 27.03450 27.03400 27.03350 27.03340 27.03310 27.03200 27.03060 27.02990
26.96820 26.96930 26.97050 26.97170 26.97240 26.97310 26.97550 26.97950 26.98440 26.98970 26.99540 27.00130 27.00660 27.00990 27.01000 27.00690 27.00140 26.99460 26.98730 26.97950 26.97240 26.96720 26.95760 26.93740 26.92420 26.92000 26.84380 26.14529 26.66590 26.81830 26.90920 26.87430 26.84630 26.85850 26.87170 26.88170 26.89740 26.91170 26.91830 26.93040 26.95500 26.97950 26.99680 27.01050 27.02300 27.03480 27.04550 27.05380 27.06050 27.06650 27.07130 27.07450 27.07700 27.07940 27.08130 27.08250 27.08370 27.08500 27.08620 27.08700 27.08700 27.08700 27.08730
26.98160 26.98270 26.98360 26.98420 26.98460 26.98550 26.98740 26.99070 26.99460 26.99920 27.00430 27.00940 27.01380 27.01630 27.01650 27.01420 27.01020 27.00540 27.00040 26.99530 26.99070 26.98690 26.97970 26.96520 26.95000 26.93530 26.88810 26.81030 26.79970 26.87500 26.91600 26.89360 26.88100 26.89390 26.90760 26.92050 26.93950 26.95600 26.96450 26.98190 27.01570 27.04460 27.05860 27.06740 27.07640 27.08550 27.09390 27.10070 27.10630 27.11120 27.11510 27.11770 27.12010 27.12290 27.12550 27.12760 27.12970 27.13180 27.13350 27.13470 27.13560 27.13660 27.13780
26.99570 26.99660 26.99720 26.99720 26.99760 26.99860 27.00000 27.00200 27.00510 27.00930 27.01380 27.01790 27.02120 27.02270 27.02230 27.02040 27.01760 27.01430 27.01120 27.00850 27.00610 27.00370 26.99840 26.98700 26.97130 26.95450 26.93950 26.92860 26.92430 26.92480 26.92200 26.91730 26.92120 26.93310 26.94520 26.96010 26.98190 27.00070 27.01070 27.03230 27.07370 27.10700 27.11950 27.12450 27.12980 27.13590 27.14230 27.14790 27.15280 27.15710 27.16070 27.16330 27.16620 27.16970 27.17320 27.17640 27.17920 27.18160 27.18350 27.18500 27.18650 27.18810 27.19000
27.00980 27.01070 27.01110 27.01100 27.01120 27.01210 27.01320 27.01470 27.01750 27.02130 27.02500 27.02820 27.03070 27.03170 27.03090 27.02910 27.02700 27.02500 27.02330 27.02240 27.02200 27.02110 27.01700 27.00710 26.99310 26.97850 26.96980 26.96880 26.96530 26.95580 26.94910 26.95010 26.95800 26.96960 26.98110 26.99660 27.02090 27.04280 27.05510 27.07940 27.12420 27.16000 27.17290 27.17660 27.17980 27.18480 27.19110 27.19670 27.20180 27.20670 27.21120 27.21520 27.21960 27.22460 27.22970 27.23440 27.23810 27.24100 27.24330 27.24530 27.24710 27.24910 27.25130
27.02360 27.02450 27.02510 27.02510 27.02550 27.02640 27.02740 27.02880 27.03150 27.03500 27.03810 27.04070 27.04290 27.04390 27.04330 27.04190 27.04070 27.03970 27.03950 27.04010 27.04110 27.04090 27.03730 27.02820 27.01610 27.00430 26.99320 26.98390 26.98020 26.98220 26.98380 26.98530 26.99340 27.00680 27.02000 27.03710 27.06350 27.08880 27.10590 27.13230 27.17470 27.20830 27.22150 27.22580 27.22950 27.23560 27.24360 27.25080 27.25720 27.26400 27.27070 27.27710 27.28350 27.29030 27.29710 27.30310 27.30780 27.31130 27.31420 27.31650 27.31840 27.32020 27.32250
