data_raster/melanesia/PNMC_temperatures_2021/temperature-202112.grd
DSAA																																																																																																																																																																																																																																																																																																																																																																																																																											
412	268																																																																																																																																																																																																																																																																																																																																																																																																																										
156	174.5																																																																																																																																																																																																																																																																																																																																																																																																																										
-26.5	-14.5																																																																																																																																																																																																																																																																																																																																																																																																																										
19.0 30.5																																																																																																																																																																																																																																																																																																																																																																																																																										
[rows 28 to 55 of 268, columns 252 to 314 of 412]
25.09690 25.07750 25.06180 25.04730 25.03230 25.01400 24.98880 24.95610 24.91830 24.88380 24.86150 24.84890 24.84170 24.83870 24.83900 24.84060 24.84200 24.84160 24.84010 24.84010 24.84240 24.84660 24.84970 24.84950 24.84850 24.84930 24.85010 24.85060 24.85430 24.86110 24.86750 24.87300 24.87980 24.88610 24.88910 24.89070 24.89290 24.89390 24.89180 24.88760 24.88170 24.87440 24.86480 24.85170 24.83600 24.81960 24.80200 24.78240 24.76280 24.74520 24.72980 24.71620 24.70430 24.69420 24.68590 24.67870 24.67120 24.66320 24.65530 24.64730 24.63880 24.63030 24.62190
25.08290 25.06330 25.04730 25.03210 25.01720 25.00080 24.97980 24.95400 24.92490 24.89740 24.87660 24.86370 24.85790 24.85590 24.85540 24.85780 24.86210 24.86450 24.86510 24.86740 24.87150 24.87580 24.87860 24.87910 24.87950 24.88200 24.88600 24.89130 24.89890 24.90810 24.91670 24.92460 24.93370 24.94270 24.94900 24.95400 24.95940 24.96430 24.96780 24.96980 24.97070 24.97090 24.96940 24.96340 24.95360 24.94270 24.93030 24.91500 24.89770 24.87990 24.86150 24.84270 24.82480 24.80840 24.79340 24.77920 24.76560 24.75260 24.74070 24.72880 24.71610 24.70350 24.69210
25.06870 25.04980 25.03410 25.01870 25.00490 24.99180 24.97610 24.95760 24.93760 24.91740 24.89860 24.88500 24.87880 24.87530 24.87190 24.87230 24.87660 24.87990 24.88200 24.88670 24.89350 24.89950 24.90420 24.90790 24.91160 24.91600 24.92230 24.93090 24.94140 24.95290 24.96430 24.97590 24.98870 25.00180 25.01300 25.02240 25.03060 25.03860 25.04670 25.05350 25.05870 25.06330 25.06700 25.06750 25.06480 25.06020 25.05340 25.04380 25.03150 25.01680 24.99960 24.98030 24.96000 24.93980 24.92000 24.90050 24.88120 24.86260 24.84550 24.82870 24.81100 24.79340 24.77690
25.05490 25.03790 25.02320 25.00840 24.99660 24.98770 24.97790 24.96670 24.95570 24.94380 24.93000 24.91800 24.91020 24.90310 24.89480 24.88960 24.88860 24.88890 24.89070 24.89660 24.90570 24.91470 24.92320 24.93140 24.93910 24.94650 24.95510 24.96620 24.97910 24.99350 25.00920 25.02600 25.04400 25.06220 25.07920 25.09420 25.10710 25.11940 25.13200 25.14280 25.15100 25.15750 25.16280 25.16710 25.16950 25.16850 25.16450 25.15820 25.14970 25.13850 25.12490 25.10900 25.09080 25.07100 25.05060 25.02980 25.00790 24.98560 24.96420 24.94340 24.92230 24.90080 24.87900
25.04160 25.02620 25.01260 24.99870 24.98950 24.98560 24.98240 24.97910 24.97640 24.97250 24.96520 24.95730 24.95130 24.94440 24.93490 24.92560 24.91840 24.91390 24.91300 24.91680 24.92450 24.93390 24.94400 24.95440 24.96470 24.97510 24.98740 25.00250 25.01970 25.03870 25.05950 25.08190 25.10510 25.12840 25.15080 25.17110 25.18890 25.20530 25.22100 25.23440 25.24450 25.25240 25.25880 25.26440 25.26830 25.26920 25.26710 25.26300 25.25650 25.24730 25.23600 25.22290 25.20720 25.18920 25.16980 25.14940 25.12760 25.10490 25.08230 25.05970 25.03670 25.01300 24.98800
25.02950 25.01470 25.00140 24.98880 24.98270 24.98390 24.98770 24.99190 24.99600 24.99830 24.99760 24.99640 24.99620 24.99440 24.98870 24.97990 24.97020 24.96250 24.95870 24.95870 24.96240 24.96960 24.97900 24.98950 25.00140 25.01540 25.03270 25.05360 25.07670 25.10130 25.12750 25.15460 25.18180 25.20840 25.23380 25.25710 25.27760 25.29580 25.31220 25.32570 25.33610 25.34500 25.35240 25.35720 25.35980 25.36120 25.36120 25.35840 25.35260 25.34400 25.33310 25.32050 25.30610 25.28980 25.27150 25.25170 25.23120 25.21020 25.18870 25.16620 25.14270 25.11830 25.09330
25.02040 25.00450 24.99090 24.98040 24.97760 24.98300 24.99270 25.00270 25.01000 25.01570 25.02190 25.02870 25.03480 25.03870 25.03880 25.03540 25.02980 25.02480 25.02210 25.02200 25.02510 25.03210 25.04230 25.05530 25.07130 25.09060 25.11370 25.14010 25.16810 25.19690 25.22700 25.25730 25.28590 25.31210 25.33600 25.35750 25.37610 25.39190 25.40500 25.41540 25.42360 25.43080 25.43670 25.43980 25.44090 25.44170 25.44170 25.43910 25.43390 25.42610 25.41600 25.40390 25.39050 25.37590 25.35900 25.34000 25.31990 25.29910 25.27770 25.25560 25.23250 25.20910 25.18530
25.01560 24.99830 24.98470 24.97680 24.97710 24.98560 24.99960 25.01380 25.02240 25.02950 25.04150 25.05520 25.06620 25.07440 25.08050 25.08480 25.08790 25.09020 25.09290 25.09760 25.10530 25.11640 25.13140 25.15070 25.17360 25.19970 25.22860 25.25920 25.29030 25.32110 25.35220 25.38240 25.40870 25.43080 25.44930 25.46480 25.47770 25.48770 25.49500 25.50050 25.50480 25.50830 25.51070 25.51200 25.51220 25.51160 25.51010 25.50700 25.50230 25.49580 25.48710 25.47600 25.46380 25.45060 25.43520 25.41730 25.39710 25.37550 25.35330 25.33100 25.30870 25.28630 25.26360
25.01640 24.99910 24.98670 24.98140 24.98440 24.99550 25.01280 25.03070 25.04210 25.05160 25.06620 25.08260 25.09630 25.10800 25.11910 25.12990 25.14050 25.15020 25.16010 25.17250 25.18860 25.20850 25.23250 25.26060 25.29160 25.32440 25.35790 25.39140 25.42400 25.45490 25.48310 25.50770 25.52780 25.54340 25.55520 25.56380 25.56980 25.57380 25.57610 25.57750 25.57810 25.57840 25.57840 25.57790 25.57690 25.57510 25.57240 25.56880 25.56420 25.55840 25.55060 25.54040 25.52910 25.51690 25.50270 25.48610 25.46730 25.44670 25.42510 25.40280 25.38000 25.35700 25.33410
25.02210 25.00670 24.99660 24.99390 24.99940 25.01310 25.03350 25.05520 25.07200 25.08610 25.10230 25.11900 25.13410 25.14830 25.16260 25.17780 25.19390 25.21040 25.22830 25.25000 25.27610 25.30640 25.34000 25.37620 25.41340 25.45010 25.48550 25.51890 25.55020 25.57820 25.60070 25.61750 25.63040 25.63990 25.64630 25.64970 25.65080 25.65070 25.65030 25.64920 25.64740 25.64590 25.64470 25.64280 25.64020 25.63740 25.63410 25.62990 25.62480 25.61880 25.61110 25.60150 25.59070 25.57890 25.56560 25.55040 25.53360 25.51530 25.49550 25.47400 25.45050 25.42640 25.40290
25.03190 25.01960 25.01250 25.01230 25.02070 25.03780 25.06150 25.08770 25.11180 25.13330 25.15360 25.17200 25.18810 25.20340 25.21950 25.23780 25.25890 25.28250 25.30920 25.34030 25.37540 25.41320 25.45230 25.49180 25.53000 25.56580 25.59840 25.62750 25.65300 25.67440 25.69060 25.70230 25.71110 25.71770 25.72210 25.72440 25.72490 25.72430 25.72320 25.72140 25.71890 25.71670 25.71450 25.71150 25.70780 25.70380 25.69940 25.69430 25.68830 25.68130 25.67300 25.66340 25.65260 25.64080 25.62800 25.61410 25.59850 25.58150 25.56380 25.54420 25.52180 25.49810 25.47470
25.04980 25.04070 25.03590 25.03730 25.04870 25.07040 25.09940 25.13200 25.16430 25.19370 25.21860 25.23910 25.25660 25.27370 25.29300 25.31620 25.34380 25.37510 25.40960 25.44740 25.48720 25.52690 25.56540 25.60210 25.63580 25.66570 25.69180 25.71400 25.73200 25.74650 25.75860 25.76910 25.77790 25.78510 25.79100 25.79550 25.79850 25.79990 25.79960 25.79820 25.79600 25.79330 25.78990 25.78560 25.78050 25.77480 25.76880 25.76240 25.75530 25.74710 25.73790 25.72790 25.71670 25.70460 25.69210 25.67890 25.66390 25.64770 25.63160 25.61420 25.59390 25.57190 25.54970
25.07810 25.07070 25.06610 25.06820 25.08280 25.11090 25.14820 25.18970 25.23010 25.26540 25.29330 25.31540 25.33520 25.35660 25.38290 25.41460 25.45080 25.48920 25.52820 25.56740 25.60530 25.64030 25.67210 25.70070 25.72580 25.74700 25.76500 25.78030 25.79310 25.80450 25.81640 25.82900 25.84090 25.85180 25.86140 25.86970 25.87620 25.88020 25.88160 25.88100 25.87920 25.87580 25.87090 25.86480 25.85780 25.85000 25.84190 25.83400 25.82570 25.81650 25.80640 25.79550 25.78370 25.77110 25.75840 25.74550 25.73120 25.71600 25.70060 25.68450 25.66640 25.64690 25.62640
25.10720 25.09880 25.09330 25.09740 25.11770 25.15470 25.20240 25.25360 25.30070 25.34030 25.37140 25.39690 25.42090 25.44860 25.48270 25.52210 25.56410 25.60490 25.64270 25.67710 25.70770 25.73420 25.75710 25.77720 25.79450 25.80940 25.82240 25.83450 25.84640 25.85910 25.87350 25.88930 25.90480 25.91940 25.93250 25.94370 25.95270 25.95890 25.96190 25.96280 25.96210 25.95920 25.95420 25.94750 25.93940 25.93000 25.92020 25.91040 25.90040 25.88930 25.87740 25.86520 25.85250 25.83950 25.82640 25.81320 25.79950 25.78520 25.77020 25.75470 25.73860 25.72130 25.70260
25.12950 25.11770 25.11170 25.12120 25.15110 25.19950 25.25830 25.31820 25.37060 25.41400 25.45010 25.48160 25.51180 25.54530 25.58420 25.62570 25.66630 25.70220 25.73230 25.75720 25.77810 25.79610 25.81230 25.82730 25.84170 25.85570 25.86950 25.88370 25.89910 25.91590 25.93360 25.95150 25.96920 25.98570 26.00030 26.01280 26.02280 26.03020 26.03490 26.03790 26.03940 26.03890 26.03590 26.03050 26.02290 26.01340 26.00270 25.99140 25.97890 25.96480 25.95010 25.93570 25.92170 25.90780 25.89370 25.87950 25.86560 25.85160 25.83690 25.82180 25.80680 25.79110 25.77380
25.14580 25.13180 25.12910 25.14790 25.19010 25.25080 25.31980 25.38710 25.44470 25.49280 25.53480 25.57230 25.60690 25.64190 25.67880 25.71430 25.74550 25.77060 25.79000 25.80580 25.82000 25.83410 25.84850 25.86350 25.87900 25.89510 25.91200 25.92990 25.94890 25.96850 25.98800 26.00710 26.02580 26.04360 26.05960 26.07350 26.08530 26.09480 26.10210 26.10780 26.11180 26.11360 26.11270 26.10890 26.10250 26.09390 26.08370 26.07200 26.05810 26.04140 26.02340 26.00550 25.98840 25.97200 25.95540 25.93880 25.92320 25.90810 25.89260 25.87710 25.86220 25.84690 25.83040
25.15710 25.14610 25.15230 25.18360 25.23900 25.31140 25.38900 25.46240 25.52570 25.57930 25.62590 25.66600 25.69990 25.72970 25.75680 25.77940 25.79670 25.80940 25.81960 25.83070 25.84400 25.85950 25.87680 25.89490 25.91330 25.93180 25.95140 25.97220 25.99260 26.01220 26.03170 26.05130 26.07090 26.09020 26.10860 26.12570 26.14090 26.15400 26.16470 26.17310 26.17900 26.18190 26.18170 26.17860 26.17310 26.16570 26.15660 26.14570 26.13180 26.11380 26.09280 26.07050 26.04840 26.02720 26.00610 25.98520 25.96580 25.94780 25.93000 25.91270 25.89630 25.88020 25.86360
25.16300 25.16360 25.18470 25.22900 25.29640 25.37950 25.46400 25.54210 25.61040 25.66790 25.71470 25.75070 25.77650 25.79490 25.80840 25.81780 25.82440 25.83050 25.83830 25.85050 25.86660 25.88510 25.90450 25.92370 25.94280 25.96240 25.98360 26.00610 26.02770 26.04770 26.06750 26.08780 26.10890 26.13040 26.15190 26.17270 26.19210 26.20900 26.22270 26.23270 26.23880 26.24110 26.24010 26.23690 26.23170 26.22420 26.21490 26.20430 26.19050 26.17160 26.14860 26.12280 26.09560 26.06810 26.04060 26.01370 25.98850 25.96520 25.94310 25.92220 25.90280 25.88450 25.86680
25.17110 25.18970 25.22830 25.28490 25.36280 25.45500 25.54530 25.62620 25.69580 25.75170 25.79180 25.81690 25.82960 25.83450 25.83580 25.83660 25.83920 25.84570 25.85720 25.87360 25.89300 25.91280 25.93170 25.94920 25.96700 25.98700 26.00930 26.03310 26.05610 26.07760 26.09810 26.11910 26.14190 26.16620 26.19110 26.21570 26.23910 26.25950 26.27550 26.28620 26.29170 26.29270 26.29040 26.28640 26.28040 26.27110 26.25980 26.24750 26.23210 26.21140 26.18620 26.15740 26.12540 26.09090 26.05600 26.02190 25.98940 25.95880 25.93030 25.90400 25.88010 25.85850 25.83900
25.19620 25.23130 25.28400 25.35260 25.44030 25.54010 25.63510 25.71590 25.77880 25.82280 25.84870 25.85990 25.86070 25.85700 25.85340 25.85240 25.85580 25.86500 25.87960 25.89740 25.91640 25.93470 25.95210 25.96910 25.98770 26.00950 26.03390 26.05940 26.08370 26.10560 26.12570 26.14600 26.16960 26.19630 26.22460 26.25300 26.28010 26.30390 26.32240 26.33480 26.34100 26.34200 26.33910 26.33380 26.32580 26.31350 26.29830 26.28170 26.26170 26.23620 26.20610 26.17250 26.13500 26.09410 26.05190 26.00990 25.96940 25.93080 25.89430 25.86100 25.83170 25.80660 25.78530
25.24160 25.28930 25.35280 25.43330 25.53020 25.63410 25.72810 25.80150 25.84960 25.87530 25.88510 25.88430 25.87840 25.87230 25.86970 25.87100 25.87660 25.88760 25.90280 25.91920 25.93540 25.95100 25.96720 25.98560 26.00700 26.03160 26.05820 26.08520 26.10980 26.13090 26.14980 26.16950 26.19390 26.22290 26.25420 26.28600 26.31630 26.34290 26.36390 26.37840 26.38590 26.38740 26.38390 26.37650 26.36500 26.34840 26.32780 26.30450 26.27710 26.24400 26.20700 26.16760 26.12520 26.07930 26.02990 25.97870 25.92910 25.88260 25.83930 25.80080 25.76870 25.74280 25.72220
25.30270 25.36060 25.43490 25.52750 25.63150 25.73310 25.81390 25.86750 25.89580 25.90580 25.90560 25.90050 25.89430 25.88960 25.88800 25.88990 25.89580 25.90650 25.92110 25.93700 25.95250 25.96730 25.98350 26.00350 26.02700 26.05300 26.08000 26.10640 26.12970 26.14970 26.16880 26.19040 26.21750 26.24960 26.28390 26.31830 26.35060 26.37890 26.40140 26.41650 26.42360 26.42370 26.41770 26.40660 26.39020 26.36780 26.34030 26.30870 26.27250 26.23140 26.18800 26.14420 26.09900 26.04990 25.99300 25.93070 25.87120 25.81810 25.77260 25.73560 25.70750 25.68700 25.67210
25.37460 25.44250 25.52770 25.62930 25.73260 25.82150 25.88050 25.90990 25.92000 25.91970 25.91620 25.91240 25.90910 25.90650 25.90500 25.90630 25.91150 25.92150 25.93530 25.95100 25.96700 25.98240 25.99960 26.02090 26.04550 26.07170 26.09810 26.12320 26.14520 26.16460 26.18470 26.20900 26.23980 26.27570 26.31310 26.34970 26.38350 26.41260 26.43490 26.44890 26.45410 26.45140 26.44190 26.42610 26.40390 26.37520 26.34070 26.30170 26.25810 26.21020 26.16040 26.11070 26.06120 26.00910 25.94770 25.87960 25.81580 25.76170 25.71890 25.68750 25.66650 25.65330 25.64520
25.45360 25.53260 25.62660 25.72910 25.81860 25.88250 25.91840 25.93130 25.93070 25.92550 25.92240 25.92100 25.91940 25.91740 25.91600 25.91770 25.92420 25.93490 25.94840 25.96270 25.97740 25.99330 26.01180 26.03440 26.05950 26.08560 26.11210 26.13770 26.16010 26.17980 26.20010 26.22530 26.25910 26.29890 26.33980 26.37900 26.41460 26.44380 26.46430 26.47590 26.47890 26.47390 26.46110 26.44080 26.41310 26.37850 26.33850 26.29470 26.24680 26.19410 26.13660 26.07610 26.01740 25.96140 25.90240 25.84160 25.78600 25.73930 25.70260 25.67600 25.65900 25.64900 25.64330
25.54150 25.62870 25.72320 25.81440 25.88160 25.91880 25.93510 25.93800 25.93380 25.92890 25.92800 25.92870 25.92780 25.92580 25.92460 25.92740 25.93530 25.94670 25.95970 25.97260 25.98610 26.00220 26.02190 26.04530 26.07070 26.09640 26.12300 26.14970 26.17310 26.19290 26.21330 26.23950 26.27640 26.32070 26.36540 26.40720 26.44410 26.47280 26.49110 26.50020 26.50080 26.49320 26.47730 26.45260 26.41980 26.37980 26.33430 26.28460 26.23070 26.17150 26.10660 26.03840 25.97500 25.91980 25.86930 25.82200 25.77900 25.74160 25.71080 25.68710 25.67100 25.66050 25.65370
25.63910 25.72610 25.80820 25.87570 25.91900 25.93780 25.94090 25.93710 25.93370 25.93300 25.93480 25.93670 25.93670 25.93540 25.93480 25.93790 25.94580 25.95650 25.96850 25.98130 25.99530 26.01180 26.03180 26.05560 26.08080 26.10550 26.13170 26.15910 26.18240 26.20150 26.22250 26.25150 26.29300 26.34250 26.39130 26.43550 26.47250 26.50020 26.51750 26.52460 26.52230 26.51120 26.49130 26.46230 26.42460 26.37920 26.32640 26.26660 26.20110 26.13200 26.06260 25.99730 25.94140 25.89600 25.85650 25.81950 25.78380 25.75070 25.72260 25.70040 25.68420 25.67220 25.66300
25.73750 25.81220 25.87340 25.91540 25.93760 25.94320 25.93950 25.93370 25.93260 25.93540 25.93880 25.94140 25.94280 25.94300 25.94340 25.94690 25.95470 25.96500 25.97690 25.99000 26.00450 26.02100 26.04050 26.06350 26.08750 26.11120 26.13750 26.16610 26.19000 26.20880 26.23040 26.26190 26.30790 26.36260 26.41580 26.46260 26.50020 26.52770 26.54430 26.54960 26.54380 26.52820 26.50350 26.46970 26.42690 26.37500 26.31370 26.24320 26.16730 26.09160 26.02340 25.96770 25.92370 25.88830 25.85580 25.82290 25.78860 25.75560 25.72810 25.70710 25.69180 25.68000 25.67000
25.82420 25.87640 25.91420 25.93730 25.94420 25.93970 25.93400 25.93140 25.93220 25.93500 25.93820 25.94130 25.94420 25.94630 25.94800 25.95240 25.96090 25.97250 25.98580 25.99910 26.01290 26.02870 26.04710 26.06800 26.09000 26.11310 26.14070 26.17170 26.19730 26.21650 26.23840 26.27110 26.32050 26.38000 26.43750 26.48760 26.52740 26.55570 26.57150 26.57460 26.56520 26.54470 26.51430 26.47540 26.42710 26.36790 26.29810 26.22010 26.14040 26.06660 26.00550 25.95980 25.92380 25.89190 25.85960 25.82480 25.78810 25.75320 25.72550 25.70590 25.69320 25.68440 25.67650
