data_raster/melanesia/PNMC_temperatures_2021/temperature-202110.grd
DSAA																																																																																																																																																																																																																																																																																																																																																																																																																											
412	268																																																																																																																																																																																																																																																																																																																																																																																																																										
156	174.5																																																																																																																																																																																																																																																																																																																																																																																																																										
-26.5	-14.5																																																																																																																																																																																																																																																																																																																																																																																																																										
19.0 30.5																																																																																																																																																																																																																																																																																																																																																																																																																										
[rows 196 to 223 of 268, columns 189 to 251 of 412]
27.24540 27.26560 27.28440 27.30200 27.31880 27.33440 27.34790 27.35770 27.36230 27.36160 27.35660 27.34980 27.34310 27.33580 27.32650 27.31390 27.29750 27.27730 27.25330 27.22490 27.19360 27.16200 27.13140 27.10200 27.07210 27.03920 27.00000 26.95440 26.90860 26.86540 26.82270 26.78120 26.74370 26.71110 26.68310 26.65830 26.63590 26.61870 26.60810 26.60080 26.59560 26.59570 26.60160 26.60990 26.62270 26.64550 26.67390 26.70030 26.72840 26.76130 26.78420 26.78610 26.77360 26.75610 26.74140 26.73220 26.72530 26.72070 26.72130 26.73640 26.77440 26.82130 26.86140
27.26930 27.29060 27.31040 27.32870 27.34630 27.36280 27.37700 27.38720 27.39240 27.39230 27.38770 27.38110 27.37490 27.36830 27.36010 27.34920 27.33440 27.31450 27.28880 27.25720 27.22250 27.18850 27.15680 27.12730 27.09950 27.07090 27.03550 26.99110 26.94510 26.90180 26.86030 26.82040 26.78320 26.74890 26.71780 26.68990 26.66600 26.64850 26.63850 26.63180 26.62630 26.62550 26.63050 26.63940 26.65350 26.67560 26.70140 26.72410 26.74780 26.77560 26.79230 26.78710 26.76980 26.75090 26.73700 26.72940 26.72420 26.72080 26.72200 26.73670 26.77290 26.81810 26.85750
27.29120 27.31340 27.33420 27.35360 27.37230 27.38990 27.40450 27.41490 27.42040 27.42050 27.41570 27.40850 27.40170 27.39500 27.38770 27.37890 27.36660 27.34830 27.32250 27.28920 27.25180 27.21520 27.18060 27.14820 27.11900 27.09260 27.06110 27.02060 26.97620 26.93230 26.89110 26.85290 26.81720 26.78340 26.75120 26.72130 26.69530 26.67630 26.66580 26.65890 26.65310 26.65140 26.65590 26.66650 26.68190 26.70030 26.72110 26.74420 26.76790 26.78820 26.79540 26.78440 26.76390 26.74310 26.72920 26.72280 26.71830 26.71560 26.71870 26.73470 26.76900 26.81150 26.85030
27.31080 27.33380 27.35590 27.37680 27.39700 27.41580 27.43110 27.44150 27.44660 27.44620 27.44080 27.43260 27.42420 27.41650 27.40950 27.40260 27.39360 27.37880 27.35570 27.32350 27.28490 27.24510 27.20590 27.16830 27.13570 27.10960 27.08220 27.04780 27.00680 26.96230 26.91950 26.88070 26.84560 26.81320 26.78210 26.75220 26.72460 26.70330 26.69040 26.68180 26.67500 26.67240 26.67600 26.68650 26.70140 26.71630 26.73410 26.75940 26.78340 26.79510 26.79170 26.77510 26.75200 26.72980 26.71520 26.70890 26.70620 26.70680 26.71400 26.73200 26.76380 26.80310 26.84200
27.32760 27.35130 27.37490 27.39800 27.42020 27.44030 27.45630 27.46680 27.47140 27.47020 27.46410 27.45490 27.44460 27.43490 27.42700 27.42050 27.41380 27.40310 27.38500 27.35640 27.31900 27.27670 27.23240 27.18890 27.15190 27.12490 27.10130 27.07380 27.03740 26.99290 26.94800 26.90690 26.87060 26.83880 26.81050 26.78330 26.75530 26.73100 26.71400 26.70210 26.69340 26.68910 26.69090 26.70010 26.71430 26.72910 26.74730 26.77310 26.79430 26.79720 26.78460 26.76280 26.73760 26.71440 26.69830 26.69080 26.69000 26.69510 26.70700 26.72710 26.75660 26.79290 26.83190
27.34070 27.36510 27.39050 27.41630 27.44070 27.46210 27.47910 27.49040 27.49510 27.49360 27.48710 27.47720 27.46540 27.45360 27.44290 27.43390 27.42610 27.41720 27.40360 27.38080 27.34770 27.30560 27.25790 27.20920 27.16790 27.13950 27.11860 27.09690 27.06500 27.02180 26.97700 26.93510 26.89570 26.86210 26.83780 26.81580 26.78830 26.76040 26.73840 26.72210 26.71050 26.70320 26.70200 26.71120 26.72910 26.74930 26.77030 26.79160 26.80410 26.79920 26.78090 26.75550 26.72850 26.70440 26.68600 26.67550 26.67390 26.68100 26.69520 26.71660 26.74530 26.77990 26.81750
27.35120 27.37600 27.40290 27.43120 27.45780 27.48070 27.49910 27.51180 27.51740 27.51640 27.50970 27.49940 27.48740 27.47410 27.46030 27.44710 27.43520 27.42470 27.41310 27.39540 27.36810 27.32880 27.28030 27.22810 27.18260 27.15160 27.13160 27.11460 27.08760 27.04730 27.00450 26.96330 26.92240 26.88710 26.86420 26.84430 26.81550 26.78370 26.75700 26.73670 26.72230 26.71270 26.71040 26.72210 26.74570 26.77260 26.79560 26.80920 26.81090 26.80030 26.78010 26.75380 26.72600 26.70040 26.67940 26.66580 26.66250 26.66880 26.68230 26.70250 26.72940 26.76200 26.79810
27.36060 27.38530 27.41270 27.44230 27.47080 27.49580 27.51610 27.53050 27.53780 27.53750 27.53060 27.52030 27.50960 27.49700 27.48170 27.46480 27.44800 27.43300 27.41910 27.40290 27.37970 27.34460 27.29820 27.24470 27.19500 27.15920 27.13800 27.12510 27.10380 27.06800 27.02750 26.98780 26.95020 26.91710 26.89030 26.86310 26.82850 26.79270 26.76290 26.74000 26.72410 26.71610 26.71850 26.73480 26.76160 26.78960 26.81020 26.81680 26.81130 26.79800 26.77890 26.75520 26.72790 26.69980 26.67650 26.66200 26.65820 26.66330 26.67390 26.68920 26.71040 26.73910 26.77530
27.37020 27.39450 27.42170 27.45190 27.48170 27.50850 27.53060 27.54650 27.55490 27.55530 27.54830 27.53830 27.52930 27.51880 27.50430 27.48610 27.46570 27.44520 27.42580 27.40710 27.38520 27.35450 27.31250 27.26020 27.20780 27.16680 27.14260 27.13160 27.11460 27.08320 27.04620 27.00980 26.97680 26.94690 26.91710 26.88310 26.84210 26.80150 26.76860 26.74410 26.72860 26.72470 26.73380 26.75500 26.78250 26.80700 26.82110 26.82060 26.81010 26.79620 26.77940 26.75880 26.73280 26.70340 26.67780 26.66110 26.65580 26.65960 26.66750 26.67890 26.69550 26.72140 26.75810
27.38090 27.40480 27.43180 27.46220 27.49270 27.52040 27.54340 27.55990 27.56850 27.56880 27.56190 27.55230 27.54410 27.53570 27.52430 27.50810 27.48670 27.46190 27.43620 27.41230 27.38860 27.36100 27.32440 27.27580 27.22360 27.17890 27.15070 27.13800 27.12190 27.09390 27.06220 27.03110 27.00040 26.97160 26.94600 26.91580 26.87320 26.82780 26.79030 26.76400 26.75060 26.75060 26.76380 26.78780 26.81490 26.83360 26.83860 26.82960 26.81430 26.80030 26.78480 26.76420 26.73920 26.71140 26.68380 26.66150 26.65160 26.65330 26.66090 26.67310 26.69160 26.71870 26.75470
27.39360 27.41790 27.44480 27.47420 27.50450 27.53300 27.55630 27.57240 27.58060 27.58070 27.57350 27.56360 27.55550 27.54850 27.54030 27.52720 27.50710 27.48090 27.45120 27.42170 27.39390 27.36670 27.33390 27.28940 27.23900 27.19250 27.16030 27.14400 27.12810 27.10470 27.07820 27.05090 27.02260 26.99690 26.97740 26.95460 26.91790 26.87410 26.83350 26.80460 26.79190 26.79410 26.80880 26.83220 26.85540 26.86580 26.86150 26.84640 26.82820 26.81240 26.79460 26.77100 26.74510 26.71950 26.69310 26.66900 26.65560 26.65410 26.66090 26.67510 26.69660 26.72590 26.76190
27.40810 27.43410 27.46120 27.48860 27.51800 27.54750 27.57080 27.58580 27.59370 27.59370 27.58520 27.57390 27.56540 27.55910 27.55240 27.54160 27.52400 27.49950 27.46950 27.43650 27.40390 27.37390 27.34120 27.29890 27.25050 27.20340 27.16790 27.14810 27.13380 27.11690 27.09400 27.06750 27.04440 27.02610 27.00980 26.99140 26.96650 26.93290 26.89320 26.86110 26.84630 26.84800 26.86210 26.88160 26.89700 26.89810 26.88690 26.87110 26.85310 26.83310 26.80890 26.78050 26.75250 26.72800 26.70690 26.68960 26.67720 26.67180 26.67600 26.68910 26.71000 26.73910 26.77590
27.42290 27.44950 27.47800 27.50590 27.53490 27.56350 27.58620 27.60100 27.60850 27.60760 27.59760 27.58470 27.57530 27.56920 27.56370 27.55460 27.53870 27.51580 27.48660 27.45320 27.41810 27.38410 27.34760 27.30420 27.25610 27.20880 27.17130 27.14820 27.13440 27.12210 27.10290 27.07900 27.06170 27.05050 27.03830 27.02370 27.00630 26.98050 26.94490 26.91290 26.89540 26.89450 26.90620 26.92050 26.92910 26.92600 26.91460 26.90150 26.88450 26.85980 26.83010 26.79960 26.77200 26.74990 26.73470 26.72490 26.71610 26.71000 26.71210 26.72270 26.73980 26.76500 26.79880
27.43930 27.46450 27.49480 27.52610 27.55560 27.58160 27.60310 27.61860 27.62560 27.62310 27.61170 27.59750 27.58680 27.58030 27.57630 27.56850 27.55310 27.53020 27.50150 27.46980 27.43530 27.39700 27.35410 27.30670 27.25720 27.20970 27.17100 27.14510 27.12890 27.11710 27.10230 27.08530 27.07310 27.06600 27.05940 27.04900 27.03130 27.00590 26.97510 26.94660 26.92760 26.92390 26.93310 26.94430 26.95110 26.95170 26.94690 26.93830 26.92210 26.89520 26.86430 26.83610 26.81240 26.79450 26.78340 26.77780 26.77380 26.77190 26.77500 26.78340 26.79650 26.81570 26.84160
27.46380 27.48590 27.51520 27.54820 27.57880 27.60420 27.62490 27.63960 27.64600 27.64260 27.62960 27.61350 27.60080 27.59360 27.59010 27.58330 27.56870 27.54650 27.51860 27.48780 27.45270 27.40990 27.36100 27.30990 27.25950 27.21240 27.17270 27.14310 27.12250 27.10860 27.09810 27.08930 27.08220 27.07680 27.07270 27.06440 27.04660 27.02110 26.99190 26.96440 26.94510 26.94150 26.95240 26.96680 26.97860 26.98690 26.99010 26.98640 26.97330 26.95000 26.92260 26.89730 26.87640 26.86150 26.85400 26.85310 26.85610 26.86150 26.86880 26.87870 26.89230 26.90890 26.92750
27.49490 27.51380 27.53980 27.57140 27.60320 27.63080 27.65150 27.66470 27.67060 27.66710 27.65250 27.63370 27.61860 27.60960 27.60530 27.59880 27.58550 27.56470 27.53750 27.50620 27.46910 27.42240 27.36930 27.31560 27.26450 27.21820 27.17820 27.14540 27.12060 27.10430 27.09680 27.09460 27.09180 27.08710 27.08190 27.07320 27.05760 27.03340 27.00270 26.97410 26.95680 26.95770 26.97500 26.99690 27.01660 27.03180 27.04050 27.04050 27.03200 27.01590 26.99460 26.97160 26.95130 26.93800 26.93550 26.94310 26.95540 26.96930 26.98320 26.99870 27.01750 27.03590 27.05050
27.52270 27.54100 27.56550 27.59600 27.62810 27.65750 27.67980 27.69360 27.70000 27.69630 27.68050 27.65920 27.64100 27.62880 27.62210 27.61470 27.60140 27.58030 27.55240 27.52100 27.48400 27.43640 27.38070 27.32290 27.26910 27.22350 27.18520 27.15320 27.12810 27.11130 27.10470 27.10480 27.10350 27.09940 27.09420 27.08530 27.06870 27.04350 27.01270 26.98700 26.97620 26.98540 27.01030 27.03630 27.05740 27.07410 27.08430 27.08520 27.07810 27.06570 27.04860 27.02850 27.01010 26.99970 27.00620 27.02750 27.05070 27.07180 27.09320 27.11640 27.14110 27.16150 27.17400
27.54560 27.56520 27.59050 27.62090 27.65300 27.68320 27.70780 27.72440 27.73170 27.72760 27.71100 27.68820 27.66680 27.65110 27.64160 27.63240 27.61780 27.59470 27.56470 27.53300 27.49700 27.44990 27.39280 27.33130 27.27440 27.22950 27.19470 27.16730 27.14560 27.12970 27.12220 27.12050 27.11830 27.11450 27.11080 27.10200 27.08270 27.05570 27.02740 27.00790 27.00530 27.02210 27.05150 27.07640 27.09250 27.10560 27.11390 27.11280 27.10430 27.09220 27.07690 27.05950 27.04500 27.04130 27.05990 27.09670 27.13130 27.16000 27.19080 27.22290 27.25130 27.27140 27.28300
27.56750 27.58780 27.61360 27.64470 27.67750 27.70840 27.73490 27.75370 27.76170 27.75710 27.74020 27.71670 27.69360 27.67610 27.66520 27.65430 27.63750 27.61230 27.58020 27.54600 27.50760 27.45890 27.40130 27.34020 27.28440 27.24100 27.20970 27.18790 27.17030 27.15530 27.14560 27.14060 27.13660 27.13260 27.12840 27.11950 27.10100 27.07610 27.05110 27.03580 27.03700 27.05500 27.08210 27.10290 27.11440 27.12320 27.12790 27.12360 27.11400 27.10390 27.09040 27.07380 27.06430 27.07210 27.10340 27.15140 27.19650 27.23660 27.28030 27.32170 27.35000 27.36680 27.37850
27.58880 27.60950 27.63600 27.66810 27.70200 27.73400 27.76160 27.78140 27.79000 27.78550 27.76810 27.74380 27.71980 27.70130 27.68930 27.67650 27.65740 27.63040 27.59660 27.55910 27.51660 27.46570 27.40900 27.35220 27.30100 27.26050 27.23210 27.21410 27.20030 27.18720 27.17600 27.16730 27.16090 27.15560 27.14950 27.13970 27.12360 27.10170 27.07810 27.06330 27.06420 27.07910 27.10080 27.11790 27.12780 27.13450 27.13650 27.13050 27.12140 27.11430 27.10430 27.09080 27.08900 27.10970 27.15240 27.20830 27.26210 27.31240 27.36570 27.41170 27.43600 27.44690 27.45670
27.60810 27.63070 27.65890 27.69230 27.72730 27.76040 27.78830 27.80840 27.81830 27.81480 27.79630 27.76990 27.74440 27.72410 27.70930 27.69370 27.67260 27.64440 27.60930 27.56960 27.52500 27.47450 27.42110 27.36960 27.32420 27.28830 27.26220 27.24480 27.23350 27.22470 27.21420 27.20240 27.19270 27.18520 27.17690 27.16560 27.14900 27.12610 27.09970 27.08250 27.08210 27.09460 27.11340 27.13030 27.14220 27.14990 27.15220 27.14810 27.14160 27.13710 27.13330 27.13120 27.14150 27.17190 27.22310 27.28670 27.34600 27.39820 27.44890 27.48900 27.50630 27.51000 27.51320
27.62630 27.65140 27.68150 27.71580 27.75140 27.78510 27.81320 27.83370 27.84540 27.84370 27.82460 27.79630 27.76850 27.74540 27.72690 27.70830 27.68520 27.65540 27.61890 27.57730 27.53190 27.48370 27.43540 27.39010 27.35090 27.31960 27.29550 27.27790 27.26740 27.26100 27.25180 27.23860 27.22610 27.21530 27.20500 27.19230 27.17390 27.14840 27.11880 27.09900 27.09690 27.10750 27.12480 27.14370 27.15960 27.16910 27.17220 27.17130 27.17030 27.17320 27.18150 27.19650 27.22060 27.25760 27.31270 27.37900 27.43710 27.48300 27.52260 27.55060 27.55890 27.55520 27.55070
27.64410 27.67100 27.70230 27.73680 27.77240 27.80610 27.83480 27.85640 27.86990 27.87000 27.85210 27.82310 27.79280 27.76630 27.74480 27.72350 27.69820 27.66630 27.62750 27.58360 27.53720 27.49140 27.44850 27.41020 27.37700 27.34920 27.32730 27.31120 27.29960 27.29040 27.28070 27.26900 27.25510 27.24090 27.22840 27.21470 27.19580 27.17010 27.14070 27.12040 27.11680 27.12490 27.14040 27.16110 27.18060 27.19040 27.19220 27.19400 27.20230 27.22140 27.24850 27.28010 27.31570 27.35750 27.41080 27.47020 27.51850 27.55280 27.57960 27.59520 27.59370 27.58340 27.57560
27.66070 27.68860 27.72040 27.75530 27.79100 27.82490 27.85430 27.87730 27.89230 27.89410 27.87750 27.84830 27.81510 27.78500 27.76090 27.73790 27.71110 27.67780 27.63760 27.59240 27.54550 27.50110 27.46180 27.42850 27.40000 27.37510 27.35550 27.34130 27.32870 27.31640 27.30610 27.29650 27.28310 27.26730 27.25270 27.23770 27.21870 27.19440 27.16730 27.14860 27.14490 27.15270 27.16840 27.18970 27.20960 27.21850 27.22130 27.23010 27.25110 27.28640 27.32790 27.36900 27.41050 27.45450 27.50250 27.54940 27.58380 27.60540 27.62070 27.62600 27.61560 27.60220 27.59880
27.67540 27.70370 27.73600 27.77180 27.80830 27.84290 27.87320 27.89720 27.91330 27.91600 27.90010 27.87010 27.83400 27.80050 27.77430 27.75020 27.72330 27.69020 27.65040 27.60580 27.55960 27.51520 27.47610 27.44460 27.41880 27.39680 27.37930 27.36600 27.35380 27.34180 27.33230 27.32410 27.31280 27.29830 27.28280 27.26610 27.24720 27.22480 27.20070 27.18470 27.18320 27.19410 27.21290 27.23360 27.25020 27.25900 27.26770 27.28890 27.32340 27.36680 27.41130 27.45180 27.49280 27.53590 27.57680 27.61040 27.63200 27.64330 27.65000 27.64790 27.63240 27.62010 27.62540
27.68830 27.71740 27.75070 27.78720 27.82450 27.85990 27.89090 27.91560 27.93200 27.93530 27.92060 27.89050 27.85180 27.81520 27.78700 27.76230 27.73550 27.70330 27.66470 27.62150 27.57600 27.53090 27.49070 27.45950 27.43520 27.41490 27.39880 27.38630 27.37470 27.36340 27.35530 27.34920 27.34080 27.32910 27.31560 27.30050 27.28370 27.26450 27.24470 27.23260 27.23410 27.24750 27.26790 27.28740 27.30260 27.31480 27.33160 27.36180 27.40230 27.44580 27.48720 27.52430 27.56210 27.60130 27.63420 27.65670 27.66900 27.67350 27.67330 27.66730 27.65460 27.64520 27.64700
27.70040 27.73100 27.76580 27.80270 27.84020 27.87610 27.90750 27.93220 27.94860 27.95240 27.93950 27.91040 27.86980 27.83020 27.79980 27.77400 27.74740 27.71620 27.67890 27.63690 27.59170 27.54570 27.50460 27.47410 27.45100 27.43130 27.41580 27.40430 27.39290 27.38140 27.37470 27.37160 27.36600 27.35750 27.34890 27.33930 27.32670 27.31180 27.29710 27.28980 27.29410 27.30790 27.32710 27.34600 27.36340 27.38240 27.40640 27.43790 27.47490 27.51350 27.55090 27.58580 27.62030 27.65330 27.67830 27.69290 27.69990 27.70050 27.69520 27.68820 27.68410 27.67780 27.66590
27.71410 27.74580 27.78150 27.81930 27.85690 27.89220 27.92310 27.94760 27.96390 27.96850 27.95730 27.92910 27.88670 27.84370 27.81010 27.78290 27.75700 27.72710 27.69110 27.65020 27.60570 27.55920 27.51770 27.48810 27.46680 27.44870 27.43410 27.42290 27.41200 27.40180 27.39630 27.39470 27.39130 27.38620 27.38220 27.37730 27.36860 27.35760 27.34760 27.34440 27.35140 27.36660 27.38620 27.40530 27.42450 27.44880 27.47740 27.50700 27.53860 27.57340 27.60830 27.64070 27.67060 27.69690 27.71530 27.72460 27.72720 27.72460 27.71810 27.71170 27.70950 27.70800 27.70080
