data_raster/melanesia/PNMC_temperatures_2021/temperature-202108.grd
DSAA																																																																																																																																																																																																																																																																																																																																																																																																																											
412	268																																																																																																																																																																																																																																																																																																																																																																																																																										
156	174.5																																																																																																																																																																																																																																																																																																																																																																																																																										
-26.5	-14.5																																																																																																																																																																																																																																																																																																																																																																																																																										
19.0 30.5																																																																																																																																																																																																																																																																																																																																																																																																																										
[rows 224 to 251 of 268, columns 315 to 377 of 412]
26.76870 26.81030 26.84250 26.86980 26.89780 26.93010 26.96850 27.01180 27.05740 27.10120 27.13890 27.16670 27.18270 27.19130 27.19690 27.20310 27.21140 27.22120 27.23110 27.23950 27.24640 27.25240 27.25840 27.26530 27.27390 27.28450 27.29750 27.31250 27.32900 27.34600 27.36220 27.37830 27.39600 27.41470 27.43280 27.44690 27.45420 27.45480 27.44990 27.44160 27.43170 27.42110 27.41070 27.40180 27.39290 27.38120 27.36850 27.35670 27.34480 27.33140 27.31770 27.30410 27.28920 27.27260 27.25490 27.23710 27.21960 27.19790 27.16570 27.12290 27.07200 27.01810 26.96710
26.81230 26.85180 26.88330 26.91010 26.93690 26.96700 27.00280 27.04410 27.08920 27.13330 27.17120 27.19870 27.21410 27.22140 27.22520 27.22940 27.23600 27.24460 27.25390 27.26210 27.26840 27.27320 27.27790 27.28370 27.29140 27.30140 27.31380 27.32840 27.34470 27.36140 27.37660 27.39090 27.40630 27.42280 27.43900 27.45200 27.45900 27.45980 27.45510 27.44640 27.43540 27.42370 27.41270 27.40320 27.39420 27.38390 27.37310 27.36340 27.35340 27.34170 27.32890 27.31540 27.30050 27.28380 27.26540 27.24530 27.22370 27.19710 27.16120 27.11720 27.06890 27.02250 26.98300
26.85550 26.89220 26.92120 26.94550 26.96920 26.99630 27.03080 27.07270 27.11920 27.16470 27.20320 27.23000 27.24380 27.24890 27.25050 27.25310 27.25860 27.26660 27.27550 27.28340 27.28930 27.29320 27.29670 27.30140 27.30810 27.31730 27.32880 27.34250 27.35820 27.37450 27.38910 27.40220 27.41570 27.43010 27.44490 27.45690 27.46350 27.46480 27.46130 27.45350 27.44270 27.43080 27.41920 27.40850 27.39850 27.38860 27.37910 27.37060 27.36200 27.35220 27.34050 27.32680 27.31150 27.29470 27.27560 27.25350 27.22720 27.19570 27.15810 27.11660 27.07510 27.03930 27.01230
26.89610 26.92920 26.95460 26.97550 26.99630 27.02160 27.05640 27.09990 27.14800 27.19440 27.23270 27.25850 27.27050 27.27400 27.27430 27.27580 27.28030 27.28750 27.29580 27.30330 27.30880 27.31230 27.31500 27.31880 27.32450 27.33280 27.34320 27.35570 27.37020 27.38550 27.39970 27.41230 27.42380 27.43560 27.44900 27.46070 27.46740 27.46910 27.46610 27.45910 27.44900 27.43780 27.42640 27.41490 27.40400 27.39420 27.38550 27.37720 27.36910 27.36040 27.34940 27.33560 27.31990 27.30250 27.28210 27.25770 27.22840 27.19460 27.15810 27.12270 27.09210 27.06810 27.05000
26.93210 26.96130 26.98280 27.00060 27.01980 27.04520 27.08120 27.12630 27.17530 27.22170 27.25910 27.28360 27.29470 27.29740 27.29720 27.29780 27.30120 27.30720 27.31470 27.32180 27.32730 27.33070 27.33320 27.33610 27.34080 27.34790 27.35720 27.36830 27.38110 27.39500 27.40860 27.42060 27.43000 27.43920 27.45120 27.46270 27.47000 27.47210 27.46940 27.46270 27.45350 27.44330 27.43260 27.42100 27.40950 27.39960 27.39090 27.38220 27.37380 27.36550 27.35500 27.34110 27.32500 27.30690 27.28530 27.25940 27.22930 27.19670 27.16420 27.13660 27.11750 27.10350 27.09040
26.96200 26.98780 27.00600 27.02190 27.04120 27.06840 27.10580 27.15140 27.20040 27.24620 27.28240 27.30610 27.31700 27.31980 27.31930 27.31900 27.32100 27.32560 27.33210 27.33910 27.34500 27.34880 27.35120 27.35340 27.35700 27.36280 27.37060 27.38030 27.39140 27.40340 27.41560 27.42630 27.43410 27.44140 27.45190 27.46290 27.47060 27.47350 27.47140 27.46550 27.45740 27.44790 27.43730 27.42570 27.41420 27.40380 27.39430 27.38480 27.37600 27.36780 27.35770 27.34400 27.32770 27.30920 27.28740 27.26210 27.23380 27.20480 27.17850 27.15860 27.14690 27.13850 27.12840
26.98710 27.00950 27.02550 27.04110 27.06190 27.09120 27.12960 27.17490 27.22310 27.26800 27.30340 27.32670 27.33790 27.34100 27.34040 27.33930 27.34000 27.34310 27.34850 27.35530 27.36160 27.36590 27.36840 27.37010 27.37270 27.37730 27.38380 27.39210 27.40150 27.41160 27.42190 27.43110 27.43770 27.44380 27.45240 27.46190 27.46960 27.47330 27.47210 27.46740 27.46030 27.45120 27.44060 27.42930 27.41780 27.40690 27.39640 27.38620 27.37700 27.36870 27.35890 27.34560 27.32970 27.31140 27.29060 27.26740 27.24250 27.21850 27.19870 27.18480 27.17660 27.17000 27.16180
27.00900 27.02800 27.04310 27.06000 27.08280 27.11340 27.15200 27.19660 27.24370 27.28760 27.32250 27.34580 27.35750 27.36110 27.36050 27.35890 27.35850 27.36030 27.36450 27.37050 27.37670 27.38140 27.38420 27.38570 27.38760 27.39140 27.39690 27.40400 27.41190 27.42020 27.42870 27.43650 27.44240 27.44750 27.45360 27.46060 27.46780 27.47210 27.47170 27.46800 27.46170 27.45320 27.44310 27.43210 27.42080 27.40940 27.39820 27.38760 27.37820 27.37000 27.36040 27.34780 27.33270 27.31540 27.29650 27.27630 27.25550 27.23630 27.22150 27.21100 27.20350 27.19700 27.19010
27.02850 27.04500 27.06020 27.07920 27.10380 27.13480 27.17280 27.21640 27.26240 27.30530 27.33980 27.36340 27.37580 27.38020 27.37980 27.37790 27.37670 27.37700 27.37950 27.38450 27.39050 27.39560 27.39890 27.40040 27.40200 27.40510 27.40980 27.41570 27.42230 27.42910 27.43590 27.44240 27.44770 27.45200 27.45560 27.46020 27.46620 27.47050 27.47070 27.46770 27.46230 27.45470 27.44530 27.43480 27.42390 27.41270 27.40170 27.39130 27.38200 27.37350 27.36400 27.35220 27.33810 27.32240 27.30570 27.28870 27.27170 27.25640 27.24470 27.23590 27.22830 27.22150 27.21530
27.04620 27.06160 27.07770 27.09880 27.12440 27.15500 27.19200 27.23440 27.27940 27.32150 27.35550 27.37940 27.39300 27.39850 27.39860 27.39660 27.39440 27.39300 27.39380 27.39750 27.40320 27.40870 27.41270 27.41460 27.41600 27.41850 27.42240 27.42730 27.43260 27.43800 27.44330 27.44840 27.45310 27.45660 27.45850 27.46110 27.46580 27.46940 27.46960 27.46730 27.46310 27.45650 27.44790 27.43810 27.42800 27.41790 27.40800 27.39850 27.38940 27.38070 27.37110 27.35980 27.34700 27.33290 27.31830 27.30390 27.29000 27.27760 27.26760 27.25930 27.25190 27.24510 27.23890
27.06280 27.07840 27.09590 27.11850 27.14420 27.17350 27.20940 27.25080 27.29480 27.33620 27.37000 27.39460 27.40960 27.41630 27.41700 27.41480 27.41180 27.40900 27.40790 27.41030 27.41540 27.42120 27.42580 27.42810 27.42960 27.43180 27.43490 27.43890 27.44300 27.44710 27.45100 27.45490 27.45880 27.46150 27.46250 27.46370 27.46680 27.46940 27.46950 27.46800 27.46480 27.45930 27.45150 27.44280 27.43380 27.42510 27.41670 27.40840 27.40010 27.39130 27.38160 27.37080 27.35900 27.34640 27.33350 27.32100 27.30950 27.29920 27.29010 27.28210 27.27490 27.26810 27.26160
27.07920 27.09560 27.11460 27.13790 27.16290 27.19060 27.22510 27.26570 27.30890 27.34980 27.38390 27.40950 27.42580 27.43370 27.43490 27.43270 27.42900 27.42510 27.42260 27.42350 27.42750 27.43330 27.43840 27.44120 27.44300 27.44490 27.44750 27.45070 27.45370 27.45640 27.45910 27.46210 27.46510 27.46730 27.46790 27.46830 27.46950 27.47080 27.47130 27.47050 27.46810 27.46340 27.45660 27.44910 27.44160 27.43430 27.42730 27.42030 27.41290 27.40450 27.39510 27.38490 27.37380 27.36220 27.35060 27.33950 27.32960 27.32070 27.31240 27.30470 27.29750 27.29050 27.28370
27.09670 27.11360 27.13320 27.15650 27.18050 27.20670 27.23990 27.27960 27.32230 27.36320 27.39770 27.42400 27.44150 27.45040 27.45230 27.45020 27.44630 27.44160 27.43800 27.43740 27.44020 27.44550 27.45080 27.45410 27.45600 27.45770 27.46000 27.46260 27.46480 27.46630 27.46800 27.47020 27.47260 27.47450 27.47510 27.47480 27.47440 27.47470 27.47560 27.47560 27.47340 27.46910 27.46340 27.45720 27.45100 27.44480 27.43880 27.43310 27.42680 27.41900 27.41030 27.40100 27.39090 27.38000 27.36920 27.35900 27.34980 27.34150 27.33370 27.32620 27.31920 27.31230 27.30570
27.11560 27.13260 27.15180 27.17410 27.19700 27.22220 27.25440 27.29330 27.33590 27.37700 27.41160 27.43820 27.45650 27.46640 27.46910 27.46740 27.46340 27.45830 27.45400 27.45210 27.45340 27.45800 27.46320 27.46660 27.46860 27.47020 27.47210 27.47430 27.47590 27.47670 27.47770 27.47930 27.48140 27.48330 27.48440 27.48400 27.48230 27.48170 27.48320 27.48360 27.48120 27.47730 27.47250 27.46740 27.46210 27.45670 27.45160 27.44700 27.44170 27.43480 27.42700 27.41900 27.40990 27.39960 27.38940 27.37970 27.37070 27.36230 27.35470 27.34760 27.34090 27.33460 27.32940
27.13590 27.15250 27.17070 27.19120 27.21280 27.23750 27.26910 27.30760 27.35020 27.39140 27.42570 27.45220 27.47090 27.48160 27.48510 27.48390 27.48000 27.47500 27.47030 27.46720 27.46710 27.47070 27.47550 27.47880 27.48080 27.48210 27.48360 27.48530 27.48640 27.48700 27.48790 27.48940 27.49150 27.49370 27.49580 27.49610 27.49400 27.49280 27.49430 27.49470 27.49240 27.48890 27.48510 27.48060 27.47570 27.47100 27.46680 27.46300 27.45870 27.45290 27.44620 27.43890 27.43060 27.42120 27.41170 27.40240 27.39350 27.38520 27.37770 27.37090 27.36490 27.36030 27.35740
27.15700 27.17260 27.18930 27.20770 27.22810 27.25250 27.28420 27.32280 27.36550 27.40650 27.44020 27.46620 27.48500 27.49620 27.50040 27.49980 27.49630 27.49160 27.48680 27.48270 27.48120 27.48350 27.48750 27.49050 27.49240 27.49350 27.49450 27.49560 27.49630 27.49690 27.49800 27.50000 27.50230 27.50530 27.50860 27.51010 27.50840 27.50720 27.50840 27.50880 27.50680 27.50390 27.50070 27.49660 27.49200 27.48780 27.48420 27.48110 27.47750 27.47270 27.46660 27.45970 27.45200 27.44390 27.43550 27.42700 27.41890 27.41130 27.40430 27.39820 27.39310 27.39020 27.38970
27.17830 27.19180 27.20670 27.22330 27.24290 27.26750 27.29980 27.33900 27.38180 27.42240 27.45510 27.48030 27.49890 27.51050 27.51530 27.51520 27.51220 27.50790 27.50300 27.49830 27.49540 27.49630 27.49920 27.50180 27.50350 27.50430 27.50480 27.50540 27.50580 27.50630 27.50760 27.51010 27.51330 27.51720 27.52120 27.52350 27.52320 27.52310 27.52460 27.52520 27.52370 27.52140 27.51860 27.51470 27.51030 27.50640 27.50320 27.50040 27.49700 27.49230 27.48630 27.47950 27.47270 27.46610 27.45970 27.45330 27.44690 27.44080 27.43540 27.43070 27.42650 27.42420 27.42440
27.19900 27.20990 27.22270 27.23800 27.25720 27.28240 27.31580 27.35590 27.39890 27.43870 27.47040 27.49470 27.51300 27.52470 27.53000 27.53060 27.52800 27.52400 27.51920 27.51390 27.50980 27.50910 27.51080 27.51290 27.51430 27.51460 27.51460 27.51490 27.51510 27.51540 27.51670 27.51950 27.52370 27.52840 27.53250 27.53540 27.53720 27.53910 27.54140 27.54260 27.54200 27.54020 27.53760 27.53420 27.53020 27.52650 27.52340 27.52070 27.51740 27.51230 27.50610 27.49940 27.49310 27.48770 27.48310 27.47880 27.47400 27.46960 27.46660 27.46410 27.46130 27.45920 27.45860
27.21850 27.22680 27.23760 27.25160 27.27100 27.29760 27.33260 27.37370 27.41640 27.45530 27.48590 27.50940 27.52740 27.53930 27.54500 27.54590 27.54380 27.54010 27.53530 27.52940 27.52430 27.52200 27.52220 27.52390 27.52520 27.52500 27.52450 27.52440 27.52440 27.52470 27.52580 27.52840 27.53310 27.53830 27.54220 27.54570 27.54990 27.55420 27.55760 27.55970 27.56040 27.55930 27.55700 27.55410 27.55100 27.54770 27.54470 27.54220 27.53890 27.53390 27.52760 27.52090 27.51450 27.50900 27.50450 27.50060 27.49640 27.49300 27.49220 27.49260 27.49220 27.49090 27.48920
27.23630 27.24240 27.25160 27.26490 27.28510 27.31360 27.35030 27.39210 27.43420 27.47190 27.50130 27.52410 27.54200 27.55410 27.56010 27.56140 27.55950 27.55600 27.55120 27.54490 27.53860 27.53470 27.53370 27.53490 27.53610 27.53570 27.53470 27.53420 27.53420 27.53450 27.53540 27.53760 27.54210 27.54730 27.55120 27.55560 27.56200 27.56820 27.57250 27.57570 27.57790 27.57790 27.57600 27.57400 27.57190 27.56930 27.56640 27.56400 27.56100 27.55640 27.55030 27.54330 27.53630 27.52990 27.52440 27.51960 27.51510 27.51210 27.51230 27.51440 27.51610 27.51620 27.51450
27.25210 27.25640 27.26470 27.27830 27.30020 27.33090 27.36910 27.41110 27.45200 27.48800 27.51640 27.53870 27.55650 27.56880 27.57510 27.57680 27.57520 27.57180 27.56690 27.56000 27.55280 27.54740 27.54520 27.54610 27.54720 27.54660 27.54550 27.54480 27.54480 27.54520 27.54610 27.54810 27.55200 27.55680 27.56120 27.56660 27.57410 27.58110 27.58610 27.59030 27.59390 27.59510 27.59420 27.59320 27.59230 27.59020 27.58760 27.58540 27.58280 27.57860 27.57270 27.56520 27.55740 27.55000 27.54300 27.53680 27.53180 27.52880 27.52830 27.52980 27.53200 27.53360 27.53370
27.26550 27.26880 27.27740 27.29280 27.31700 27.34990 27.38890 27.43030 27.46960 27.50370 27.53090 27.55280 27.57060 27.58330 27.59030 27.59250 27.59130 27.58790 27.58260 27.57530 27.56740 27.56070 27.55730 27.55780 27.55900 27.55850 27.55730 27.55660 27.55650 27.55720 27.55860 27.56080 27.56400 27.56820 27.57330 27.57960 27.58680 27.59370 27.59930 27.60440 27.60900 27.61120 27.61140 27.61160 27.61140 27.60970 27.60730 27.60520 27.60260 27.59850 27.59230 27.58420 27.57560 27.56700 27.55870 27.55150 27.54610 27.54280 27.54100 27.54100 27.54310 27.54560 27.54710
27.27660 27.27990 27.29010 27.30880 27.33590 27.37040 27.40950 27.44970 27.48690 27.51890 27.54480 27.56630 27.58430 27.59760 27.60540 27.60850 27.60780 27.60420 27.59850 27.59100 27.58270 27.57500 27.57040 27.57050 27.57180 27.57140 27.57020 27.56940 27.56950 27.57060 27.57290 27.57580 27.57870 27.58250 27.58810 27.59450 27.60050 27.60650 27.61300 27.61890 27.62340 27.62630 27.62780 27.62870 27.62880 27.62740 27.62510 27.62260 27.61950 27.61480 27.60800 27.59930 27.58970 27.58010 27.57100 27.56330 27.55770 27.55390 27.55110 27.55030 27.55210 27.55460 27.55610
27.28550 27.29030 27.30350 27.32630 27.35640 27.39190 27.43080 27.46940 27.50390 27.53340 27.55820 27.57940 27.59790 27.61200 27.62070 27.62440 27.62400 27.62040 27.61450 27.60700 27.59850 27.59000 27.58450 27.58410 27.58520 27.58500 27.58380 27.58270 27.58270 27.58430 27.58750 27.59150 27.59510 27.59900 27.60420 27.60960 27.61460 27.62030 27.62720 27.63340 27.63790 27.64100 27.64290 27.64400 27.64400 27.64270 27.64040 27.63750 27.63390 27.62870 27.62150 27.61230 27.60200 27.59140 27.58190 27.57380 27.56720 27.56240 27.55950 27.55880 27.56020 27.56200 27.56300
27.29330 27.30110 27.31830 27.34540 27.37810 27.41410 27.45210 27.48880 27.52030 27.54710 27.57100 27.59260 27.61170 27.62650 27.63590 27.64020 27.64010 27.63660 27.63080 27.62330 27.61470 27.60580 27.59960 27.59840 27.59920 27.59900 27.59780 27.59630 27.59620 27.59810 27.60190 27.60690 27.61190 27.61640 27.62050 27.62450 27.62930 27.63510 27.64190 27.64800 27.65250 27.65540 27.65690 27.65750 27.65730 27.65580 27.65340 27.65020 27.64630 27.64110 27.63400 27.62470 27.61380 27.60250 27.59250 27.58400 27.57600 27.56970 27.56710 27.56710 27.56780 27.56860 27.56950
27.30200 27.31360 27.33530 27.36620 27.40070 27.43620 27.47230 27.50650 27.53510 27.55990 27.58360 27.60590 27.62580 27.64120 27.65110 27.65600 27.65660 27.65360 27.64780 27.64060 27.63220 27.62310 27.61630 27.61390 27.61390 27.61360 27.61240 27.61060 27.61030 27.61230 27.61650 27.62200 27.62780 27.63290 27.63680 27.64040 27.64500 27.65070 27.65710 27.66280 27.66690 27.66920 27.66990 27.67000 27.66930 27.66760 27.66500 27.66160 27.65740 27.65200 27.64520 27.63650 27.62550 27.61340 27.60290 27.59420 27.58550 27.57850 27.57560 27.57540 27.57510 27.57540 27.57660
27.31310 27.32910 27.35470 27.38810 27.42300 27.45700 27.49050 27.52170 27.54810 27.57200 27.59600 27.61930 27.64010 27.65600 27.66630 27.67180 27.67330 27.67070 27.66510 27.65820 27.65030 27.64130 27.63380 27.63020 27.62920 27.62870 27.62750 27.62570 27.62520 27.62710 27.63120 27.63680 27.64250 27.64780 27.65240 27.65650 27.66080 27.66600 27.67230 27.67770 27.68110 27.68260 27.68270 27.68220 27.68100 27.67890 27.67580 27.67190 27.66710 27.66100 27.65430 27.64640 27.63570 27.62300 27.61210 27.60340 27.59510 27.58810 27.58450 27.58320 27.58260 27.58310 27.58490
27.32740 27.34860 27.37680 27.40940 27.44280 27.47520 27.50600 27.53440 27.55970 27.58380 27.60870 27.63290 27.65400 27.67030 27.68110 27.68710 27.68900 27.68680 27.68160 27.67500 27.66730 27.65860 27.65100 27.64660 27.64470 27.64390 27.64300 27.64140 27.64070 27.64180 27.64540 27.65070 27.65620 27.66130 27.66600 27.67020 27.67430 27.67970 27.68660 27.69210 27.69470 27.69570 27.69580 27.69490 27.69300 27.69000 27.68580 27.68080 27.67470 27.66780 27.66040 27.65240 27.64200 27.62970 27.61870 27.60970 27.60190 27.59570 27.59180 27.59020 27.59060 27.59230 27.59500
