data_raster/melanesia/PNMC_temperatures_2021/temperature-202110.grd
DSAA																																																																																																																																																																																																																																																																																																																																																																																																																											
412	268																																																																																																																																																																																																																																																																																																																																																																																																																										
156	174.5																																																																																																																																																																																																																																																																																																																																																																																																																										
-26.5	-14.5																																																																																																																																																																																																																																																																																																																																																																																																																										
19.0 30.5																																																																																																																																																																																																																																																																																																																																																																																																																										
[rows 140 to 167 of 268, columns 189 to 251 of 412]
25.52520 25.56360 25.60950 25.65810 25.70540 25.74490 25.76810 25.77510 25.77260 25.76780 25.76610 25.76280 25.75140 25.73140 25.70070 25.65000 25.58910 25.55510 25.55370 25.55880 25.55960 25.55740 25.55980 25.57430 25.59650 25.61750 25.62540 25.61570 25.59860 25.58620 25.59040 25.60770 25.62290 25.63540 25.65210 25.66700 25.67300 25.67740 25.68770 25.70220 25.71600 25.72180 25.72240 25.73150 25.75080 25.77230 25.79760 25.83200 25.87100 25.90720 25.93630 25.95590 25.96760 25.97190 25.96650 25.95180 25.93170 25.90870 25.88510 25.86400 25.84860 25.83900 25.83430
25.54980 25.60550 25.67290 25.71520 25.74520 25.76970 25.78450 25.79010 25.79090 25.79090 25.79250 25.79020 25.77750 25.75400 25.71610 25.65190 25.57460 25.53460 25.53890 25.54990 25.55340 25.55320 25.55720 25.57240 25.59340 25.61100 25.61490 25.60260 25.58750 25.58190 25.59330 25.61660 25.63670 25.65290 25.67180 25.69260 25.71150 25.72500 25.73250 25.74110 25.75340 25.76230 25.76780 25.77940 25.79950 25.82420 25.85390 25.89000 25.92780 25.96120 25.98710 26.00350 26.00910 26.00380 25.98890 25.96690 25.94130 25.91450 25.88810 25.86440 25.84600 25.83380 25.82750
25.60450 25.66440 25.72300 25.75270 25.77120 25.78840 25.80170 25.81090 25.81810 25.82410 25.82790 25.82470 25.80930 25.78030 25.73360 25.65830 25.57070 25.52640 25.53210 25.54480 25.54900 25.54930 25.55290 25.56600 25.58500 25.60180 25.60440 25.59110 25.58140 25.58650 25.60330 25.62590 25.64700 25.66600 25.68570 25.70630 25.72670 25.74440 25.75790 25.76970 25.78110 25.79040 25.79950 25.81460 25.83620 25.86000 25.88670 25.91840 25.95180 25.98180 26.00550 26.02050 26.02390 26.01530 25.99740 25.97430 25.95080 25.92790 25.90370 25.87930 25.85730 25.84040 25.83020
25.67290 25.72740 25.76930 25.78820 25.79920 25.81120 25.82340 25.83550 25.84770 25.85840 25.86430 25.86080 25.84300 25.80780 25.75100 25.66700 25.57420 25.52530 25.52650 25.53700 25.54110 25.54270 25.54740 25.56020 25.57720 25.59090 25.59220 25.58140 25.57900 25.59320 25.61340 25.63360 25.65340 25.67340 25.69390 25.71390 25.73220 25.75090 25.77110 25.78850 25.80110 25.81200 25.82490 25.84310 25.86490 25.88560 25.90680 25.93270 25.96170 25.98990 26.01370 26.02970 26.03430 26.02640 26.00960 25.98880 25.96990 25.95240 25.93120 25.90700 25.88270 25.86180 25.84660
25.74440 25.78890 25.82270 25.83650 25.84140 25.84590 25.85310 25.86370 25.87620 25.88820 25.89620 25.89450 25.87680 25.83650 25.76990 25.67890 25.58380 25.52880 25.51950 25.52320 25.52630 25.53000 25.53780 25.55200 25.56700 25.57610 25.57700 25.57310 25.57820 25.59630 25.61780 25.63750 25.65570 25.67460 25.69630 25.71870 25.73880 25.75840 25.77920 25.79850 25.81510 25.83140 25.84880 25.86770 25.88670 25.90360 25.92110 25.94370 25.97120 26.00090 26.02810 26.04770 26.05530 26.04970 26.03510 26.01670 26.00070 25.98560 25.96560 25.94190 25.91830 25.89650 25.87730
25.81080 25.84720 25.87680 25.89030 25.89380 25.89400 25.89650 25.90300 25.91230 25.92180 25.92800 25.92780 25.91500 25.87490 25.80010 25.70360 25.60800 25.54590 25.52160 25.51160 25.50700 25.50890 25.51480 25.52160 25.53250 25.54940 25.56240 25.56790 25.57790 25.59700 25.61800 25.63690 25.65400 25.67220 25.69460 25.71820 25.73930 25.75940 25.78070 25.80260 25.82430 25.84590 25.86640 25.88320 25.89650 25.90870 25.92350 25.94460 25.97270 26.00640 26.03910 26.06420 26.07640 26.07410 26.06160 26.04490 26.03080 26.01790 25.99960 25.97770 25.95690 25.93720 25.91790
25.86820 25.90150 25.92740 25.94310 25.95000 25.95110 25.95110 25.95280 25.95690 25.96070 25.96110 25.96050 25.95630 25.92240 25.84470 25.74580 25.65050 25.57940 25.53570 25.50690 25.48910 25.48390 25.48470 25.48510 25.49480 25.52080 25.54750 25.56440 25.57880 25.59580 25.61420 25.63240 25.64950 25.66740 25.68920 25.71170 25.73080 25.75070 25.77520 25.80180 25.82810 25.85320 25.87470 25.88800 25.89490 25.90270 25.91580 25.93660 25.96630 26.00420 26.04280 26.07410 26.09180 26.09350 26.08280 26.06670 26.05440 26.04470 26.02960 26.01080 25.99340 25.97750 25.96190
25.91860 25.95100 25.97570 25.99310 26.00250 26.00500 26.00330 26.00040 25.99860 25.99610 25.99070 25.98870 25.99050 25.96540 25.89490 25.80160 25.70650 25.62040 25.55170 25.50660 25.48140 25.46790 25.47420 25.50690 25.53180 25.52440 25.52530 25.55720 25.58380 25.59120 25.60400 25.62660 25.64440 25.65870 25.67930 25.70170 25.71920 25.73820 25.76460 25.79470 25.82420 25.85200 25.87460 25.88680 25.89170 25.89880 25.91230 25.93380 25.96480 26.00490 26.04710 26.08340 26.10630 26.11210 26.10360 26.08820 26.07740 26.07020 26.05800 26.04170 26.02610 26.01240 26.00020
25.96400 25.99560 26.02100 26.03840 26.04800 26.05060 26.04780 26.04190 26.03510 26.02710 26.01750 26.01310 26.01520 25.99770 25.94260 25.86250 25.76830 25.66300 25.56440 25.50290 25.47450 25.45810 25.47980 25.56190 25.60790 25.54890 25.50520 25.54880 25.58800 25.58380 25.59100 25.61970 25.63780 25.64660 25.66520 25.68830 25.70530 25.72280 25.74840 25.77920 25.81120 25.84180 25.86700 25.88200 25.89000 25.90000 25.91570 25.93790 25.96860 26.00800 26.05120 26.09120 26.11900 26.12960 26.12440 26.11080 26.10120 26.09530 26.08480 26.06970 26.05380 26.04000 26.02920
26.00580 26.03610 26.06050 26.07790 26.08730 26.08970 26.08790 26.08270 26.07350 26.06120 26.04770 26.03870 26.03560 26.02110 25.98130 25.91710 25.82700 25.70490 25.57410 25.48490 25.44520 25.43740 25.47020 25.54700 25.58900 25.54350 25.51000 25.54760 25.58010 25.57630 25.58370 25.61030 25.62630 25.63320 25.64870 25.66890 25.68460 25.70080 25.72390 25.75400 25.78880 25.82340 25.85290 25.87310 25.88640 25.90000 25.91690 25.93800 25.96590 26.00270 26.04580 26.08960 26.12360 26.14050 26.14070 26.13070 26.12270 26.11750 26.10770 26.09290 26.07580 26.06100 26.05120
26.04560 26.07510 26.09760 26.11470 26.12430 26.12710 26.12720 26.12440 26.11510 26.10060 26.08440 26.07010 26.05850 26.04270 26.01390 25.96310 25.87880 25.74710 25.59110 25.46900 25.40770 25.40850 25.44420 25.47990 25.50360 25.51490 25.52800 25.54930 25.56410 25.56960 25.58110 25.59920 25.61150 25.61930 25.63140 25.64620 25.65980 25.67500 25.69580 25.72490 25.76180 25.80050 25.83540 25.86180 25.88070 25.89740 25.91450 25.93320 25.95720 25.99020 26.03240 26.07980 26.12020 26.14460 26.15170 26.14670 26.14100 26.13630 26.12730 26.11280 26.09440 26.07820 26.06870
26.08500 26.11590 26.13830 26.15410 26.16370 26.16800 26.16880 26.16590 26.15730 26.14380 26.12760 26.10950 26.09020 26.07100 26.04780 26.00450 25.92420 25.79270 25.62890 25.48390 25.39590 25.38630 25.41960 25.44620 25.46990 25.50220 25.52970 25.54340 25.55260 25.56370 25.57640 25.58870 25.59780 25.60530 25.61490 25.62600 25.63750 25.65210 25.67280 25.70130 25.73720 25.77790 25.81820 25.85060 25.87450 25.89400 25.91150 25.92850 25.94940 25.97860 26.01870 26.06780 26.11310 26.14470 26.15890 26.15940 26.15650 26.15280 26.14560 26.13270 26.11360 26.09540 26.08450
26.12450 26.15760 26.18120 26.19590 26.20540 26.21090 26.21100 26.20630 26.19820 26.18680 26.17160 26.15170 26.12760 26.10560 26.08440 26.04460 25.96800 25.84320 25.68260 25.52320 25.40830 25.37670 25.40440 25.44480 25.47980 25.50290 25.51900 25.53300 25.54580 25.55770 25.56930 25.57940 25.58640 25.59220 25.60020 25.60980 25.61990 25.63380 25.65490 25.68250 25.71590 25.75590 25.79890 25.83600 25.86450 25.88690 25.90530 25.92220 25.94150 25.96760 26.00520 26.05430 26.10360 26.14240 26.16360 26.16920 26.16950 26.16840 26.16430 26.15370 26.13470 26.11460 26.10120
26.16450 26.19810 26.22240 26.23730 26.24670 26.25180 26.25060 26.24440 26.23620 26.22530 26.20970 26.18900 26.16460 26.14240 26.12140 26.08460 26.01460 25.89830 25.74110 25.56880 25.43040 25.38030 25.40020 25.44300 25.48090 25.49990 25.51160 25.52580 25.53960 25.55090 25.56150 25.57090 25.57660 25.58090 25.58800 25.59710 25.60660 25.61950 25.63900 25.66470 25.69630 25.73380 25.77480 25.81370 25.84700 25.87290 25.89320 25.91140 25.93060 25.95460 25.98980 26.03860 26.09200 26.13870 26.16680 26.17670 26.18110 26.18450 26.18420 26.17620 26.15790 26.13680 26.12120
26.20510 26.23810 26.26210 26.27690 26.28550 26.28910 26.28640 26.27910 26.27050 26.25910 26.24210 26.22090 26.19860 26.17710 26.15460 26.11970 26.05810 25.95250 25.80050 25.61770 25.45810 25.39030 25.39910 25.43610 25.47260 25.49330 25.50650 25.52010 25.53280 25.54360 25.55370 25.56230 25.56710 25.57050 25.57710 25.58590 25.59500 25.60680 25.62430 25.64870 25.67970 25.71440 25.75100 25.78980 25.82710 25.85690 25.87980 25.90010 25.92020 25.94280 25.97580 26.02390 26.08100 26.13560 26.17080 26.18510 26.19390 26.20190 26.20550 26.20040 26.18420 26.16310 26.14520
26.24600 26.27840 26.30060 26.31330 26.32000 26.32200 26.31770 26.30920 26.30030 26.28870 26.27030 26.24880 26.22840 26.20690 26.18070 26.14600 26.09270 26.00080 25.85910 25.67010 25.49020 25.40060 25.39440 25.42730 25.46520 25.48700 25.50010 25.51290 25.52530 25.53620 25.54560 25.55260 25.55640 25.55950 25.56570 25.57390 25.58220 25.59330 25.61060 25.63550 25.66680 25.69960 25.73290 25.77080 25.81030 25.84360 25.87010 25.89300 25.91380 25.93520 25.96600 26.01270 26.07250 26.13420 26.17700 26.19710 26.20990 26.22090 26.22760 26.22610 26.21330 26.19330 26.17290
26.28640 26.31700 26.33610 26.34520 26.34940 26.34990 26.34400 26.33390 26.32490 26.31360 26.29440 26.27290 26.25460 26.23260 26.20170 26.16670 26.12200 26.04440 25.91440 25.72250 25.52570 25.41370 25.39030 25.41900 25.45900 25.48110 25.49330 25.50550 25.51770 25.52860 25.53680 25.54180 25.54430 25.54670 25.55170 25.55860 25.56610 25.57780 25.59730 25.62390 25.65530 25.68710 25.71930 25.75660 25.79690 25.83290 25.86300 25.88860 25.91030 25.93020 25.95840 26.00320 26.06460 26.13250 26.18350 26.21120 26.22810 26.24060 26.24930 26.25100 26.24180 26.22390 26.20250
26.32500 26.35240 26.36730 26.37220 26.37350 26.37260 26.36500 26.35310 26.34400 26.33350 26.31420 26.29320 26.27730 26.25500 26.21980 26.18500 26.14880 26.08400 25.96440 25.77280 25.56440 25.43270 25.39110 25.41260 25.45250 25.47500 25.48710 25.49870 25.51010 25.52010 25.52670 25.52990 25.53110 25.53210 25.53490 25.53980 25.54720 25.56130 25.58480 25.61370 25.64440 25.67600 25.70920 25.74670 25.78670 25.82440 25.85770 25.88620 25.90890 25.92700 25.95190 25.99370 26.05540 26.12830 26.18760 26.22390 26.24540 26.25910 26.26890 26.27280 26.26690 26.25200 26.23190
26.36050 26.38360 26.39420 26.39510 26.39350 26.39060 26.38130 26.36830 26.35920 26.34900 26.32980 26.30960 26.29580 26.27370 26.23610 26.20150 26.17120 26.11710 26.00880 25.82250 25.60880 25.45890 25.39660 25.40760 25.44520 25.46820 25.48080 25.49180 25.50160 25.50970 25.51500 25.51740 25.51800 25.51800 25.51880 25.52220 25.53060 25.54790 25.57590 25.60760 25.63850 25.67000 25.70390 25.74160 25.78160 25.82060 25.85640 25.88770 25.91180 25.92850 25.94900 25.98520 26.04440 26.12030 26.18620 26.23000 26.25670 26.27290 26.28480 26.29120 26.28840 26.27690 26.25970
26.39300 26.41100 26.41730 26.41480 26.41000 26.40440 26.39360 26.38040 26.37110 26.36090 26.34190 26.32250 26.30980 26.28860 26.25120 26.21650 26.18850 26.14320 26.04860 25.87320 25.65940 25.49260 25.40740 25.40450 25.43740 25.46050 25.47420 25.48450 25.49250 25.49860 25.50310 25.50580 25.50660 25.50590 25.50530 25.50810 25.51850 25.53970 25.57190 25.60690 25.63910 25.67040 25.70330 25.74030 25.78060 25.82060 25.85830 25.89230 25.91830 25.93450 25.95050 25.97900 26.03320 26.10970 26.17990 26.22910 26.26090 26.28140 26.29690 26.30660 26.30670 26.29860 26.28520
26.42480 26.43630 26.43730 26.43110 26.42320 26.41480 26.40270 26.38920 26.37960 26.36930 26.35140 26.33310 26.32050 26.30050 26.26570 26.23090 26.20160 26.16410 26.08640 25.92580 25.71500 25.53340 25.42520 25.40550 25.43030 25.45260 25.46750 25.47790 25.48510 25.49040 25.49480 25.49810 25.49840 25.49630 25.49380 25.49630 25.50980 25.53570 25.57200 25.61010 25.64400 25.67450 25.70490 25.74000 25.77960 25.81950 25.85820 25.89470 25.92360 25.94080 25.95420 25.97650 26.02570 26.10140 26.17360 26.22660 26.26280 26.28760 26.30680 26.31950 26.32250 26.31780 26.30820
26.45440 26.45800 26.45310 26.44310 26.43220 26.42150 26.40840 26.39470 26.38470 26.37460 26.35840 26.34130 26.32830 26.30980 26.27940 26.24460 26.21150 26.18070 26.12160 25.97970 25.77640 25.58270 25.45110 25.41080 25.42380 25.44410 25.46070 25.47140 25.47880 25.48500 25.49050 25.49400 25.49340 25.48940 25.48520 25.48830 25.50570 25.53650 25.57620 25.61610 25.65030 25.67860 25.70500 25.73670 25.77430 25.81300 25.85190 25.89100 25.92340 25.94310 25.95650 25.97610 26.02230 26.09670 26.16990 26.22570 26.26530 26.29340 26.31570 26.33120 26.33670 26.33490 26.32860
26.47690 26.47260 26.46230 26.44870 26.43550 26.42330 26.41000 26.39670 26.38680 26.37700 26.36210 26.34610 26.33300 26.31680 26.29180 26.25710 26.21930 26.19260 26.15110 26.03330 25.84590 25.64330 25.48580 25.41970 25.41680 25.43440 25.45270 25.46300 25.47090 25.47940 25.48680 25.49080 25.48980 25.48540 25.48180 25.48740 25.50930 25.54400 25.58450 25.62320 25.65460 25.67840 25.69930 25.72660 25.76150 25.79860 25.83740 25.87880 25.91470 25.93780 25.95360 25.97420 26.02020 26.09410 26.16830 26.22670 26.26890 26.29930 26.32450 26.34280 26.35030 26.35020 26.34620
26.49010 26.47880 26.46410 26.44790 26.43320 26.42050 26.40760 26.39520 26.38590 26.37660 26.36280 26.34770 26.33470 26.32130 26.30200 26.26820 26.22570 26.20030 26.17270 26.08180 25.91830 25.71400 25.53290 25.43730 25.41280 25.42450 25.44320 25.45270 25.46100 25.47220 25.48180 25.48670 25.48640 25.48350 25.48280 25.49210 25.51740 25.55360 25.59260 25.62750 25.65390 25.67160 25.68640 25.70910 25.74160 25.77810 25.81790 25.86170 25.90100 25.92760 25.94670 25.97010 26.01810 26.09340 26.16940 26.23000 26.27360 26.30530 26.33290 26.35400 26.36320 26.36430 26.36190
26.49390 26.47730 26.45930 26.44160 26.42660 26.41430 26.40200 26.39030 26.38160 26.37320 26.36100 26.34700 26.33420 26.32330 26.30960 26.27770 26.23150 26.20460 26.18570 26.11950 25.98460 25.79060 25.59680 25.47130 25.41810 25.41720 25.43290 25.44180 25.45080 25.46340 25.47440 25.48080 25.48250 25.48240 25.48550 25.49770 25.52360 25.55800 25.59380 25.62430 25.64550 25.65780 25.66730 25.68660 25.71820 25.75670 25.80010 25.84690 25.88880 25.91830 25.93990 25.96550 26.01620 26.09500 26.17380 26.23560 26.27950 26.31120 26.34000 26.36330 26.37480 26.37800 26.37720
26.49060 26.47080 26.45090 26.43250 26.41790 26.40630 26.39470 26.38330 26.37500 26.36750 26.35710 26.34420 26.33130 26.32270 26.31470 26.28570 26.23760 26.20790 26.19310 26.14710 26.04080 25.86620 25.67210 25.52380 25.44140 25.42120 25.42720 25.43270 25.44130 25.45440 25.46640 25.47440 25.47870 25.48220 25.48870 25.50230 25.52580 25.55620 25.58820 25.61480 25.63180 25.64010 25.64710 25.66600 25.69960 25.74220 25.79000 25.84010 25.88390 25.91450 25.93710 25.96400 26.01720 26.09920 26.18030 26.24300 26.28670 26.31810 26.34680 26.37110 26.38500 26.39090 26.39210
26.48370 26.46240 26.44190 26.42380 26.40950 26.39810 26.38670 26.37560 26.36720 26.36020 26.35130 26.33940 26.32620 26.31950 26.31720 26.29250 26.24420 26.21220 26.19900 26.16750 26.08570 25.93380 25.75020 25.59270 25.48860 25.44460 25.43240 25.42910 25.43480 25.44790 25.46080 25.47020 25.47700 25.48340 25.49200 25.50520 25.52450 25.54990 25.57880 25.60250 25.61630 25.62310 25.63160 25.65480 25.69390 25.74080 25.79170 25.84430 25.88910 25.91870 25.94060 25.96890 26.02360 26.10620 26.18790 26.25150 26.29570 26.32690 26.35480 26.37870 26.39430 26.40280 26.40630
26.47530 26.45350 26.43310 26.41550 26.40160 26.39020 26.37870 26.36740 26.35810 26.35050 26.34290 26.33240 26.31910 26.31400 26.31660 26.29680 26.25070 26.21700 26.20320 26.18180 26.12060 25.99250 25.82560 25.66870 25.55020 25.48320 25.45080 25.43700 25.43760 25.44800 25.46060 25.47150 25.48030 25.48810 25.49700 25.50790 25.52200 25.54230 25.56850 25.59020 25.60180 25.60910 25.62170 25.65220 25.69900 25.75000 25.80180 25.85460 25.89880 25.92630 25.94710 25.97680 26.03300 26.11580 26.19730 26.26100 26.30610 26.33800 26.36510 26.38790 26.40380 26.41390 26.41950
