data_raster/melanesia/PNMC_temperatures_2021/temperature-202108.grd
DSAA																																																																																																																																																																																																																																																																																																																																																																																																																											
412	268																																																																																																																																																																																																																																																																																																																																																																																																																										
156	174.5																																																																																																																																																																																																																																																																																																																																																																																																																										
-26.5	-14.5																																																																																																																																																																																																																																																																																																																																																																																																																										
19.0 30.5																																																																																																																																																																																																																																																																																																																																																																																																																										
[rows 168 to 195 of 268, columns 63 to 125 of 412]
24.93470 24.85100 24.83050 24.90770 24.96830 24.95360 24.91550 24.87520 24.81600 24.74840 24.70020 24.68160 24.69240 24.71830 24.74410 24.76450 24.77770 24.78590 24.79420 24.81040 24.83580 24.86510 24.89090 24.90560 24.90940 24.90500 24.89510 24.87930 24.84980 24.80530 24.75750 24.71540 24.68300 24.66200 24.65120 24.64400 24.63150 24.60970 24.57750 24.53910 24.49910 24.46080 24.42560 24.39200 24.36360 24.34960 24.35310 24.37290 24.40620 24.44890 24.49140 24.52570 24.55300 24.57520 24.59120 24.60320 24.61760 24.63430 24.64720 24.65340 24.65240 24.64410 24.63000
25.03600 25.01680 25.01330 25.01850 25.02120 25.01040 24.97640 24.91870 24.84650 24.77690 24.73030 24.71490 24.72940 24.75650 24.77910 24.79460 24.80450 24.81160 24.82150 24.84190 24.87300 24.90820 24.93980 24.96040 24.96960 24.96900 24.96020 24.94290 24.91380 24.87230 24.82300 24.77260 24.72920 24.69690 24.67630 24.66230 24.64730 24.62530 24.59250 24.55240 24.51040 24.47220 24.44100 24.41550 24.39850 24.39650 24.40950 24.43320 24.46510 24.50300 24.54130 24.57420 24.59950 24.61680 24.62900 24.63980 24.65340 24.66740 24.67350 24.67100 24.66350 24.65310 24.64190
25.12230 25.12380 25.12420 25.11500 25.10610 25.09390 25.05210 24.97590 24.88410 24.80340 24.76140 24.75710 24.77610 24.80130 24.81940 24.83140 24.84020 24.84850 24.86120 24.88650 24.92380 24.96510 25.00130 25.02470 25.03500 25.03460 25.02490 25.00650 24.97800 24.93860 24.88850 24.83270 24.78110 24.74000 24.71170 24.69260 24.67620 24.65550 24.62520 24.58700 24.54600 24.51150 24.48880 24.47570 24.47110 24.47530 24.48970 24.51510 24.54670 24.57770 24.60710 24.63470 24.65620 24.66950 24.67890 24.68820 24.69930 24.70870 24.70810 24.69860 24.68710 24.67980 24.68070
25.18590 25.19140 25.19280 25.19120 25.18850 25.17570 25.12810 25.04300 24.94230 24.85630 24.81580 24.81560 24.83500 24.85710 24.87090 24.88020 24.88970 24.89960 24.91430 24.94420 24.98780 25.03300 25.07040 25.09340 25.10180 25.09820 25.08550 25.06530 25.03650 24.99770 24.94740 24.88960 24.83480 24.78970 24.75720 24.73540 24.71940 24.70260 24.67900 24.64750 24.61180 24.58300 24.56730 24.56200 24.56430 24.57330 24.58930 24.61300 24.63880 24.65960 24.67820 24.69810 24.71510 24.72620 24.73350 24.73960 24.74600 24.74980 24.74520 24.73500 24.72770 24.73110 24.74900
25.22530 25.23610 25.24150 25.24650 25.24970 25.24000 25.19440 25.11270 25.01890 24.93920 24.89670 24.88950 24.90320 24.92080 24.93010 24.93750 24.94820 24.95850 24.97280 25.00640 25.05620 25.10300 25.13750 25.15750 25.16270 25.15480 25.13830 25.11650 25.08700 25.04750 24.99700 24.93950 24.88500 24.83950 24.80600 24.78390 24.77050 24.75990 24.74590 24.72530 24.69930 24.67730 24.66510 24.66030 24.66280 24.67540 24.69480 24.71360 24.72840 24.73820 24.74730 24.75920 24.77190 24.78220 24.78820 24.79010 24.79140 24.79170 24.78760 24.78340 24.78780 24.80600 24.83830
25.24520 25.26190 25.27430 25.28650 25.29550 25.29000 25.24910 25.17460 25.09210 25.02260 24.98180 24.96820 24.97220 24.98040 24.98400 24.98950 25.00030 25.00870 25.02000 25.05670 25.11370 25.16140 25.19090 25.20620 25.20840 25.19850 25.18140 25.16040 25.13140 25.09110 25.03960 24.98150 24.92590 24.87930 24.84560 24.82500 24.81510 24.81090 24.80640 24.79770 24.78380 24.77020 24.76080 24.75570 24.75650 24.76700 24.78320 24.79630 24.80430 24.80870 24.81260 24.81850 24.82700 24.83660 24.84220 24.84290 24.84420 24.84730 24.84900 24.85330 24.86780 24.89380 24.92820
25.24980 25.27180 25.29240 25.31310 25.32780 25.32550 25.28970 25.22400 25.15190 25.09190 25.05600 25.04000 25.03350 25.03030 25.02800 25.03120 25.04020 25.04560 25.05390 25.09280 25.15480 25.20180 25.22580 25.23680 25.23730 25.22820 25.21370 25.19590 25.16890 25.12850 25.07600 25.01670 24.95920 24.91080 24.87700 24.85780 24.85040 24.85040 24.85330 24.85490 24.85260 24.84780 24.84250 24.83960 24.84060 24.84560 24.85310 24.86040 24.86620 24.86990 24.87250 24.87530 24.88110 24.88990 24.89680 24.90080 24.90820 24.91940 24.92950 24.94050 24.95800 24.98130 25.00640
25.24320 25.26900 25.29610 25.32450 25.34360 25.34270 25.31340 25.26010 25.19950 25.14660 25.11290 25.09400 25.08000 25.06970 25.06450 25.06520 25.07030 25.07420 25.08430 25.12370 25.18310 25.22500 25.24410 25.25300 25.25420 25.24680 25.23510 25.22080 25.19630 25.15700 25.10560 25.04800 24.99230 24.94510 24.91140 24.89140 24.88300 24.88390 24.89120 24.89960 24.90490 24.90690 24.90730 24.90940 24.91380 24.91780 24.92050 24.92210 24.92300 24.92400 24.92560 24.92840 24.93430 24.94380 24.95420 24.96560 24.98170 25.00100 25.01690 25.02900 25.04120 25.05450 25.06820
25.23210 25.25870 25.28810 25.32090 25.34300 25.34400 25.32250 25.28280 25.23410 25.18770 25.15470 25.13230 25.11350 25.09940 25.09220 25.08890 25.08800 25.09250 25.10910 25.14830 25.19910 25.23330 25.24860 25.25700 25.26000 25.25570 25.24770 25.23710 25.21560 25.17830 25.12940 25.07540 25.02400 24.98070 24.94830 24.92800 24.91970 24.92160 24.93070 24.94140 24.94950 24.95540 24.96060 24.96770 24.97640 24.98320 24.98620 24.98470 24.98080 24.97810 24.97800 24.98140 24.98840 24.99920 25.01370 25.03200 25.05500 25.07890 25.09630 25.10540 25.10870 25.11090 25.11600
25.22350 25.24680 25.27250 25.30390 25.32780 25.33410 25.32090 25.29150 25.25380 25.21630 25.18670 25.16250 25.13870 25.11930 25.10750 25.09780 25.08970 25.09550 25.12100 25.16070 25.20240 25.23000 25.24310 25.25040 25.25450 25.25570 25.25430 25.24840 25.23020 25.19560 25.14890 25.09710 25.04960 25.01100 24.98240 24.96670 24.96620 24.97430 24.98280 24.99070 24.99830 25.00490 25.01140 25.01980 25.02990 25.03840 25.04350 25.04450 25.04260 25.04000 25.03860 25.03990 25.04590 25.05740 25.07320 25.09270 25.11600 25.13920 25.15440 25.15990 25.15810 25.15470 25.15540
25.21650 25.23490 25.25420 25.27960 25.30220 25.31300 25.30620 25.28390 25.25590 25.22810 25.20280 25.17720 25.14800 25.12250 25.10660 25.09200 25.07900 25.08790 25.12270 25.16300 25.19610 25.21820 25.23070 25.23740 25.24280 25.24980 25.25500 25.25300 25.23740 25.20560 25.16100 25.11180 25.07010 25.04030 25.02060 25.01430 25.02440 25.03860 25.04360 25.04460 25.04820 25.05360 25.06000 25.06850 25.07830 25.08670 25.09330 25.09900 25.10320 25.10490 25.10510 25.10570 25.11040 25.12070 25.13410 25.14940 25.16790 25.18630 25.19720 25.19920 25.19530 25.19080 25.19060
25.20800 25.22290 25.23710 25.25460 25.27090 25.28010 25.27560 25.25900 25.23930 25.21900 25.19610 25.16800 25.13410 25.10540 25.08980 25.07630 25.06400 25.07790 25.12020 25.15960 25.18410 25.20120 25.21380 25.22230 25.23050 25.24110 25.24910 25.24820 25.23370 25.20400 25.16250 25.11870 25.08860 25.07490 25.07050 25.07560 25.09190 25.10560 25.10390 25.09610 25.09320 25.09610 25.10390 25.11410 25.12440 25.13240 25.13890 25.14700 25.15600 25.16420 25.17100 25.17670 25.18260 25.18970 25.19760 25.20660 25.21850 25.23050 25.23600 25.23430 25.22860 25.22400 25.22490
25.19790 25.21010 25.22050 25.23030 25.23820 25.24150 25.23590 25.22270 25.20900 25.19440 25.17370 25.14560 25.11280 25.08660 25.07470 25.06560 25.05760 25.07450 25.11680 25.15090 25.16780 25.18100 25.19430 25.20580 25.21660 25.22830 25.23620 25.23520 25.22130 25.19370 25.15630 25.12080 25.10570 25.11110 25.12300 25.13770 25.15540 25.16540 25.15870 25.14530 25.13650 25.13490 25.14050 25.15090 25.16270 25.17190 25.17940 25.18890 25.20120 25.21520 25.22960 25.24250 25.25160 25.25650 25.25990 25.26430 25.27060 25.27640 25.27660 25.27120 25.26390 25.25930 25.26110
25.18770 25.19670 25.20340 25.20680 25.20710 25.20380 25.19500 25.18280 25.17260 25.16250 25.14600 25.12370 25.10020 25.08260 25.07480 25.06980 25.06690 25.08200 25.11390 25.13780 25.14860 25.15990 25.17430 25.18790 25.19980 25.21030 25.21680 25.21590 25.20310 25.17770 25.14620 25.12160 25.12220 25.14430 25.16810 25.18760 25.20370 25.21080 25.20440 25.19180 25.18090 25.17310 25.17050 25.17660 25.18980 25.20260 25.21350 25.22550 25.24000 25.25760 25.27690 25.29520 25.30830 25.31430 25.31740 25.32080 25.32420 25.32540 25.32120 25.31270 25.30430 25.29950 25.30070
25.17980 25.18470 25.18690 25.18460 25.17860 25.16970 25.15850 25.14740 25.14020 25.13440 25.12410 25.11090 25.09870 25.08910 25.08270 25.07950 25.08100 25.09220 25.11050 25.12360 25.13090 25.14140 25.15590 25.17000 25.18160 25.18970 25.19370 25.19180 25.17900 25.15560 25.13290 25.12360 25.14000 25.17420 25.20420 25.22440 25.23740 25.24230 25.23850 25.23040 25.22150 25.21090 25.20130 25.20190 25.21350 25.22750 25.24100 25.25550 25.27260 25.29370 25.31680 25.33890 25.35580 25.36500 25.37000 25.37300 25.37460 25.37340 25.36690 25.35680 25.34780 25.34230 25.34130
25.17450 25.17490 25.17140 25.16390 25.15320 25.14100 25.12950 25.12100 25.11680 25.11520 25.11240 25.10840 25.10420 25.09780 25.08910 25.08500 25.08950 25.09750 25.10480 25.11060 25.11660 25.12640 25.13940 25.15240 25.16230 25.16710 25.16740 25.16290 25.14900 25.12850 25.11820 25.12840 25.15930 25.19950 25.23060 25.24890 25.25880 25.26240 25.26120 25.25800 25.25400 25.24610 25.23590 25.23290 25.23970 25.25080 25.26380 25.27940 25.29920 25.32460 25.35220 25.37750 25.39750 25.41060 25.41710 25.41890 25.41900 25.41710 25.41030 25.40020 25.39090 25.38400 25.37940
25.16880 25.16510 25.15600 25.14420 25.13100 25.11830 25.10800 25.10140 25.09900 25.10000 25.10310 25.10590 25.10570 25.09960 25.08830 25.08300 25.08890 25.09470 25.09550 25.09720 25.10260 25.11140 25.12240 25.13310 25.13990 25.13970 25.13460 25.12680 25.11420 25.10170 25.10720 25.13600 25.17640 25.21630 25.24510 25.26190 25.27100 25.27520 25.27690 25.27760 25.27760 25.27380 25.26710 25.26440 25.26830 25.27620 25.28690 25.30040 25.31990 25.34870 25.38150 25.41150 25.43500 25.45010 25.45720 25.45830 25.45760 25.45530 25.44870 25.43880 25.42910 25.42010 25.41110
25.16060 25.15440 25.14160 25.12700 25.11330 25.10220 25.09350 25.08740 25.08480 25.08620 25.09200 25.09790 25.09850 25.09220 25.08110 25.07610 25.08170 25.08600 25.08430 25.08390 25.08800 25.09530 25.10380 25.11110 25.11300 25.10650 25.09600 25.08660 25.07990 25.08130 25.10350 25.14530 25.18860 25.22370 25.24900 25.26570 25.27650 25.28370 25.28900 25.29300 25.29530 25.29470 25.29220 25.29260 25.29730 25.30410 25.31180 25.32050 25.33640 25.36610 25.40370 25.43980 25.46740 25.48300 25.48970 25.49130 25.49060 25.48790 25.48100 25.47080 25.46000 25.44830 25.43430
25.15030 25.14420 25.13080 25.11560 25.10260 25.09330 25.08570 25.07930 25.07530 25.07540 25.08070 25.08650 25.08660 25.08160 25.07510 25.07320 25.07740 25.07920 25.07570 25.07340 25.07520 25.08010 25.08520 25.08660 25.08160 25.06940 25.05680 25.05130 25.05590 25.07340 25.10780 25.15350 25.19450 25.22500 25.24750 25.26450 25.27800 25.28940 25.29980 25.30830 25.31390 25.31540 25.31460 25.31710 25.32380 25.33060 25.33550 25.33980 25.35140 25.37950 25.41900 25.46010 25.49210 25.50920 25.51620 25.51820 25.51760 25.51470 25.50780 25.49730 25.48440 25.46850 25.44900
25.13790 25.13360 25.12280 25.10930 25.09790 25.09040 25.08360 25.07680 25.07130 25.06940 25.07260 25.07650 25.07600 25.07400 25.07450 25.07670 25.07840 25.07650 25.07090 25.06600 25.06400 25.06500 25.06550 25.06050 25.04930 25.03440 25.02450 25.02750 25.04540 25.07710 25.11750 25.15980 25.19600 25.22360 25.24500 25.26270 25.27870 25.29420 25.30930 25.32270 25.33240 25.33560 25.33410 25.33730 25.34630 25.35370 25.35670 25.35780 25.36600 25.39100 25.42960 25.47340 25.50920 25.52900 25.53740 25.53920 25.53800 25.53470 25.52800 25.51700 25.50110 25.48070 25.45660
25.12300 25.12050 25.11360 25.10380 25.09580 25.09100 25.08550 25.07850 25.07240 25.06960 25.07110 25.07350 25.07310 25.07410 25.07960 25.08360 25.08140 25.07570 25.06840 25.05980 25.05180 25.04710 25.04290 25.03440 25.02210 25.01010 25.00670 25.01870 25.04660 25.08630 25.12790 25.16520 25.19690 25.22300 25.24480 25.26390 25.28230 25.29990 25.31650 25.33190 25.34430 25.34900 25.34750 25.35220 25.36420 25.37290 25.37500 25.37430 25.38000 25.40230 25.43910 25.48310 25.52090 25.54350 25.55320 25.55420 25.55130 25.54640 25.53890 25.52700 25.50860 25.48510 25.45960
25.10800 25.10490 25.10050 25.09460 25.09080 25.08950 25.08580 25.07900 25.07310 25.07020 25.07070 25.07240 25.07340 25.07720 25.08540 25.08910 25.08340 25.07460 25.06540 25.05310 25.03910 25.02900 25.02160 25.01270 25.00360 24.99800 25.00310 25.02380 25.05790 25.09960 25.13930 25.17220 25.20050 25.22550 25.24790 25.26840 25.28790 25.30580 25.32140 25.33620 25.34960 25.35560 25.35510 25.36140 25.37570 25.38610 25.38920 25.38860 25.39380 25.41430 25.44900 25.49150 25.52970 25.55440 25.56560 25.56610 25.56080 25.55310 25.54360 25.53030 25.51020 25.48580 25.46220
25.09600 25.08840 25.08210 25.07840 25.07830 25.07980 25.07770 25.07160 25.06610 25.06310 25.06250 25.06410 25.06790 25.07520 25.08510 25.08880 25.08190 25.07120 25.05960 25.04440 25.02760 25.01560 25.00780 25.00040 24.99500 24.99600 25.00960 25.03910 25.07780 25.11810 25.15390 25.18340 25.20910 25.23260 25.25420 25.27420 25.29310 25.31000 25.32450 25.33840 25.35180 25.35840 25.35880 25.36500 25.37900 25.39110 25.39760 25.40050 25.40720 25.42670 25.45900 25.49950 25.53730 25.56370 25.57690 25.57810 25.57130 25.56010 25.54760 25.53220 25.51100 25.48760 25.46840
25.08840 25.07490 25.06400 25.05930 25.05980 25.06200 25.06060 25.05510 25.05030 25.04800 25.04760 25.05040 25.05780 25.06850 25.07910 25.08270 25.07600 25.06460 25.05150 25.03530 25.01880 25.00750 25.00100 24.99570 24.99440 25.00240 25.02440 25.06120 25.10220 25.13920 25.17100 25.19810 25.22210 25.24380 25.26320 25.28070 25.29710 25.31190 25.32500 25.33840 25.35190 25.35930 25.36020 25.36530 25.37750 25.39070 25.40130 25.40830 25.41740 25.43630 25.46630 25.50480 25.54210 25.56990 25.58600 25.59000 25.58350 25.56970 25.55330 25.53450 25.51170 25.48970 25.47580
25.08540 25.06790 25.05230 25.04320 25.03990 25.03960 25.03700 25.03190 25.02880 25.02880 25.03110 25.03690 25.04780 25.06060 25.07080 25.07340 25.06670 25.05570 25.04340 25.02880 25.01440 25.00480 24.99960 24.99670 25.00040 25.01710 25.04730 25.08750 25.12770 25.16110 25.18960 25.21500 25.23800 25.25820 25.27440 25.28770 25.30010 25.31160 25.32250 25.33520 25.34980 25.35860 25.36020 25.36420 25.37480 25.38850 25.40160 25.41110 25.42160 25.44020 25.46900 25.50630 25.54330 25.57260 25.59230 25.60110 25.59740 25.58310 25.56300 25.53910 25.51260 25.49070 25.48120
25.08510 25.06560 25.04700 25.03310 25.02450 25.01970 25.01520 25.01100 25.01050 25.01390 25.01970 25.02870 25.04190 25.05530 25.06420 25.06580 25.05970 25.05030 25.03990 25.02850 25.01780 25.01110 25.00840 25.00900 25.01880 25.04390 25.08000 25.12030 25.15730 25.18740 25.21290 25.23580 25.25710 25.27530 25.28780 25.29590 25.30310 25.30990 25.31700 25.32780 25.34280 25.35320 25.35610 25.36010 25.36980 25.38400 25.39930 25.41150 25.42400 25.44360 25.47280 25.51070 25.54860 25.57920 25.60170 25.61470 25.61510 25.60280 25.58070 25.55180 25.52010 25.49540 25.48710
25.08630 25.06570 25.04580 25.02960 25.01710 25.00800 25.00200 24.99960 25.00240 25.00940 25.01790 25.02830 25.04150 25.05380 25.06110 25.06250 25.05850 25.05140 25.04330 25.03580 25.03020 25.02830 25.03060 25.03780 25.05500 25.08650 25.12480 25.16150 25.19390 25.22130 25.24360 25.26230 25.27970 25.29450 25.30280 25.30570 25.30680 25.30750 25.30920 25.31630 25.32980 25.34090 25.34610 25.35180 25.36240 25.37840 25.39690 25.41320 25.42990 25.45240 25.48430 25.52530 25.56580 25.59770 25.62100 25.63560 25.63950 25.63100 25.60900 25.57630 25.53910 25.50920 25.49800
25.08990 25.06740 25.04640 25.02940 25.01510 25.00360 24.99720 24.99700 25.00290 25.01260 25.02270 25.03270 25.04300 25.05170 25.05710 25.05900 25.05770 25.05350 25.04830 25.04550 25.04680 25.05220 25.06310 25.08140 25.10920 25.14630 25.18300 25.21140 25.23620 25.26030 25.27990 25.29380 25.30520 25.31380 25.31690 25.31480 25.30980 25.30430 25.30110 25.30410 25.31420 25.32470 25.33240 25.34240 25.35750 25.37770 25.40040 25.42170 25.44360 25.47080 25.50740 25.55360 25.59790 25.63130 25.65450 25.66880 25.67400 25.66750 25.64520 25.60950 25.56830 25.53430 25.51920
