data_raster/melanesia/PNMC_temperatures_2021/temperature-202110.grd
DSAA																																																																																																																																																																																																																																																																																																																																																																																																																											
412	268																																																																																																																																																																																																																																																																																																																																																																																																																										
156	174.5																																																																																																																																																																																																																																																																																																																																																																																																																										
-26.5	-14.5																																																																																																																																																																																																																																																																																																																																																																																																																										
19.0 30.5																																																																																																																																																																																																																																																																																																																																																																																																																										
[rows 0 to 27 of 268, columns 126 to 188 of 412]
22.02710 22.02590 22.02380 22.01850 22.00900 21.99540 21.98000 21.96500 21.95200 21.93900 21.92290 21.90880 21.90230 21.89810 21.89060 21.88070 21.87040 21.86080 21.85290 21.84730 21.84270 21.83660 21.82870 21.82010 21.81060 21.80120 21.79760 21.80280 21.81090 21.82000 21.83620 21.85990 21.88560 21.91400 21.94940 21.98430 22.00930 22.03360 22.06750 22.10690 22.14670 22.18530 22.22180 22.25540 22.28170 22.29350 22.29120 22.27900 22.25880 22.23080 22.19440 22.14730 22.08480 22.01300 21.95810 21.93350 21.93390 21.94610 21.95330 21.95460 21.95690 21.95820 21.95490
22.09280 22.09400 22.09130 22.08190 22.06880 22.05440 22.03960 22.02570 22.01480 22.00440 21.99030 21.97460 21.96080 21.94960 21.94050 21.93290 21.92610 21.92030 21.91540 21.91080 21.90670 21.90300 21.89850 21.89220 21.88650 21.88460 21.88590 21.89010 21.89970 21.91630 21.93940 21.96650 21.99320 22.01800 22.04100 22.06210 22.08210 22.10780 22.14390 22.18200 22.21490 22.24230 22.26410 22.27850 22.28530 22.28580 22.28010 22.26770 22.24840 22.22240 22.18760 22.14110 22.07860 22.00730 21.95560 21.93600 21.93860 21.94980 21.95540 21.95500 21.95460 21.95430 21.95210
22.16300 22.16380 22.15890 22.14530 22.12820 22.11110 22.09480 22.08080 22.07070 22.06210 22.05100 22.03590 22.01780 22.00130 21.99000 21.98200 21.97580 21.97200 21.96960 21.96590 21.96170 21.96040 21.96010 21.95720 21.95580 21.96030 21.96720 21.97440 21.98790 22.00960 22.03490 22.06030 22.08450 22.10570 22.12200 22.13750 22.15850 22.18660 22.22020 22.25040 22.27090 22.28300 22.28870 22.28870 22.28520 22.28140 22.27570 22.26420 22.24570 22.22000 22.18510 22.13820 22.07580 22.00590 21.95750 21.94170 21.94440 21.95240 21.95470 21.95120 21.94730 21.94400 21.94030
22.23890 22.23500 22.22560 22.20770 22.18560 22.16340 22.14340 22.12740 22.11620 22.10830 22.10040 22.08860 22.07050 22.05170 22.03720 22.02540 22.01570 22.01120 22.01030 22.00690 22.00260 22.00400 22.00880 22.01120 22.01490 22.02480 22.03830 22.05360 22.07330 22.09680 22.11800 22.13560 22.15320 22.17130 22.18840 22.20860 22.23640 22.26570 22.28870 22.30160 22.30350 22.29730 22.28800 22.28230 22.28160 22.28290 22.28130 22.27190 22.25340 22.22610 22.18870 22.13970 22.07720 22.00980 21.96460 21.95030 21.95040 21.95210 21.94860 21.94040 21.93200 21.92410 21.91580
22.31290 22.30250 22.28700 22.26440 22.23780 22.21090 22.18770 22.16990 22.15720 22.14820 22.14040 22.12980 22.11310 22.09430 22.07750 22.06180 22.04810 22.04080 22.03910 22.03630 22.03400 22.03950 22.05000 22.05850 22.06850 22.08490 22.10530 22.12700 22.15020 22.17320 22.19110 22.20430 22.21880 22.23570 22.25380 22.27460 22.29920 22.31800 22.32210 22.31570 22.30440 22.29130 22.28060 22.27850 22.28440 22.29090 22.29160 22.28190 22.26180 22.23250 22.19290 22.14150 22.07800 22.01160 21.96770 21.95300 21.94960 21.94530 21.93570 21.92250 21.91070 21.89950 21.88730
22.37960 22.36260 22.34010 22.31260 22.28250 22.25320 22.22910 22.21120 22.19800 22.18690 22.17520 22.16180 22.14600 22.12910 22.11220 22.09540 22.08010 22.07000 22.06590 22.06430 22.06670 22.07750 22.09300 22.10710 22.12410 22.14850 22.17420 22.19600 22.21700 22.23810 22.25560 22.27000 22.28530 22.30120 22.31440 22.32420 22.33020 22.32690 22.31130 22.29330 22.28160 22.27760 22.28060 22.28820 22.29700 22.30320 22.30160 22.28770 22.26360 22.23270 22.19210 22.13850 22.07310 22.00590 21.96140 21.94570 21.93990 21.93210 21.91850 21.90230 21.88940 21.87810 21.86610
22.43890 22.41520 22.38580 22.35320 22.31990 22.28920 22.26590 22.24990 22.23760 22.22550 22.21140 22.19620 22.18180 22.16780 22.15340 22.13880 22.12500 22.11550 22.11180 22.11270 22.11930 22.13360 22.15210 22.17020 22.19200 22.22090 22.24710 22.26400 22.27930 22.29650 22.30910 22.31650 22.32410 22.33120 22.33310 22.32820 22.31650 22.30070 22.28450 22.27280 22.26930 22.27510 22.28780 22.30050 22.30940 22.31340 22.30830 22.28940 22.26000 22.22510 22.18140 22.12530 22.05890 21.99270 21.95000 21.93520 21.92880 21.91970 21.90600 21.89090 21.87960 21.87100 21.86350
22.48790 22.45880 22.42420 22.38740 22.35120 22.31960 22.29810 22.28560 22.27610 22.26580 22.25330 22.24000 22.22820 22.21770 22.20760 22.19720 22.18730 22.18170 22.18190 22.18620 22.19500 22.20990 22.22860 22.24740 22.26900 22.29470 22.31370 22.32040 22.32740 22.33830 22.34040 22.33170 22.32280 22.31570 22.30670 22.29340 22.27610 22.26420 22.26560 22.27270 22.27920 22.28760 22.29860 22.30940 22.31710 22.31940 22.31150 22.28810 22.25290 22.21170 22.16270 22.10380 22.03830 21.97620 21.93810 21.92690 21.92180 21.91340 21.90280 21.89240 21.88480 21.88070 21.88030
22.51990 22.49010 22.45460 22.41610 22.37850 22.34700 22.32770 22.31940 22.31470 22.30940 22.30150 22.29280 22.28550 22.27910 22.27270 22.26570 22.25920 22.25730 22.26110 22.26820 22.27830 22.29250 22.30820 22.32220 22.33560 22.34820 22.35060 22.34000 22.33380 22.33680 22.33080 22.31210 22.29350 22.28110 22.27490 22.26930 22.25970 22.25640 22.26820 22.28380 22.29380 22.30110 22.30840 22.31660 22.32360 22.32430 22.31310 22.28510 22.24460 22.19780 22.14470 22.08480 22.02140 21.96380 21.93060 21.92300 21.92110 21.91580 21.90850 21.90190 21.89890 21.90000 21.90500
22.53670 22.51050 22.47800 22.44010 22.40300 22.37310 22.35670 22.35240 22.35280 22.35290 22.35010 22.34620 22.34380 22.34160 22.33790 22.33300 22.32860 22.32830 22.33330 22.34160 22.35180 22.36230 22.37010 22.37240 22.37090 22.36670 22.35130 22.32400 22.30620 22.30450 22.29800 22.28110 22.26520 22.25850 22.26440 22.27390 22.27600 22.27780 22.28760 22.29920 22.30700 22.31240 22.31780 22.32510 22.33160 22.33030 22.31530 22.28280 22.23780 22.18730 22.13210 22.07210 22.01110 21.95760 21.92830 21.92420 21.92620 21.92490 21.92010 21.91570 21.91680 21.92230 21.92940
22.54650 22.52530 22.49640 22.46030 22.42530 22.39910 22.38660 22.38530 22.38760 22.38910 22.38850 22.38740 22.38770 22.38820 22.38710 22.38450 22.38160 22.38080 22.38390 22.39100 22.39820 22.39950 22.39200 22.37570 22.35820 22.34490 22.32490 22.29530 22.27890 22.28270 22.28540 22.27940 22.27420 22.27600 22.28650 22.29750 22.29980 22.30020 22.30670 22.31550 22.32240 22.32700 22.33110 22.33730 22.34280 22.33910 22.32040 22.28380 22.23510 22.18200 22.12500 22.06460 22.00490 21.95480 21.92990 21.92990 21.93510 21.93600 21.93340 21.93160 21.93530 21.94240 21.94900
22.55440 22.53760 22.51230 22.47890 22.44740 22.42560 22.41580 22.41520 22.41620 22.41620 22.41560 22.41590 22.41820 22.42040 22.42040 22.41850 22.41520 22.41140 22.40900 22.41050 22.41120 22.40120 22.37870 22.34720 22.32020 22.30750 22.29540 22.27670 22.27150 22.28570 22.29930 22.30480 22.30980 22.31690 22.32440 22.32740 22.32220 22.31770 22.32240 22.33120 22.33850 22.34300 22.34590 22.35100 22.35530 22.34960 22.32790 22.28790 22.23620 22.18120 22.12310 22.06180 22.00310 21.95680 21.93700 21.94180 21.94960 21.95150 21.95040 21.95030 21.95440 21.96040 21.96470
22.56280 22.54910 22.52730 22.49830 22.47110 22.45180 22.44140 22.43780 22.43640 22.43560 22.43530 22.43740 22.44280 22.44630 22.44370 22.43820 22.43170 22.42210 22.41050 22.40200 22.39340 22.37640 22.35000 22.31860 22.29560 22.29050 22.29030 22.28630 22.29180 22.31040 22.32630 22.33400 22.33950 22.34540 22.35050 22.35080 22.34290 22.33580 22.33820 22.34540 22.35170 22.35530 22.35720 22.36220 22.36680 22.36050 22.33690 22.29370 22.23920 22.18360 22.12550 22.06390 22.00730 21.96650 21.95260 21.96180 21.97250 21.97570 21.97450 21.97300 21.97520 21.97860 21.97930
22.56970 22.55810 22.54010 22.51650 22.49280 22.47310 22.45920 22.45130 22.44860 22.44860 22.44860 22.45030 22.45460 22.45520 22.44730 22.43670 22.42610 22.41160 22.39370 22.37840 22.36480 22.34660 22.32410 22.30190 22.29050 22.29700 22.30880 22.31650 22.32740 22.34320 22.35430 22.35770 22.35810 22.35910 22.36230 22.36290 22.35590 22.34860 22.34920 22.35440 22.36000 22.36360 22.36650 22.37430 22.38250 22.37740 22.35160 22.30400 22.24610 22.19090 22.13450 22.07390 22.02040 21.98570 21.97690 21.98800 21.99910 22.00190 21.99890 21.99500 21.99490 21.99550 21.99210
22.57290 22.56270 22.54810 22.52920 22.50660 22.48320 22.46500 22.45500 22.45330 22.45520 22.45430 22.45060 22.44530 22.43660 22.42370 22.41020 22.39760 22.38300 22.36720 22.35540 22.34590 22.33180 22.31490 22.30140 22.30100 22.31880 22.34000 22.35260 22.36190 22.37080 22.37510 22.37390 22.37050 22.36750 22.36670 22.36460 22.35730 22.35050 22.35060 22.35600 22.36360 22.37010 22.37700 22.39150 22.40690 22.40440 22.37570 22.32170 22.25890 22.20440 22.15120 22.09310 22.04330 22.01370 22.00730 22.01670 22.02380 22.02230 22.01690 22.01210 22.01130 22.00990 22.00260
22.57730 22.56590 22.55060 22.53110 22.50540 22.47730 22.45700 22.44820 22.44820 22.45000 22.44570 22.43520 22.42130 22.40670 22.39320 22.38120 22.37020 22.35920 22.34900 22.34260 22.33800 22.33060 22.32250 22.31970 22.32850 22.35100 22.37340 22.38510 22.39040 22.39310 22.39250 22.38890 22.38390 22.37840 22.37280 22.36630 22.35850 22.35280 22.35280 22.35850 22.36840 22.37850 22.39010 22.41040 22.43160 22.43220 22.40300 22.34520 22.27780 22.22150 22.16930 22.11390 22.06760 22.04090 22.03490 22.04170 22.04510 22.04060 22.03450 22.03020 22.02900 22.02580 22.01580
22.58480 22.56950 22.54810 22.52140 22.48960 22.45850 22.44000 22.43520 22.43540 22.43320 22.42360 22.40950 22.39640 22.38570 22.37740 22.37050 22.36410 22.35780 22.35140 22.34510 22.34020 22.33900 22.34330 22.35410 22.36960 22.38700 22.40120 22.40910 22.41230 22.41270 22.41090 22.40760 22.40280 22.39600 22.38650 22.37650 22.36920 22.36510 22.36410 22.36830 22.37800 22.39000 22.40450 22.42630 22.44830 22.45210 22.42700 22.37060 22.30110 22.23980 22.18430 22.13070 22.08710 22.06100 22.05410 22.05990 22.06350 22.06070 22.05690 22.05400 22.05140 22.04580 22.03470
22.58640 22.56930 22.54400 22.51240 22.47820 22.44850 22.43380 22.43180 22.42950 22.42230 22.41090 22.39970 22.39270 22.38850 22.38460 22.38100 22.37730 22.37320 22.36800 22.36150 22.35710 22.36090 22.37300 22.38980 22.40550 22.41550 22.42200 22.42720 22.43010 22.43040 22.42940 22.42750 22.42380 22.41690 22.40550 22.39360 22.38660 22.38270 22.37980 22.38100 22.38820 22.39910 22.41390 22.43550 22.45750 22.46410 22.44430 22.39270 22.32450 22.25950 22.20040 22.14730 22.10540 22.07970 22.07220 22.07730 22.08100 22.07980 22.07910 22.07850 22.07450 22.06590 22.05340
22.57980 22.56560 22.54240 22.51250 22.48190 22.45770 22.44670 22.44440 22.43770 22.42700 22.41960 22.41650 22.41580 22.41450 22.41080 22.40590 22.40100 22.39580 22.39070 22.38700 22.38720 22.39380 22.40510 22.41670 22.42610 22.43230 22.43730 22.44250 22.44590 22.44680 22.44690 22.44640 22.44360 22.43680 22.42480 22.41210 22.40420 22.39900 22.39380 22.39150 22.39470 22.40250 22.41570 22.43730 22.46050 22.46970 22.45390 22.40790 22.34410 22.27970 22.21970 22.16680 22.12600 22.10140 22.09370 22.09690 22.09810 22.09570 22.09680 22.09850 22.09350 22.08200 22.06680
22.57650 22.56730 22.54770 22.51960 22.49260 22.47350 22.46470 22.46090 22.45180 22.44110 22.43850 22.44090 22.44160 22.43930 22.43430 22.42790 22.42150 22.41610 22.41300 22.41360 22.41770 22.42420 22.43090 22.43560 22.43980 22.44520 22.45130 22.45690 22.46060 22.46240 22.46380 22.46410 22.46040 22.45130 22.43700 22.42270 22.41390 22.40800 22.40150 22.39680 22.39660 22.40200 22.41460 22.43600 22.45920 22.46950 22.45660 22.41570 22.35740 22.29660 22.23910 22.18830 22.14910 22.12450 22.11490 22.11470 22.11240 22.10780 22.10900 22.11140 22.10520 22.09110 22.07340
22.58010 22.57540 22.55710 22.52780 22.50080 22.48390 22.47540 22.47030 22.46230 22.45460 22.45450 22.45710 22.45490 22.44970 22.44410 22.43790 22.43180 22.42850 22.42960 22.43400 22.43990 22.44440 22.44710 22.44870 22.45180 22.45850 22.46590 22.47130 22.47500 22.47750 22.47960 22.47930 22.47270 22.45920 22.44110 22.42450 22.41540 22.41010 22.40390 22.39810 22.39550 22.40010 22.41340 22.43400 22.45480 22.46440 22.45350 22.41660 22.36320 22.30740 22.25510 22.20950 22.17300 22.14770 22.13450 22.12950 22.12370 22.11710 22.11700 22.11840 22.11120 22.09590 22.07700
22.58490 22.58070 22.56040 22.52740 22.49800 22.48060 22.47160 22.46630 22.46040 22.45570 22.45620 22.45740 22.45370 22.44760 22.44240 22.43730 22.43270 22.43200 22.43630 22.44360 22.45090 22.45490 22.45640 22.45830 22.46280 22.47090 22.47940 22.48580 22.49000 22.49230 22.49270 22.48940 22.47900 22.46210 22.44250 22.42590 22.41740 22.41300 22.40780 22.40140 22.39640 22.39930 22.41240 22.43090 22.44810 22.45560 22.44530 22.41130 22.36230 22.31120 22.26480 22.22630 22.19500 22.17050 22.15420 22.14430 22.13460 22.12590 22.12430 22.12510 22.11870 22.10480 22.08710
22.58350 22.57680 22.55330 22.51770 22.48640 22.46790 22.45840 22.45360 22.44970 22.44680 22.44670 22.44690 22.44420 22.43980 22.43560 22.43170 22.42920 22.43060 22.43660 22.44550 22.45420 22.45940 22.46240 22.46650 22.47290 22.48160 22.49070 22.49850 22.50330 22.50440 22.50160 22.49410 22.48050 22.46260 22.44450 22.43040 22.42270 22.41870 22.41420 22.40760 22.40060 22.40150 22.41300 22.42860 22.44170 22.44570 22.43390 22.40150 22.35590 22.30880 22.26790 22.23730 22.21290 22.19180 22.17480 22.16090 22.14730 22.13620 22.13330 22.13410 22.12980 22.11900 22.10380
22.56970 22.56070 22.53750 22.50450 22.47570 22.45840 22.44900 22.44420 22.44140 22.43990 22.43970 22.43960 22.43790 22.43490 22.43150 22.42870 22.42800 22.43140 22.43890 22.44830 22.45730 22.46350 22.46820 22.47430 22.48190 22.49050 22.49920 22.50670 22.51080 22.51040 22.50510 22.49490 22.48000 22.46300 22.44790 22.43660 22.42950 22.42480 22.42010 22.41380 22.40700 22.40740 22.41710 22.42990 22.43900 22.43810 22.42230 22.38950 22.34630 22.30250 22.26650 22.24260 22.22550 22.21040 22.19560 22.18010 22.16320 22.14910 22.14460 22.14560 22.14280 22.13420 22.12110
22.54780 22.53820 22.51910 22.49300 22.47040 22.45610 22.44720 22.44170 22.43910 22.43850 22.43870 22.43850 22.43710 22.43460 22.43190 22.43020 22.43100 22.43610 22.44490 22.45450 22.46310 22.46970 22.47550 22.48230 22.49010 22.49810 22.50570 22.51160 22.51410 22.51210 22.50510 22.49370 22.47900 22.46390 22.45200 22.44320 22.43620 22.43030 22.42490 22.41910 22.41400 22.41500 22.42350 22.43380 22.43930 22.43330 22.41280 22.37790 22.33530 22.29380 22.26160 22.24280 22.23220 22.22370 22.21340 22.19910 22.18080 22.16410 22.15770 22.15810 22.15560 22.14800 22.13630
22.52680 22.51890 22.50540 22.48720 22.47100 22.45980 22.45120 22.44460 22.44170 22.44160 22.44200 22.44150 22.43960 22.43720 22.43540 22.43520 22.43740 22.44380 22.45340 22.46340 22.47200 22.47880 22.48470 22.49080 22.49760 22.50490 22.51160 22.51620 22.51710 22.51340 22.50500 22.49290 22.47860 22.46500 22.45550 22.44870 22.44190 22.43530 22.42950 22.42410 22.42000 22.42170 22.42970 22.43780 22.44000 22.43060 22.40690 22.36920 22.32510 22.28460 22.25490 22.23940 22.23320 22.23010 22.22470 22.21370 22.19690 22.17980 22.17180 22.17020 22.16690 22.15980 22.14940
22.51080 22.50550 22.49720 22.48530 22.47390 22.46500 22.45670 22.44970 22.44680 22.44700 22.44760 22.44700 22.44480 22.44250 22.44170 22.44290 22.44670 22.45400 22.46410 22.47420 22.48270 22.48920 22.49430 22.49930 22.50510 22.51170 22.51770 22.52100 22.52040 22.51540 22.50600 22.49330 22.47900 22.46610 22.45810 22.45300 22.44710 22.44080 22.43540 22.43050 22.42720 22.42940 22.43670 22.44230 22.44100 22.42930 22.40410 22.36420 22.31870 22.27960 22.25230 22.23830 22.23380 22.23340 22.23180 22.22500 22.21130 22.19550 22.18680 22.18370 22.17970 22.17270 22.16250
22.50140 22.49790 22.49280 22.48420 22.47520 22.46740 22.46000 22.45410 22.45210 22.45290 22.45400 22.45380 22.45220 22.45070 22.45070 22.45300 22.45810 22.46640 22.47690 22.48630 22.49350 22.49860 22.50270 22.50740 22.51310 22.51940 22.52430 22.52590 22.52400 22.51840 22.50850 22.49520 22.48030 22.46740 22.46020 22.45660 22.45260 22.44790 22.44360 22.43980 22.43780 22.44020 22.44580 22.44790 22.44260 22.42860 22.40280 22.36250 22.31810 22.28260 22.25830 22.24430 22.23870 22.23860 22.23880 22.23490 22.22410 22.21040 22.20270 22.20020 22.19680 22.18980 22.17820
