data_raster/melanesia/PNMC_temperatures_2021/temperature-202112.grd
DSAA																																																																																																																																																																																																																																																																																																																																																																																																																											
412	268																																																																																																																																																																																																																																																																																																																																																																																																																										
156	174.5																																																																																																																																																																																																																																																																																																																																																																																																																										
-26.5	-14.5																																																																																																																																																																																																																																																																																																																																																																																																																										
19.0 30.5																																																																																																																																																																																																																																																																																																																																																																																																																										
[rows 196 to 223 of 268, columns 0 to 62 of 412]
29.30050 29.30340 29.30520 29.30560 29.30570 29.30720 29.31080 29.31590 29.31940 29.31970 29.31690 29.31170 29.30570 29.29970 29.29400 29.28960 29.28660 29.28300 29.27750 29.26990 29.26030 29.24940 29.23840 29.22900 29.22120 29.21390 29.20360 29.18790 29.16920 29.15120 29.13770 29.12990 29.12490 29.12150 29.11960 29.11780 29.11350 29.10620 29.09620 29.08550 29.07510 29.06350 29.04950 29.03330 29.01500 28.99480 28.97590 28.96320 28.95580 28.94970 28.94640 28.94780 28.94900 28.94570 28.93920 28.93220 28.92920 28.93000 28.93020 28.92740 28.92110 28.90810 28.88420
29.30590 29.31190 29.31610 29.31790 29.31880 29.32020 29.32300 29.32700 29.33100 29.33340 29.33230 29.32830 29.32320 29.31720 29.31060 29.30520 29.30190 29.29890 29.29450 29.28820 29.27980 29.26940 29.25860 29.24960 29.24220 29.23470 29.22480 29.21100 29.19450 29.17790 29.16520 29.15780 29.15360 29.15090 29.14810 29.14440 29.13930 29.13170 29.12120 29.11100 29.10320 29.09550 29.08580 29.07300 29.05670 29.03750 29.01850 29.00460 28.99550 28.98900 28.98620 28.98820 28.98890 28.98340 28.97500 28.96730 28.96320 28.96230 28.96140 28.95870 28.95330 28.94050 28.91490
29.31020 29.31880 29.32520 29.32850 29.33070 29.33300 29.33540 29.33810 29.34230 29.34640 29.34690 29.34420 29.34030 29.33510 29.32830 29.32210 29.31810 29.31480 29.31080 29.30560 29.29860 29.28950 29.27970 29.27180 29.26510 29.25730 29.24720 29.23400 29.21870 29.20310 29.19080 29.18330 29.17990 29.17830 29.17530 29.17030 29.16410 29.15570 29.14460 29.13400 29.12670 29.12140 29.11590 29.10790 29.09590 29.07920 29.06080 29.04580 29.03530 29.02830 29.02610 29.02870 29.02870 29.02110 29.01120 29.00320 28.99760 28.99410 28.99130 28.98850 28.98460 28.97290 28.94550
29.31500 29.32520 29.33320 29.33790 29.34150 29.34520 29.34790 29.35020 29.35460 29.35970 29.36130 29.35950 29.35650 29.35200 29.34580 29.33950 29.33460 29.33050 29.32670 29.32230 29.31650 29.30890 29.30080 29.29390 29.28790 29.28110 29.27190 29.25950 29.24470 29.22950 29.21720 29.20950 29.20600 29.20440 29.20150 29.19630 29.18960 29.18070 29.16930 29.15820 29.15000 29.14490 29.14150 29.13690 29.12890 29.11680 29.10200 29.08760 29.07570 29.06790 29.06550 29.06770 29.06690 29.05840 29.04820 29.04020 29.03300 29.02560 29.01920 29.01460 29.01180 29.00220 28.97540
29.32140 29.33210 29.34070 29.34630 29.35120 29.35620 29.35990 29.36260 29.36750 29.37320 29.37570 29.37480 29.37220 29.36810 29.36260 29.35660 29.35090 29.34610 29.34240 29.33850 29.33360 29.32750 29.32070 29.31470 29.30950 29.30450 29.29750 29.28660 29.27270 29.25780 29.24540 29.23730 29.23280 29.23010 29.22710 29.22250 29.21550 29.20610 29.19480 29.18330 29.17380 29.16740 29.16400 29.16050 29.15520 29.14810 29.13890 29.12730 29.11580 29.10770 29.10450 29.10540 29.10360 29.09470 29.08480 29.07710 29.06820 29.05690 29.04550 29.03710 29.03390 29.02690 29.00320
29.32960 29.33980 29.34820 29.35400 29.35960 29.36580 29.37040 29.37390 29.37930 29.38580 29.38990 29.39060 29.38860 29.38440 29.37900 29.37290 29.36670 29.36150 29.35760 29.35410 29.35010 29.34480 29.33870 29.33350 29.32920 29.32540 29.32040 29.31250 29.30100 29.28710 29.27460 29.26590 29.26020 29.25630 29.25260 29.24770 29.24010 29.23000 29.21830 29.20640 29.19580 29.18830 29.18390 29.18060 29.17680 29.17250 29.16730 29.16070 29.15360 29.14750 29.14410 29.14320 29.13920 29.12910 29.11880 29.11110 29.10130 29.08740 29.07110 29.05740 29.05170 29.04620 29.02760
29.33610 29.34600 29.35410 29.35990 29.36590 29.37300 29.37880 29.38300 29.38890 29.39630 29.40230 29.40500 29.40380 29.39970 29.39420 29.38790 29.38120 29.37530 29.37080 29.36770 29.36480 29.36050 29.35510 29.35060 29.34730 29.34410 29.34060 29.33580 29.32770 29.31580 29.30400 29.29460 29.28760 29.28230 29.27740 29.27150 29.26300 29.25210 29.23980 29.22750 29.21660 29.20820 29.20250 29.19850 29.19520 29.19200 29.18910 29.18770 29.18670 29.18450 29.18190 29.17940 29.17340 29.16210 29.15070 29.14140 29.13060 29.11540 29.09500 29.07530 29.06540 29.06010 29.04680
29.33690 29.34750 29.35610 29.36220 29.36880 29.37710 29.38420 29.38950 29.39580 29.40350 29.41080 29.41540 29.41540 29.41200 29.40740 29.40120 29.39370 29.38640 29.38080 29.37770 29.37620 29.37380 29.37020 29.36670 29.36390 29.36150 29.35930 29.35640 29.35090 29.34210 29.33210 29.32240 29.31390 29.30680 29.30050 29.29360 29.28440 29.27300 29.26040 29.24820 29.23750 29.22830 29.22060 29.21510 29.21160 29.20930 29.20850 29.21040 29.21340 29.21520 29.21490 29.21190 29.20500 29.19410 29.18140 29.16860 29.15530 29.13900 29.11520 29.09010 29.07570 29.06930 29.05940
29.33560 29.34510 29.35340 29.36030 29.36780 29.37670 29.38500 29.39230 29.39960 29.40760 29.41600 29.42250 29.42430 29.42260 29.41950 29.41390 29.40570 29.39700 29.39000 29.38620 29.38500 29.38420 29.38260 29.38030 29.37800 29.37660 29.37540 29.37370 29.37030 29.36440 29.35650 29.34760 29.33850 29.32980 29.32180 29.31340 29.30360 29.29210 29.27930 29.26710 29.25690 29.24750 29.23860 29.23140 29.22700 29.22540 29.22650 29.23030 29.23570 29.24100 29.24350 29.24090 29.23410 29.22400 29.21010 29.19330 29.17760 29.16080 29.13420 29.10390 29.08490 29.07600 29.06660
29.33540 29.34010 29.34620 29.35420 29.36270 29.37090 29.38030 29.39070 29.40020 29.40910 29.41870 29.42740 29.43220 29.43340 29.43170 29.42700 29.41920 29.41010 29.40180 29.39610 29.39340 29.39220 29.39150 29.39040 29.38920 29.38840 29.38800 29.38760 29.38570 29.38160 29.37570 29.36850 29.36040 29.35140 29.34140 29.33080 29.32010 29.30850 29.29540 29.28290 29.27290 29.26410 29.25570 29.24790 29.24220 29.24050 29.24310 29.24840 29.25560 29.26390 29.26910 29.26750 29.26070 29.25040 29.23510 29.21600 29.19950 29.18270 29.15390 29.11900 29.09530 29.08270 29.07030
29.32920 29.33230 29.33710 29.34440 29.35260 29.36090 29.37170 29.38460 29.39650 29.40720 29.41860 29.42980 29.43820 29.44290 29.44360 29.44060 29.43470 29.42650 29.41740 29.40980 29.40490 29.40220 29.40110 29.40060 29.40020 29.39980 29.39950 29.39940 29.39850 29.39570 29.39140 29.38580 29.37860 29.36950 29.35840 29.34620 29.33450 29.32280 29.31010 29.29780 29.28740 29.27860 29.27060 29.26270 29.25620 29.25450 29.25810 29.26480 29.27350 29.28340 29.29070 29.29130 29.28510 29.27270 29.25530 29.23550 29.21830 29.20050 29.17040 29.13330 29.10570 29.08810 29.07200
29.31430 29.32150 29.32740 29.33200 29.33830 29.34840 29.36080 29.37440 29.38800 29.40150 29.41540 29.42900 29.44110 29.44970 29.45360 29.45370 29.45090 29.44470 29.43570 29.42720 29.42080 29.41670 29.41440 29.41340 29.41290 29.41240 29.41170 29.41060 29.40960 29.40840 29.40550 29.40000 29.39240 29.38320 29.37220 29.36020 29.34770 29.33560 29.32440 29.31330 29.30220 29.29200 29.28330 29.27520 29.26880 29.26730 29.27120 29.27880 29.28840 29.29860 29.30710 29.31110 29.30650 29.29130 29.27110 29.25080 29.23200 29.21140 29.18140 29.14550 29.11500 29.09220 29.07320
29.30260 29.30930 29.31460 29.31850 29.32450 29.33450 29.34680 29.36040 29.37600 29.39290 29.40920 29.42490 29.44010 29.45240 29.45950 29.46260 29.46290 29.45920 29.45180 29.44380 29.43710 29.43220 29.42890 29.42680 29.42560 29.42470 29.42360 29.42180 29.42020 29.41900 29.41630 29.41100 29.40320 29.39370 29.38350 29.37250 29.36020 29.34800 29.33760 29.32780 29.31720 29.30670 29.29700 29.28860 29.28230 29.28010 29.28260 29.28930 29.29850 29.30840 29.31770 29.32430 29.32190 29.30690 29.28540 29.26310 29.24190 29.21990 29.19130 29.15770 29.12540 29.09820 29.07530
29.29800 29.29770 29.30000 29.30610 29.31360 29.32120 29.33100 29.34460 29.36220 29.38180 29.39980 29.41680 29.43430 29.44960 29.45940 29.46520 29.46810 29.46720 29.46280 29.45680 29.45090 29.44610 29.44240 29.43960 29.43740 29.43590 29.43460 29.43290 29.43050 29.42750 29.42400 29.41930 29.41210 29.40270 29.39310 29.38320 29.37190 29.36020 29.34960 29.34020 29.33140 29.32230 29.31260 29.30370 29.29670 29.29270 29.29250 29.29620 29.30330 29.31280 29.32260 29.32990 29.33000 29.31930 29.29920 29.27380 29.25020 29.22880 29.20220 29.16990 29.13660 29.10570 29.07690
29.28930 29.28920 29.29140 29.29690 29.30370 29.31070 29.31920 29.33100 29.34810 29.36820 29.38650 29.40360 29.42200 29.43930 29.45250 29.46210 29.46840 29.47100 29.47010 29.46700 29.46300 29.45870 29.45480 29.45200 29.44970 29.44730 29.44510 29.44310 29.44010 29.43570 29.43130 29.42680 29.41990 29.41060 29.40150 29.39240 29.38220 29.37140 29.36110 29.35170 29.34310 29.33500 29.32650 29.31750 29.30880 29.30300 29.30070 29.30120 29.30500 29.31270 29.32210 29.32960 29.33200 29.32630 29.30980 29.28430 29.25920 29.23650 29.21050 29.17910 29.14390 29.10770 29.07170
29.27610 29.28350 29.28860 29.29100 29.29520 29.30320 29.31170 29.32060 29.33470 29.35290 29.37020 29.38660 29.40420 29.42230 29.43920 29.45350 29.46420 29.47080 29.47350 29.47370 29.47220 29.46910 29.46550 29.46310 29.46120 29.45820 29.45490 29.45190 29.44840 29.44380 29.43890 29.43380 29.42650 29.41750 29.40860 29.39980 29.39030 29.38040 29.37100 29.36140 29.35160 29.34320 29.33620 29.32740 29.31710 29.31010 29.30700 29.30510 29.30540 29.31070 29.31880 29.32620 29.33030 29.32820 29.31610 29.29380 29.26760 29.24090 29.21270 29.18080 29.14260 29.10070 29.05790
29.27000 29.27800 29.28380 29.28660 29.29030 29.29690 29.30390 29.31160 29.32320 29.33820 29.35380 29.36930 29.38530 29.40260 29.42130 29.43930 29.45410 29.46470 29.47100 29.47420 29.47520 29.47450 29.47280 29.47060 29.46840 29.46600 29.46300 29.45930 29.45490 29.45000 29.44490 29.43910 29.43130 29.42200 29.41310 29.40450 29.39520 29.38560 29.37630 29.36680 29.35670 29.34790 29.34090 29.33220 29.32200 29.31490 29.31130 29.30790 29.30630 29.31000 29.31680 29.32310 29.32750 29.32790 29.31900 29.29890 29.27130 29.23980 29.20620 29.17000 29.12940 29.08520 29.03880
29.26910 29.27260 29.27710 29.28270 29.28770 29.29160 29.29670 29.30440 29.31450 29.32660 29.34020 29.35440 29.36850 29.38410 29.40270 29.42200 29.43940 29.45320 29.46260 29.46830 29.47150 29.47380 29.47470 29.47310 29.47050 29.46890 29.46710 29.46320 29.45810 29.45270 29.44710 29.44100 29.43290 29.42330 29.41440 29.40590 29.39640 29.38640 29.37670 29.36740 29.35820 29.34960 29.34150 29.33280 29.32410 29.31790 29.31400 29.31020 29.30810 29.31100 29.31660 29.32120 29.32500 29.32660 29.31910 29.29910 29.27000 29.23460 29.19470 29.15250 29.11040 29.06750 29.02230
29.26240 29.26850 29.27410 29.27910 29.28390 29.28870 29.29420 29.30090 29.30980 29.32050 29.33170 29.34320 29.35570 29.37030 29.38770 29.40610 29.42340 29.43820 29.44940 29.45730 29.46270 29.46680 29.46950 29.46980 29.46840 29.46680 29.46460 29.46140 29.45650 29.45000 29.44380 29.43800 29.43030 29.42090 29.41210 29.40360 29.39380 29.38350 29.37390 29.36500 29.35640 29.34810 29.34010 29.33200 29.32450 29.31940 29.31620 29.31270 29.31040 29.31190 29.31580 29.31970 29.32310 29.32430 29.31650 29.29620 29.26630 29.22920 29.18610 29.14070 29.09740 29.05680 29.01780
29.25000 29.26320 29.27240 29.27630 29.28020 29.28710 29.29400 29.30030 29.30830 29.31790 29.32690 29.33620 29.34760 29.36140 29.37710 29.39330 29.40890 29.42310 29.43520 29.44460 29.45140 29.45620 29.45970 29.46220 29.46290 29.46080 29.45780 29.45570 29.45170 29.44460 29.43780 29.43220 29.42510 29.41640 29.40810 29.39990 29.39030 29.38010 29.37090 29.36230 29.35360 29.34560 29.33840 29.33090 29.32380 29.31960 29.31740 29.31440 29.31140 29.31110 29.31340 29.31700 29.32000 29.31970 29.31100 29.29110 29.26140 29.22390 29.18080 29.13550 29.09210 29.05360 29.02200
29.23640 29.25330 29.26660 29.27430 29.27930 29.28470 29.29180 29.30040 29.30820 29.31520 29.32300 29.33230 29.34300 29.35540 29.36930 29.38360 29.39720 29.41060 29.42330 29.43320 29.44000 29.44520 29.44950 29.45290 29.45440 29.45320 29.45110 29.44980 29.44660 29.44000 29.43310 29.42700 29.42010 29.41220 29.40470 29.39720 29.38870 29.37950 29.37030 29.36130 29.35270 29.34480 29.33730 29.32970 29.32270 29.31860 29.31640 29.31310 29.30940 29.30790 29.30880 29.31120 29.31310 29.31150 29.30270 29.28430 29.25550 29.21830 29.17650 29.13320 29.09120 29.05450 29.02700
29.22470 29.24220 29.25780 29.26980 29.27690 29.28050 29.28730 29.29780 29.30540 29.31030 29.31740 29.32710 29.33740 29.34820 29.36010 29.37240 29.38480 29.39790 29.41090 29.42100 29.42790 29.43380 29.43910 29.44310 29.44510 29.44510 29.44450 29.44390 29.44140 29.43590 29.42940 29.42280 29.41560 29.40820 29.40110 29.39430 29.38680 29.37840 29.36900 29.35970 29.35130 29.34330 29.33520 29.32710 29.31970 29.31480 29.31170 29.30780 29.30360 29.30120 29.30080 29.30160 29.30210 29.30010 29.29230 29.27570 29.24890 29.21360 29.17460 29.13430 29.09430 29.05880 29.03250
29.21670 29.23400 29.24940 29.26140 29.26920 29.27430 29.28130 29.29040 29.29750 29.30240 29.30880 29.31710 29.32660 29.33640 29.34590 29.35610 29.36800 29.38120 29.39460 29.40560 29.41370 29.42080 29.42740 29.43280 29.43610 29.43690 29.43680 29.43690 29.43520 29.43060 29.42470 29.41840 29.41100 29.40300 29.39580 29.38890 29.38120 29.37260 29.36340 29.35440 29.34600 29.33800 29.33000 29.32150 29.31310 29.30690 29.30260 29.29820 29.29380 29.29060 29.28880 29.28790 29.28770 29.28680 29.28040 29.26550 29.24190 29.21130 29.17680 29.13980 29.10150 29.06650 29.04020
29.21180 29.23000 29.24520 29.25580 29.26290 29.26850 29.27460 29.28140 29.28740 29.29260 29.29790 29.30440 29.31250 29.32100 29.32850 29.33690 29.34780 29.36110 29.37510 29.38710 29.39650 29.40510 29.41320 29.42030 29.42520 29.42690 29.42710 29.42730 29.42600 29.42220 29.41700 29.41110 29.40350 29.39490 29.38710 29.37980 29.37170 29.36290 29.35360 29.34470 29.33640 29.32860 29.32070 29.31200 29.30310 29.29580 29.29030 29.28520 29.28040 29.27650 29.27380 29.27240 29.27250 29.27250 29.26780 29.25520 29.23610 29.21140 29.18110 29.14680 29.11120 29.07790 29.05050
29.21100 29.23040 29.24640 29.25670 29.26210 29.26500 29.26860 29.27390 29.27860 29.28240 29.28640 29.29140 29.29730 29.30370 29.31020 29.31740 29.32620 29.33850 29.35340 29.36640 29.37630 29.38600 29.39570 29.40410 29.41010 29.41320 29.41410 29.41380 29.41230 29.40940 29.40500 29.39900 29.39130 29.38260 29.37420 29.36620 29.35830 29.34970 29.33980 29.33020 29.32200 29.31440 29.30640 29.29780 29.28920 29.28160 29.27520 29.26930 29.26390 29.25930 29.25660 29.25630 29.25740 29.25790 29.25450 29.24570 29.23210 29.21290 29.18560 29.15310 29.12170 29.09200 29.06270
29.21960 29.23490 29.24790 29.25690 29.26190 29.26410 29.26620 29.26930 29.27210 29.27430 29.27610 29.27820 29.28120 29.28560 29.29150 29.29770 29.30410 29.31470 29.32980 29.34330 29.35380 29.36430 29.37530 29.38480 29.39170 29.39560 29.39690 29.39610 29.39440 29.39210 29.38840 29.38250 29.37500 29.36630 29.35750 29.34880 29.34030 29.33110 29.32050 29.31030 29.30190 29.29420 29.28620 29.27780 29.26950 29.26190 29.25530 29.24920 29.24370 29.23930 29.23720 29.23800 29.24020 29.24170 29.24070 29.23620 29.22800 29.21380 29.19010 29.16000 29.13150 29.10390 29.07390
29.23690 29.24350 29.24970 29.25560 29.26180 29.26770 29.27040 29.26960 29.26910 29.26910 29.26800 29.26630 29.26590 29.26810 29.27320 29.27820 29.28230 29.29070 29.30450 29.31800 29.32940 29.34080 29.35250 29.36300 29.37080 29.37480 29.37570 29.37480 29.37300 29.37070 29.36730 29.36210 29.35490 29.34630 29.33730 29.32810 29.31790 29.30700 29.29600 29.28560 29.27640 29.26840 29.26090 29.25290 29.24430 29.23670 29.23040 29.22480 29.22000 29.21680 29.21570 29.21690 29.22000 29.22400 29.22670 29.22650 29.22280 29.21350 29.19490 29.16910 29.14150 29.11340 29.08460
29.25340 29.25660 29.25950 29.26290 29.27010 29.28010 29.28360 29.27840 29.27130 29.26580 29.26220 29.25920 29.25550 29.25390 29.25660 29.25980 29.26160 29.26710 29.27840 29.29110 29.30330 29.31580 29.32830 29.33940 29.34790 29.35260 29.35370 29.35180 29.34890 29.34590 29.34220 29.33720 29.33050 29.32250 29.31360 29.30380 29.29250 29.28050 29.26890 29.25800 29.24820 29.24020 29.23370 29.22640 29.21760 29.20980 29.20350 29.19810 29.19400 29.19250 29.19300 29.19500 29.19950 29.20650 29.21300 29.21690 29.21740 29.21310 29.20100 29.18110 29.15560 29.12750 29.10000
