data_raster/melanesia/PNMC_temperatures_2021/temperature-202108.grd
DSAA																																																																																																																																																																																																																																																																																																																																																																																																																											
412	268																																																																																																																																																																																																																																																																																																																																																																																																																										
156	174.5																																																																																																																																																																																																																																																																																																																																																																																																																										
-26.5	-14.5																																																																																																																																																																																																																																																																																																																																																																																																																										
19.0 30.5																																																																																																																																																																																																																																																																																																																																																																																																																										
[rows 0 to 27 of 268, columns 189 to 251 of 412]
20.41880 20.42630 20.43910 20.45450 20.47050 20.48750 20.50840 20.53040 20.54740 20.55990 20.57140 20.58390 20.59880 20.61740 20.64180 20.67640 20.72140 20.76990 20.81140 20.83390 20.84700 20.87150 20.90190 20.92630 20.95890 21.01670 21.10250 21.20710 21.30340 21.37580 21.42620 21.45610 21.46540 21.45840 21.44330 21.43940 21.45920 21.46680 21.42700 21.33940 21.21610 21.08070 20.95460 20.85530 20.78390 20.73070 20.70260 20.71060 20.73870 20.76540 20.78600 20.79620 20.78360 20.75070 20.72480 20.72040 20.73500 20.75940 20.78050 20.79100 20.78810 20.77450 20.75450
20.44150 20.45730 20.47640 20.49660 20.52050 20.54780 20.57450 20.59840 20.61850 20.63400 20.64460 20.65630 20.67510 20.70200 20.73640 20.77710 20.82050 20.85930 20.88820 20.90500 20.91570 20.93070 20.95020 20.97330 21.01360 21.08230 21.16930 21.26050 21.34180 21.40460 21.44720 21.46860 21.46890 21.45480 21.43780 21.43090 21.44180 21.45280 21.44140 21.39040 21.29760 21.18570 21.07500 20.97950 20.90260 20.84140 20.80340 20.79860 20.81520 20.83540 20.84590 20.83960 20.82090 20.79810 20.78320 20.78460 20.80550 20.83360 20.84830 20.84630 20.83320 20.81320 20.78950
20.48410 20.50860 20.53440 20.55920 20.58760 20.61900 20.64700 20.67130 20.69530 20.71650 20.73120 20.74650 20.77090 20.80370 20.84210 20.88230 20.91930 20.94640 20.96280 20.97390 20.98250 20.98990 21.00220 21.02790 21.07650 21.15090 21.23400 21.31060 21.37670 21.42900 21.46350 21.47830 21.47430 21.45840 21.44070 21.43050 21.43380 21.44550 21.45260 21.42840 21.36180 21.27330 21.18100 21.09570 21.02250 20.96210 20.91960 20.90010 20.89820 20.90360 20.90190 20.88570 20.86710 20.85450 20.84650 20.84670 20.86400 20.88740 20.89430 20.88420 20.86610 20.84360 20.81860
20.55840 20.59120 20.62330 20.65190 20.67950 20.70630 20.72980 20.75300 20.78170 20.81180 20.83670 20.86160 20.89330 20.92780 20.96070 20.99070 21.01530 21.02870 21.03340 21.03940 21.04640 21.04960 21.06040 21.09420 21.15080 21.22270 21.29490 21.35660 21.40830 21.44910 21.47500 21.48550 21.48380 21.47290 21.45630 21.44270 21.44060 21.44900 21.45890 21.44600 21.39870 21.33240 21.26130 21.19430 21.13630 21.08870 21.04940 21.01520 20.98820 20.96990 20.95440 20.93800 20.92760 20.92370 20.91600 20.90580 20.90670 20.91430 20.91200 20.89960 20.88330 20.86350 20.84020
20.65520 20.69210 20.72670 20.75600 20.77990 20.80020 20.82040 20.84470 20.87710 20.91330 20.94680 20.98050 21.01740 21.04940 21.07080 21.08720 21.10000 21.10310 21.09970 21.10250 21.10970 21.11230 21.12480 21.16620 21.22660 21.29070 21.35110 21.40340 21.44560 21.47610 21.49310 21.49900 21.49970 21.49420 21.47910 21.46320 21.45750 21.45980 21.46230 21.45030 21.41650 21.36800 21.31350 21.26100 21.21580 21.18010 21.14740 21.10900 21.06990 21.03840 21.01620 21.00340 20.99890 20.99680 20.98490 20.96450 20.95110 20.94450 20.93410 20.91930 20.90390 20.88590 20.86420
20.76900 20.80320 20.83470 20.86070 20.88040 20.89710 20.91820 20.94620 20.97930 21.01460 21.04940 21.08530 21.12200 21.14790 21.15760 21.16350 21.17080 21.17030 21.16440 21.16690 21.17570 21.18070 21.19560 21.23850 21.29610 21.35120 21.40400 21.45380 21.49210 21.51460 21.52260 21.52220 21.52150 21.51790 21.50400 21.48780 21.48000 21.47580 21.46770 21.45240 21.42710 21.38970 21.34300 21.29510 21.25290 21.22110 21.19440 21.16450 21.13360 21.10760 21.08960 21.08010 21.07470 21.06740 21.05040 21.02660 21.00920 20.99750 20.98190 20.96260 20.94370 20.92370 20.90170
20.90560 20.93220 20.95630 20.97670 20.99230 21.00650 21.02760 21.05540 21.08400 21.11250 21.14190 21.17220 21.20110 21.21950 21.22440 21.22820 21.23560 21.23770 21.23520 21.23920 21.24900 21.25800 21.27450 21.30990 21.35760 21.40800 21.45860 21.50530 21.53860 21.55400 21.55410 21.54700 21.54340 21.54060 21.52980 21.51610 21.50730 21.49850 21.48400 21.46570 21.44300 21.40970 21.36600 21.32010 21.27970 21.25040 21.22810 21.20540 21.18360 21.16640 21.15580 21.15120 21.14690 21.13750 21.11950 21.09620 21.07790 21.06410 21.04690 21.02650 21.00610 20.98510 20.96310
21.05580 21.07270 21.08800 21.10260 21.11520 21.12770 21.14550 21.16740 21.18760 21.20600 21.22490 21.24320 21.25910 21.27120 21.28020 21.29050 21.30270 21.31120 21.31590 21.32250 21.33260 21.34480 21.36010 21.38150 21.41510 21.46340 21.51310 21.55200 21.57570 21.58320 21.57750 21.56680 21.56220 21.56140 21.55530 21.54580 21.53730 21.52730 21.51260 21.49400 21.47060 21.43710 21.39460 21.35200 21.31600 21.29060 21.27090 21.24910 21.22890 21.21640 21.21210 21.21350 21.21440 21.20940 21.19440 21.17220 21.15190 21.13520 21.11890 21.10190 21.08390 21.06480 21.04430
21.19200 21.20150 21.21030 21.22090 21.23270 21.24550 21.25980 21.27430 21.28650 21.29540 21.30140 21.30570 21.31080 21.32080 21.33790 21.35860 21.37880 21.39410 21.40480 21.41520 21.42660 21.43770 21.44730 21.45660 21.47750 21.51680 21.55760 21.58480 21.59570 21.59320 21.58490 21.57800 21.57810 21.58110 21.57900 21.57280 21.56630 21.55800 21.54550 21.52950 21.50830 21.47620 21.43460 21.39450 21.36200 21.33890 21.32030 21.29960 21.28200 21.27430 21.27490 21.27970 21.28420 21.28320 21.27040 21.24740 21.22410 21.20470 21.18930 21.17530 21.15970 21.14290 21.12570
21.30070 21.30640 21.31190 21.32070 21.33280 21.34620 21.35720 21.36540 21.37220 21.37560 21.37270 21.36830 21.36940 21.38180 21.40680 21.43620 21.46250 21.48140 21.49410 21.50660 21.51760 21.52200 21.52280 21.52630 21.53890 21.56280 21.58720 21.60170 21.60080 21.58900 21.58200 21.58520 21.59370 21.60080 21.60030 21.59520 21.59060 21.58460 21.57480 21.56350 21.54900 21.52140 21.48120 21.44190 21.41030 21.38700 21.36880 21.35210 21.34040 21.33790 21.34080 21.34480 21.34870 21.34850 21.33550 21.31020 21.28280 21.25980 21.24390 21.23180 21.21860 21.20510 21.19250
21.38060 21.38560 21.39020 21.39790 21.40840 21.41920 21.42590 21.42940 21.43380 21.43800 21.43860 21.43910 21.44480 21.46190 21.49140 21.52210 21.54570 21.56160 21.57170 21.57960 21.58280 21.57640 21.56940 21.57340 21.58380 21.59330 21.60190 21.60730 21.60080 21.58640 21.58460 21.59800 21.61280 21.62090 21.61950 21.61290 21.60700 21.60070 21.59320 21.58780 21.58180 21.56050 21.52250 21.48260 21.44920 21.42430 21.40710 21.39570 21.39020 21.39000 21.39130 21.39090 21.39060 21.38820 21.37440 21.34770 21.31510 21.28570 21.26810 21.25940 21.25210 21.24460 21.23700
21.43670 21.44360 21.44890 21.45510 21.46150 21.46670 21.46820 21.46900 21.47540 21.48730 21.50170 21.51640 21.53130 21.55260 21.58110 21.60430 21.61630 21.62380 21.62830 21.62610 21.61630 21.60210 21.59430 21.60280 21.61420 21.61510 21.61250 21.61110 21.60370 21.59350 21.59840 21.61760 21.63390 21.64020 21.63690 21.62800 21.61820 21.60940 21.60300 21.60250 21.60380 21.59000 21.55640 21.51450 21.47570 21.44910 21.43500 21.42930 21.42790 21.42720 21.42480 21.42000 21.41520 21.40890 21.39270 21.36420 21.32840 21.29670 21.28210 21.28030 21.27990 21.27770 21.27340
21.47680 21.48790 21.49490 21.49830 21.49910 21.49780 21.49440 21.49490 21.50900 21.53470 21.56450 21.59240 21.61520 21.63700 21.65830 21.66730 21.66280 21.65960 21.65820 21.64430 21.62340 21.61290 21.61640 21.62970 21.64080 21.64000 21.63210 21.62270 21.61450 21.61200 21.62200 21.64020 21.65310 21.65670 21.65250 21.64280 21.62990 21.61800 21.61140 21.61260 21.61750 21.61090 21.58450 21.53950 21.49160 21.46430 21.45680 21.45590 21.45560 21.45290 21.44870 21.44390 21.43800 21.42770 21.40560 21.37310 21.34090 21.31990 21.31870 21.32730 21.33010 21.32710 21.32320
21.51090 21.52580 21.53320 21.53230 21.52700 21.52060 21.51600 21.52110 21.54580 21.58390 21.62260 21.65610 21.68170 21.70060 21.71140 21.70650 21.68850 21.67560 21.66730 21.64480 21.62050 21.62350 21.64420 21.65970 21.66630 21.66530 21.65470 21.63740 21.62760 21.63180 21.64520 21.66050 21.66990 21.67180 21.66810 21.65860 21.64380 21.63040 21.62440 21.62600 21.63010 21.62360 21.59730 21.54830 21.49580 21.47300 21.47460 21.47720 21.47560 21.47120 21.46710 21.46450 21.45990 21.44740 21.41970 21.38410 21.36300 21.36250 21.37560 21.38850 21.38810 21.38160 21.37980
21.54710 21.56260 21.56750 21.56150 21.55070 21.54210 21.54290 21.55870 21.59220 21.63400 21.67030 21.69930 21.72180 21.73540 21.73740 21.72520 21.70280 21.68340 21.66700 21.64230 21.62560 21.64510 21.67920 21.69250 21.69010 21.68400 21.66970 21.64820 21.63700 21.64350 21.65910 21.67550 21.68560 21.68810 21.68500 21.67560 21.66010 21.64750 21.64470 21.64720 21.64570 21.62680 21.58660 21.53430 21.49010 21.47900 21.48920 21.49300 21.48900 21.48430 21.48130 21.48020 21.47690 21.46520 21.43700 21.40470 21.40010 21.41980 21.43610 21.43910 21.43030 21.42320 21.42960
21.58350 21.59790 21.59950 21.58920 21.57570 21.56860 21.57750 21.60320 21.63960 21.67730 21.70690 21.72930 21.74700 21.75680 21.75500 21.74080 21.71740 21.69300 21.67150 21.65240 21.64810 21.67480 21.70880 21.71730 21.70740 21.69350 21.67630 21.65790 21.64940 21.65600 21.67360 21.69390 21.70590 21.70790 21.70330 21.69270 21.67730 21.66610 21.66440 21.66280 21.64970 21.61490 21.56290 21.51620 21.48930 21.48810 21.49840 21.49930 21.49310 21.48860 21.48730 21.48760 21.48520 21.47540 21.45530 21.43720 21.44680 21.47270 21.48020 21.46950 21.45700 21.45510 21.47010
21.61660 21.63000 21.62970 21.61790 21.60610 21.60440 21.62000 21.64890 21.68050 21.70970 21.73480 21.75510 21.77010 21.77860 21.77820 21.76390 21.73700 21.70850 21.68760 21.67970 21.68670 21.70600 21.72420 21.72620 21.71340 21.69310 21.67600 21.66870 21.66900 21.67700 21.69650 21.72020 21.73170 21.72950 21.72040 21.70730 21.69230 21.68080 21.67420 21.66120 21.63290 21.58950 21.54220 21.51250 21.50350 21.50320 21.50270 21.49700 21.48930 21.48480 21.48480 21.48750 21.48570 21.47810 21.47380 21.47870 21.49370 21.50640 21.49890 21.48190 21.47670 21.48550 21.50340
21.64420 21.65690 21.65660 21.64730 21.64200 21.64880 21.66860 21.69520 21.71890 21.73970 21.76170 21.78120 21.79380 21.79940 21.79680 21.77950 21.74900 21.71880 21.70090 21.70370 21.71980 21.73210 21.73410 21.72490 21.70620 21.68360 21.67100 21.67530 21.68650 21.70000 21.72080 21.74250 21.74970 21.74250 21.72960 21.71500 21.70020 21.68540 21.66860 21.64370 21.60900 21.57200 21.54170 21.52730 21.52450 21.51940 21.50990 21.49970 21.49140 21.48670 21.48670 21.48980 21.49030 21.48900 21.49750 21.51540 21.52780 21.52700 21.51260 21.49930 21.50450 21.52140 21.53820
21.66530 21.67800 21.67980 21.67620 21.68000 21.69550 21.71670 21.73790 21.75480 21.77030 21.78920 21.80660 21.81610 21.81590 21.80470 21.78140 21.74980 21.72120 21.70680 21.71480 21.73500 21.74600 21.73900 21.71400 21.68550 21.66820 21.66590 21.67740 21.69650 21.71770 21.73730 21.75030 21.75030 21.74010 21.72690 21.71310 21.69820 21.67820 21.65060 21.62070 21.59420 21.57600 21.56540 21.55620 21.54570 21.53500 21.52460 21.51480 21.50690 21.50190 21.49990 21.50080 21.50490 21.51290 21.52570 21.53960 21.54620 21.54380 21.53650 21.53420 21.54600 21.56420 21.57850
21.68070 21.69470 21.70010 21.70220 21.71210 21.73130 21.75060 21.76610 21.77900 21.79210 21.80820 21.82260 21.82950 21.82540 21.80900 21.78300 21.75330 21.73040 21.72100 21.72700 21.73870 21.74000 21.72180 21.68430 21.65420 21.65400 21.66850 21.68400 21.70320 21.72450 21.73770 21.73970 21.73360 21.72380 21.71400 21.70320 21.68800 21.66560 21.63680 21.61300 21.60100 21.59720 21.59460 21.58460 21.56840 21.55480 21.54510 21.53700 21.52980 21.52380 21.51940 21.51800 21.52300 21.53450 21.54710 21.55700 21.56310 21.56630 21.56970 21.57690 21.59070 21.60640 21.61920
21.69160 21.70760 21.71710 21.72320 21.73450 21.75200 21.76750 21.77930 21.79080 21.80330 21.81660 21.82750 21.83160 21.82590 21.80920 21.78470 21.75900 21.74350 21.73960 21.73840 21.73230 21.71490 21.68380 21.64360 21.62410 21.64570 21.67690 21.69400 21.70660 21.71860 21.72130 21.71470 21.70680 21.70130 21.69800 21.69170 21.67750 21.65780 21.63830 21.62800 21.62840 21.62790 21.62020 21.60770 21.59330 21.58040 21.57030 21.56270 21.55570 21.54750 21.54060 21.53790 21.54090 21.54950 21.56100 21.57300 21.58380 21.59360 21.60410 21.61570 21.62840 21.64130 21.65390
21.69920 21.71680 21.72910 21.73740 21.74880 21.76420 21.77760 21.78820 21.79910 21.81060 21.82090 21.82710 21.82600 21.81540 21.79560 21.77110 21.74900 21.73830 21.73630 21.72840 21.70930 21.68050 21.64740 21.61900 21.61490 21.64460 21.67870 21.69510 21.70130 21.70250 21.69660 21.68730 21.68370 21.68620 21.69030 21.68960 21.67990 21.66700 21.65830 21.65700 21.66080 21.65820 21.64610 21.63210 21.61980 21.60940 21.60050 21.59240 21.58320 21.57160 21.56170 21.55720 21.55940 21.56740 21.57860 21.59080 21.60260 21.61420 21.62690 21.64000 21.65230 21.66420 21.67650
21.70180 21.71910 21.73200 21.74070 21.75180 21.76650 21.77960 21.79020 21.80030 21.80950 21.81600 21.81680 21.80880 21.79140 21.76680 21.74260 21.72500 21.71680 21.71260 21.70010 21.67690 21.64830 21.62420 21.61510 21.62440 21.64920 21.67460 21.68890 21.69220 21.68720 21.67830 21.67200 21.67550 21.68610 21.69580 21.69960 21.69600 21.69080 21.68940 21.69040 21.69030 21.68430 21.67230 21.65920 21.64850 21.64140 21.63560 21.62690 21.61450 21.59950 21.58590 21.57830 21.57950 21.58860 21.59890 21.60770 21.61650 21.62640 21.63840 21.65140 21.66420 21.67640 21.68770
21.69570 21.71020 21.72100 21.72860 21.73860 21.75210 21.76430 21.77400 21.78230 21.78840 21.79010 21.78540 21.77260 21.75250 21.72910 21.71140 21.70290 21.69790 21.68990 21.67380 21.65130 21.62910 21.61610 21.61990 21.63570 21.65590 21.67450 21.68710 21.69120 21.68820 21.68330 21.68220 21.68970 21.70240 21.71260 21.71740 21.71680 21.71590 21.71780 21.71880 21.71530 21.70700 21.69580 21.68630 21.68040 21.67770 21.67460 21.66680 21.65370 21.63680 21.61990 21.60700 21.60290 21.60740 21.61320 21.61800 21.62550 21.63600 21.64760 21.65960 21.67180 21.68310 21.69220
21.68260 21.69310 21.70070 21.70650 21.71500 21.72670 21.73690 21.74440 21.75030 21.75320 21.75100 21.74280 21.72900 21.71180 21.69520 21.68690 21.68700 21.68400 21.67280 21.65580 21.63790 21.62530 21.62220 21.63080 21.64690 21.66540 21.68210 21.69450 21.70200 21.70570 21.70780 21.71100 21.71750 21.72570 21.73170 21.73440 21.73420 21.73440 21.73650 21.73680 21.73260 21.72490 21.71680 21.71310 21.71410 21.71590 21.71530 21.70980 21.69870 21.68250 21.66370 21.64620 21.63490 21.63100 21.62930 21.62900 21.63380 21.64310 21.65330 21.66330 21.67360 21.68290 21.69050
21.66650 21.67410 21.67960 21.68450 21.69170 21.70100 21.70880 21.71390 21.71730 21.71810 21.71460 21.70710 21.69690 21.68620 21.67790 21.67500 21.67550 21.67060 21.65860 21.64570 21.63680 21.63490 21.63990 21.64970 21.66350 21.68010 21.69670 21.71100 21.72270 21.73150 21.73780 21.74170 21.74330 21.74330 21.74290 21.74230 21.74200 21.74240 21.74320 21.74230 21.73920 21.73660 21.73670 21.74060 21.74670 21.75230 21.75480 21.75250 21.74470 21.73120 21.71390 21.69550 21.68040 21.67020 21.66120 21.65290 21.64830 21.64850 21.65310 21.66010 21.66730 21.67450 21.68200
21.65050 21.65650 21.66150 21.66680 21.67330 21.68050 21.68610 21.68940 21.69120 21.69120 21.68850 21.68370 21.67830 21.67390 21.67170 21.67030 21.66790 21.66210 21.65450 21.64980 21.65020 21.65580 21.66440 21.67380 21.68500 21.69930 21.71490 21.73000 21.74300 21.75300 21.75910 21.76080 21.75800 21.75280 21.74810 21.74480 21.74240 21.74110 21.74050 21.74030 21.74110 21.74620 21.75570 21.76620 21.77600 21.78450 21.79010 21.79100 21.78670 21.77730 21.76370 21.74810 21.73400 21.72230 21.70970 21.69500 21.68010 21.66940 21.66790 21.67100 21.67150 21.67210 21.67700
21.63670 21.64240 21.64820 21.65490 21.66170 21.66750 21.67160 21.67430 21.67610 21.67660 21.67500 21.67230 21.66960 21.66800 21.66770 21.66690 21.66530 21.66500 21.66710 21.67180 21.67800 21.68440 21.69100 21.69870 21.70810 21.71940 21.73140 21.74270 21.75230 21.75910 21.76160 21.76060 21.75830 21.75570 21.75230 21.74720 21.73980 21.73420 21.73390 21.73780 21.74540 21.75740 21.77260 21.78720 21.79960 21.81030 21.81820 21.82180 21.82080 21.81550 21.80670 21.79610 21.78670 21.77900 21.76860 21.75370 21.73530 21.72020 21.71670 21.71600 21.70510 21.69240 21.68940
