data_raster/melanesia/PNMC_temperatures_2021/temperature-202112.grd
DSAA																																																																																																																																																																																																																																																																																																																																																																																																																											
412	268																																																																																																																																																																																																																																																																																																																																																																																																																										
156	174.5																																																																																																																																																																																																																																																																																																																																																																																																																										
-26.5	-14.5																																																																																																																																																																																																																																																																																																																																																																																																																										
19.0 30.5																																																																																																																																																																																																																																																																																																																																																																																																																										
[rows 196 to 223 of 268, columns 63 to 125 of 412]
28.84750 28.79890 28.74460 28.69180 28.64710 28.61050 28.57270 28.52990 28.48460 28.44050 28.40200 28.37040 28.34630 28.33020 28.32200 28.31930 28.31920 28.31750 28.31370 28.31180 28.31250 28.31400 28.31490 28.31410 28.30950 28.30010 28.29070 28.28600 28.28650 28.29190 28.30260 28.31460 28.32000 28.31730 28.31110 28.30480 28.30040 28.29450 28.28380 28.27220 28.26390 28.26080 28.26530 28.28130 28.30680 28.33300 28.35970 28.39180 28.42850 28.46710 28.50780 28.55090 28.59210 28.62780 28.65700 28.68000 28.69900 28.71530 28.72940 28.74250 28.75580 28.77150 28.79120
28.87570 28.82540 28.77050 28.71750 28.66970 28.62690 28.58500 28.54160 28.49670 28.45300 28.41430 28.38260 28.35840 28.34170 28.33190 28.32780 28.32680 28.32480 28.32080 28.31800 28.31740 28.31750 28.31720 28.31610 28.31150 28.30210 28.29260 28.28770 28.28770 28.29250 28.30360 28.31710 28.32310 28.32000 28.31350 28.30680 28.30150 28.29540 28.28620 28.27740 28.27230 28.27240 28.27900 28.29390 28.31580 28.34000 28.36660 28.39840 28.43560 28.47690 28.52190 28.56930 28.61440 28.65300 28.68360 28.70640 28.72360 28.73800 28.75200 28.76670 28.78270 28.80100 28.82250
28.90240 28.84750 28.79120 28.74050 28.69190 28.64330 28.59720 28.55320 28.50820 28.46420 28.42620 28.39570 28.37250 28.35540 28.34350 28.33700 28.33450 28.33210 28.32820 28.32520 28.32370 28.32240 28.32070 28.31830 28.31290 28.30310 28.29370 28.28920 28.28910 28.29340 28.30430 28.31820 28.32440 28.32150 28.31580 28.30960 28.30320 28.29640 28.28910 28.28320 28.28070 28.28330 28.29190 28.30610 28.32500 28.34760 28.37410 28.40560 28.44310 28.48690 28.53580 28.58720 28.63580 28.67680 28.70830 28.73080 28.74730 28.76160 28.77730 28.79540 28.81480 28.83600 28.85900
28.92980 28.87020 28.81050 28.75990 28.71100 28.66000 28.61120 28.56510 28.51910 28.47500 28.43810 28.40890 28.38620 28.36820 28.35410 28.34500 28.34080 28.33780 28.33410 28.33100 28.32880 28.32670 28.32430 28.32080 28.31440 28.30380 28.29420 28.29010 28.28980 28.29320 28.30390 28.31870 28.32570 28.32370 28.31930 28.31410 28.30690 28.29930 28.29370 28.29040 28.29020 28.29490 28.30520 28.31870 28.33520 28.35610 28.38250 28.41450 28.45340 28.50000 28.55220 28.60650 28.65680 28.69820 28.72920 28.75160 28.77020 28.78870 28.80910 28.83130 28.85450 28.87790 28.90090
28.95860 28.89560 28.83090 28.77620 28.72600 28.67580 28.62610 28.57750 28.53030 28.48690 28.45060 28.42160 28.39830 28.37920 28.36310 28.35180 28.34560 28.34160 28.33800 28.33470 28.33200 28.32980 28.32740 28.32360 28.31650 28.30520 28.29530 28.29120 28.29070 28.29340 28.30430 28.32020 28.32840 28.32750 28.32460 28.32040 28.31270 28.30460 28.29990 28.29860 28.30040 28.30690 28.31790 28.33060 28.34490 28.36430 28.39070 28.42440 28.46590 28.51540 28.57040 28.62670 28.67790 28.71920 28.75040 28.77450 28.79780 28.82290 28.84880 28.87490 28.90070 28.92500 28.94650
28.98710 28.92320 28.85310 28.79140 28.73780 28.68890 28.64000 28.59040 28.54360 28.50130 28.46420 28.43310 28.40860 28.38880 28.37190 28.35860 28.34940 28.34370 28.34020 28.33720 28.33410 28.33200 28.33000 28.32640 28.31930 28.30810 28.29830 28.29430 28.29410 28.29750 28.30870 28.32460 28.33340 28.33350 28.33150 28.32790 28.32020 28.31180 28.30710 28.30660 28.31010 28.31740 28.32780 28.33900 28.35170 28.37030 28.39720 28.43360 28.47870 28.53060 28.58760 28.64660 28.70050 28.74420 28.77950 28.80960 28.83840 28.86750 28.89640 28.92420 28.95010 28.97300 28.99240
29.01190 28.94870 28.87420 28.80520 28.74730 28.69940 28.65270 28.60460 28.55880 28.51670 28.47810 28.44470 28.41820 28.39730 28.38000 28.36540 28.35360 28.34610 28.34230 28.33920 28.33610 28.33400 28.33230 28.32930 28.32310 28.31280 28.30330 28.29900 28.29960 28.30470 28.31630 28.33070 28.33920 28.34040 28.33930 28.33590 28.32840 28.31970 28.31410 28.31370 28.31860 28.32630 28.33490 28.34420 28.35640 28.37570 28.40470 28.44490 28.49440 28.55000 28.61040 28.67320 28.73090 28.77880 28.81950 28.85560 28.88800 28.91780 28.94680 28.97430 28.99820 29.01850 29.03600
29.02900 28.96710 28.89040 28.81690 28.75620 28.70890 28.66570 28.62100 28.57520 28.53080 28.49160 28.45790 28.42880 28.40490 28.38660 28.37190 28.35970 28.35100 28.34570 28.34190 28.33880 28.33640 28.33460 28.33250 28.32760 28.31860 28.30930 28.30420 28.30520 28.31280 28.32430 28.33620 28.34390 28.34680 28.34710 28.34410 28.33650 28.32700 28.32010 28.31940 28.32590 28.33380 28.34040 28.34830 28.36130 28.38380 28.41770 28.46250 28.51720 28.57990 28.64720 28.71450 28.77570 28.82690 28.86950 28.90560 28.93720 28.96610 28.99360 29.01910 29.04090 29.05930 29.07530
29.03840 28.97880 28.90270 28.82780 28.76590 28.71980 28.68030 28.63950 28.59310 28.54550 28.50590 28.47270 28.44090 28.41350 28.39410 28.37970 28.36770 28.35820 28.35120 28.34610 28.34240 28.33970 28.33760 28.33560 28.33150 28.32340 28.31460 28.30900 28.31050 28.31960 28.33120 28.34170 28.34900 28.35320 28.35490 28.35260 28.34410 28.33310 28.32520 28.32460 28.33190 28.33970 28.34480 28.35270 28.36850 28.39590 28.43550 28.48580 28.54670 28.61750 28.69240 28.76400 28.82730 28.87900 28.91990 28.95220 28.98040 29.00690 29.03250 29.05620 29.07690 29.09460 29.11010
29.04180 28.98550 28.91250 28.83820 28.77700 28.73330 28.69710 28.65900 28.61260 28.56340 28.52300 28.48910 28.45520 28.42570 28.40550 28.39070 28.37760 28.36670 28.35850 28.35200 28.34720 28.34400 28.34160 28.33850 28.33330 28.32560 28.31780 28.31330 28.31510 28.32400 28.33630 28.34810 28.35600 28.36000 28.36280 28.36120 28.35080 28.33770 28.32980 28.32980 28.33670 28.34370 28.34880 28.35920 28.37990 28.41210 28.45650 28.51290 28.58060 28.65770 28.73740 28.81180 28.87490 28.92350 28.96040 28.98930 29.01410 29.03790 29.06210 29.08590 29.10680 29.12510 29.14120
29.04200 28.98700 28.91650 28.84490 28.78690 28.74650 28.71260 28.67600 28.63160 28.58450 28.54470 28.51000 28.47460 28.44350 28.42190 28.40530 28.39000 28.37670 28.36610 28.35820 28.35260 28.34910 28.34610 28.34160 28.33510 28.32710 28.31990 28.31610 28.31840 28.32750 28.34090 28.35430 28.36280 28.36650 28.36920 28.36730 28.35540 28.34080 28.33320 28.33340 28.33940 28.34650 28.35420 28.36890 28.39460 28.43210 28.48180 28.54380 28.61690 28.69830 28.78010 28.85410 28.91400 28.95790 28.99050 29.01670 29.03990 29.06270 29.08720 29.11210 29.13470 29.15450 29.17210
29.04120 28.98340 28.91290 28.84570 28.79310 28.75640 28.72410 28.68900 28.64920 28.60820 28.57140 28.53690 28.50090 28.46820 28.44350 28.42360 28.40520 28.38820 28.37370 28.36380 28.35820 28.35460 28.35080 28.34540 28.33810 28.32970 28.32200 28.31770 28.32070 28.33190 28.34620 28.35900 28.36750 28.37140 28.37300 28.36930 28.35680 28.34250 28.33490 28.33450 28.33990 28.34920 28.36220 28.38220 28.41240 28.45550 28.51130 28.57750 28.65330 28.73710 28.81910 28.88900 28.94360 28.98310 29.01250 29.03690 29.06070 29.08590 29.11250 29.13900 29.16390 29.18610 29.20510
29.03940 28.97700 28.90550 28.84350 28.79650 28.76270 28.73250 28.70070 28.66770 28.63420 28.60050 28.56610 28.53100 28.49850 28.47120 28.44650 28.42270 28.40110 28.38360 28.37140 28.36430 28.36010 28.35610 28.34980 28.34140 28.33260 28.32480 28.32060 28.32450 28.33720 28.35120 28.36210 28.36970 28.37400 28.37440 28.36880 28.35580 28.34200 28.33510 28.33530 28.34140 28.35350 28.37240 28.39890 28.43480 28.48210 28.54080 28.60960 28.68700 28.77050 28.85020 28.91620 28.96680 29.00360 29.03150 29.05570 29.08130 29.10990 29.13960 29.16880 29.19600 29.22010 29.23960
29.03470 28.96790 28.89710 28.84100 28.79890 28.76650 28.73890 28.71300 28.68780 28.66090 28.62950 28.59550 28.56240 28.53130 28.50190 28.47180 28.44110 28.41520 28.39640 28.38180 28.37080 28.36470 28.36060 28.35380 28.34470 28.33580 28.32890 28.32600 28.33060 28.34240 28.35460 28.36340 28.36990 28.37370 28.37340 28.36690 28.35310 28.33980 28.33500 28.33760 28.34570 28.36090 28.38470 28.41830 28.46090 28.50980 28.56700 28.63650 28.71550 28.79700 28.87330 28.93740 28.98700 29.02310 29.05120 29.07670 29.10470 29.13630 29.16940 29.20180 29.23110 29.25570 29.27460
29.02320 28.95400 28.88710 28.83970 28.80310 28.77080 28.74510 28.72540 28.70690 28.68540 28.65750 28.62560 28.59350 28.56120 28.52750 28.49260 28.45840 28.43020 28.40940 28.39210 28.37740 28.36680 28.35980 28.35470 28.34910 28.34140 28.33490 28.33310 28.33690 28.34530 28.35480 28.36300 28.36850 28.37080 28.36990 28.36360 28.35030 28.33830 28.33640 28.34220 28.35320 28.37200 28.40070 28.43940 28.48540 28.53370 28.58800 28.65700 28.73700 28.81840 28.89400 28.95770 29.00720 29.04320 29.07210 29.09980 29.13060 29.16540 29.20170 29.23660 29.26720 29.29170 29.30950
29.00560 28.93920 28.88050 28.84330 28.81150 28.77760 28.75250 28.73770 28.72410 28.70680 28.68410 28.65630 28.62400 28.58780 28.54870 28.51030 28.47560 28.44620 28.42210 28.40220 28.38470 28.36830 28.35640 28.35370 28.35360 28.34800 28.34150 28.33960 28.34140 28.34580 28.35320 28.36170 28.36650 28.36700 28.36580 28.36070 28.34900 28.33910 28.34020 28.34930 28.36340 28.38650 28.42020 28.46120 28.50590 28.55190 28.60430 28.67270 28.75380 28.83790 28.91570 28.97970 29.02880 29.06490 29.09500 29.12490 29.15870 29.19660 29.23550 29.27190 29.30280 29.32670 29.34310
28.98810 28.93350 28.88810 28.85760 28.82570 28.78810 28.76220 28.75050 28.74020 28.72620 28.70910 28.68610 28.65430 28.61600 28.57480 28.53420 28.49670 28.46410 28.43680 28.41440 28.39480 28.37500 28.35950 28.35520 28.35550 28.35140 28.34560 28.34250 28.34290 28.34660 28.35350 28.36140 28.36530 28.36540 28.36510 28.36150 28.35090 28.34230 28.34600 28.35820 28.37520 28.40230 28.44040 28.48190 28.52340 28.56650 28.61830 28.68820 28.77200 28.85920 28.93900 29.00310 29.05210 29.08930 29.12090 29.15260 29.18830 29.22830 29.26890 29.30630 29.33690 29.35930 29.37420
28.97810 28.93930 28.90760 28.88000 28.84460 28.80240 28.77430 28.76350 28.75470 28.74260 28.72890 28.71000 28.68130 28.64540 28.60650 28.56520 28.52330 28.48560 28.45440 28.42860 28.40640 28.38580 28.36890 28.35940 28.35500 28.35160 28.34790 28.34440 28.34420 28.34840 28.35490 28.36080 28.36410 28.36540 28.36700 28.36540 28.35620 28.34930 28.35560 28.37050 28.38990 28.41970 28.46020 28.50080 28.53840 28.57910 28.63160 28.70490 28.79300 28.88320 28.96410 29.02810 29.07700 29.11540 29.14850 29.18140 29.21840 29.25960 29.30120 29.33900 29.36850 29.38920 29.40300
28.98240 28.95290 28.92790 28.90230 28.86520 28.81950 28.78850 28.77620 28.76630 28.75330 28.73890 28.72210 28.70020 28.67220 28.63780 28.59770 28.55460 28.51280 28.47560 28.44370 28.41720 28.39580 28.37840 28.36410 28.35470 28.35210 28.35200 28.35080 28.34990 28.35090 28.35350 28.35710 28.36070 28.36420 28.36810 28.36910 28.36410 28.36180 28.37140 28.38850 28.40950 28.43990 28.47970 28.51750 28.55130 28.59040 28.64460 28.72210 28.81480 28.90800 28.99040 29.05470 29.10350 29.14160 29.17500 29.20910 29.24780 29.29060 29.33260 29.36930 29.39710 29.41650 29.43020
28.99480 28.96930 28.94620 28.92250 28.88620 28.83890 28.80470 28.78830 28.77480 28.75890 28.74260 28.72730 28.71330 28.69430 28.66520 28.62840 28.58760 28.54490 28.50290 28.46440 28.43190 28.40720 28.38840 28.37160 28.35930 28.35460 28.35510 28.35680 28.35710 28.35520 28.35450 28.35640 28.36000 28.36450 28.36880 28.37150 28.37220 28.37650 28.38990 28.40890 28.43100 28.46090 28.49810 28.53160 28.56120 28.59920 28.65630 28.73920 28.83740 28.93380 29.01730 29.08190 29.13010 29.16730 29.20080 29.23650 29.27750 29.32200 29.36400 29.39920 29.42510 29.44330 29.45720
29.00490 28.98340 28.96310 28.94140 28.90660 28.85990 28.82260 28.80020 28.78110 28.76220 28.74650 28.73450 28.72470 28.71060 28.68670 28.65510 28.61880 28.57940 28.53830 28.49660 28.45770 28.42640 28.40330 28.38640 28.37270 28.36040 28.35370 28.35540 28.35970 28.36230 28.36420 28.36610 28.36830 28.37050 28.37210 28.37420 28.37930 28.38970 28.40650 28.42710 28.45040 28.48010 28.51450 28.54300 28.56760 28.60460 28.66570 28.75620 28.86180 28.96090 29.04420 29.10810 29.15580 29.19290 29.22760 29.26570 29.30880 29.35440 29.39660 29.43100 29.45510 29.47160 29.48460
29.01280 28.99520 28.97810 28.95770 28.92480 28.88050 28.84120 28.81250 28.78770 28.76650 28.75250 28.74310 28.73360 28.72060 28.70170 28.67670 28.64640 28.61260 28.57620 28.53710 28.49690 28.45990 28.42990 28.40930 28.39230 28.37240 28.35740 28.35420 28.35860 28.36560 28.37260 28.37810 28.38190 28.38360 28.38340 28.38490 28.39270 28.40680 28.42570 28.44710 28.47060 28.49880 28.52970 28.55330 28.57390 28.61130 28.67750 28.77580 28.88790 28.98870 29.07090 29.13400 29.18170 29.21950 29.25550 29.29520 29.33980 29.38640 29.42820 29.46140 29.48400 29.49900 29.51050
29.02120 29.00570 28.99020 28.97040 28.93980 28.89900 28.85920 28.82570 28.79720 28.77480 28.76050 28.75020 28.73830 28.72490 28.71080 28.69280 28.66900 28.64100 28.61060 28.57970 28.54700 28.50980 28.47200 28.44100 28.41600 28.39430 28.37630 28.36380 28.35880 28.36200 28.37130 28.38330 28.39420 28.40130 28.40440 28.40760 28.41700 28.43230 28.45150 28.47240 28.49410 28.51880 28.54470 28.56390 28.58290 28.62360 28.69640 28.80060 28.91600 29.01690 29.09810 29.16130 29.20960 29.24800 29.28400 29.32350 29.36880 29.41620 29.45680 29.48740 29.50870 29.52310 29.53320
29.02990 29.01490 29.00030 28.98090 28.95240 28.91540 28.87620 28.84010 28.81020 28.78710 28.76960 28.75520 28.74130 28.72850 28.71690 28.70350 28.68600 28.66470 28.64120 28.61830 28.59380 28.56140 28.52290 28.48470 28.45260 28.42930 28.40930 28.38850 28.37270 28.36710 28.37240 28.38560 28.40010 28.41200 28.41990 28.42760 28.44010 28.45690 28.47570 28.49540 28.51540 28.53680 28.55800 28.57370 28.59290 28.63940 28.72080 28.83050 28.94750 29.04800 29.12830 29.19120 29.23950 29.27740 29.31270 29.35160 29.39690 29.44420 29.48340 29.51200 29.53240 29.54600 29.55390
29.03830 29.02260 29.00890 28.99030 28.96410 28.93030 28.89220 28.85510 28.82520 28.80170 28.77950 28.76000 28.74640 28.73530 28.72300 28.71050 28.69840 28.68470 28.66850 28.64980 28.62860 28.60380 28.57430 28.53980 28.50600 28.47870 28.45470 28.43070 28.40980 28.39580 28.39120 28.39530 28.40380 28.41380 28.42390 28.43620 28.45370 28.47330 28.49150 28.50970 28.52960 28.54990 28.56830 28.58200 28.60270 28.65700 28.74880 28.86460 28.98320 29.08340 29.16280 29.22430 29.27090 29.30700 29.34140 29.38040 29.42510 29.47120 29.50950 29.53760 29.55730 29.56900 29.57350
29.04730 29.02950 29.01530 28.99820 28.97550 28.94540 28.90780 28.86810 28.83680 28.81350 28.79120 28.77140 28.75780 28.74600 28.73200 28.71960 28.71130 28.70320 28.69220 28.67700 28.65880 28.64070 28.62070 28.59480 28.56610 28.53910 28.51450 28.49170 28.47060 28.45210 28.43860 28.43120 28.42880 28.43060 28.43610 28.44720 28.46530 28.48500 28.50070 28.51700 28.53750 28.55790 28.57500 28.58910 28.61450 28.67780 28.77970 28.90150 29.02180 29.12200 29.20000 29.25930 29.30340 29.33750 29.37080 29.40920 29.45290 29.49770 29.53550 29.56320 29.58090 29.58940 29.59030
29.05810 29.03690 29.01970 29.00360 28.98510 28.95980 28.92340 28.88090 28.84620 28.82200 28.80390 28.78870 28.77430 28.75940 28.74440 28.73290 28.72630 28.72010 28.71150 28.70040 28.68740 28.67340 28.65800 28.64090 28.62200 28.60200 28.58220 28.56370 28.54560 28.52770 28.51100 28.49630 28.48400 28.47500 28.47070 28.47380 28.48600 28.50080 28.51180 28.52550 28.54620 28.56650 28.58280 28.59970 28.63270 28.70550 28.81600 28.94240 29.06380 29.16300 29.23880 29.29520 29.33680 29.36930 29.40110 29.43780 29.48010 29.52400 29.56110 29.58730 29.60140 29.60580 29.60400
29.07330 29.04720 29.02430 29.00580 28.98900 28.96900 28.93920 28.90100 28.86380 28.83380 28.81400 28.80040 28.78690 28.77240 28.75810 28.74680 28.73960 28.73280 28.72470 28.71630 28.70740 28.69660 28.68500 28.67500 28.66480 28.65230 28.63900 28.62630 28.61330 28.59900 28.58380 28.56810 28.55260 28.53860 28.52770 28.52310 28.52760 28.53520 28.54060 28.55080 28.57000 28.58890 28.60410 28.62380 28.66400 28.74570 28.86330 28.99210 29.11190 29.20750 29.27910 29.33190 29.37080 29.40150 29.43170 29.46660 29.50740 29.54970 29.58490 29.60840 29.61910 29.62030 29.61650
