data_raster/melanesia/PNMC_temperatures_2021/temperature-202107.grd
DSAA																																																																																																																																																																																																																																																																																																																																																																																																																											
412	268																																																																																																																																																																																																																																																																																																																																																																																																																										
156	174.5																																																																																																																																																																																																																																																																																																																																																																																																																										
-26.5	-14.5																																																																																																																																																																																																																																																																																																																																																																																																																										
19.0 30.5																																																																																																																																																																																																																																																																																																																																																																																																																										
[rows 168 to 195 of 268, columns 252 to 314 of 412]
26.20320 26.23500 26.26500 26.29360 26.31890 26.34020 26.35800 26.37270 26.38370 26.39140 26.39620 26.39810 26.39730 26.39300 26.38540 26.37610 26.36660 26.35760 26.34890 26.33890 26.32830 26.31840 26.30620 26.28830 26.26670 26.24440 26.22390 26.20740 26.19720 26.19420 26.19700 26.20070 26.19880 26.20270 26.22630 26.25000 26.24910 26.22270 26.17900 26.13420 24.48898 24.48898 24.48898 24.48898 24.48898 26.07050 26.07960 26.07010 26.04620 26.01980 25.99530 25.97400 25.95570 25.94100 25.93250 25.93010 25.93150 25.93630 25.94550 25.95880 25.97520 25.99320 26.01120
26.27970 26.30900 26.33660 26.36220 26.38400 26.40160 26.41580 26.42670 26.43390 26.43770 26.43840 26.43630 26.43150 26.42390 26.41350 26.40170 26.38950 26.37790 26.36640 26.35410 26.34190 26.33080 26.31680 26.29560 26.27050 26.24590 26.22480 26.21000 26.20420 26.20740 26.21620 26.22530 26.23000 26.23840 26.26030 26.27650 26.26400 26.22210 24.48898 24.48898 24.48898 24.48898 24.48898 24.48898 24.48898 26.10460 26.10490 26.09990 26.08960 26.07090 26.04940 26.03000 26.01290 25.99900 25.99070 25.98860 25.99170 25.99900 26.00960 26.02160 26.03350 26.04570 26.05820
26.34740 26.37490 26.40000 26.42190 26.43960 26.45310 26.46320 26.47020 26.47410 26.47470 26.47210 26.46670 26.45920 26.44900 26.43610 26.42200 26.40730 26.39200 26.37600 26.35970 26.34400 26.32930 26.31190 26.28820 26.26190 26.23800 26.21990 26.21030 26.21080 26.22060 26.23570 26.25120 26.26270 26.27310 26.28640 26.28960 26.26760 24.48898 24.48898 24.48898 24.48898 24.48898 24.48898 24.48898 26.08120 26.17750 26.13910 26.12770 26.13600 26.12220 26.09860 26.08030 26.06590 26.05400 26.04660 26.04500 26.04940 26.05810 26.06850 26.07790 26.08470 26.09080 26.09820
26.41130 26.43670 26.45870 26.47640 26.48950 26.49840 26.50410 26.50730 26.50780 26.50530 26.49920 26.49090 26.48120 26.46900 26.45390 26.43710 26.41920 26.39920 26.37780 26.35680 26.33780 26.32150 26.30370 26.28050 26.25490 26.23160 26.21600 26.21140 26.21860 26.23500 26.25520 26.27480 26.29080 26.30190 26.30730 26.30050 26.27540 24.48898 24.48898 24.48898 24.48898 24.48898 25.71590 25.79600 26.10080 26.21550 26.16920 26.15970 26.17650 26.16690 26.14520 26.12920 26.11690 26.10680 26.10090 26.10050 26.10550 26.11400 26.12250 26.12870 26.13150 26.13390 26.13850
26.47350 26.49560 26.51370 26.52700 26.53520 26.53920 26.54080 26.54040 26.53730 26.53090 26.52120 26.50990 26.49810 26.48390 26.46650 26.44740 26.42670 26.40280 26.37670 26.35170 26.33080 26.31590 26.30170 26.28200 26.25760 26.23290 26.21680 26.21510 26.22750 26.24920 26.27180 26.29180 26.30970 26.32240 26.32490 26.31470 26.29300 24.48898 24.48898 24.48898 24.48898 24.48898 24.48898 24.48898 26.13870 26.19980 26.19120 26.19630 26.20880 26.20470 26.19200 26.18020 26.16980 26.16140 26.15750 26.15870 26.16360 26.17000 26.17530 26.17790 26.17780 26.17770 26.17920
26.53270 26.55010 26.56280 26.57090 26.57440 26.57440 26.57280 26.56920 26.56240 26.55210 26.53890 26.52470 26.51020 26.49330 26.47320 26.45320 26.43350 26.41020 26.38320 26.35630 26.33420 26.32030 26.30930 26.29320 26.26940 26.24070 26.22170 26.22140 26.23620 26.25870 26.27920 26.29720 26.31810 26.33560 26.33910 26.32910 26.31200 24.48898 24.48898 24.48898 24.48898 25.99880 24.48898 26.14470 26.16720 26.18860 26.21400 26.23160 26.24090 26.24440 26.24260 26.23680 26.23000 26.22480 26.22340 26.22560 26.22940 26.23280 26.23370 26.23180 26.22730 26.22040 26.21110
26.58550 26.59750 26.60450 26.60760 26.60750 26.60490 26.60100 26.59490 26.58480 26.57110 26.55490 26.53780 26.52020 26.49980 26.47670 26.45660 26.44030 26.42120 26.39740 26.37140 26.34880 26.33490 26.32500 26.31100 26.28680 26.25380 26.23170 26.23180 26.24580 26.26430 26.27950 26.29460 26.31880 26.34260 26.34990 26.34280 26.33010 24.48898 24.48898 24.48898 24.48898 26.07280 26.15200 26.19840 26.19710 26.21550 26.25040 26.27220 26.28380 26.29450 26.30090 26.30060 26.29800 26.29660 26.29720 26.29920 26.30060 26.29940 26.29420 26.28510 26.27230 26.25360 26.22850
26.62750 26.63550 26.63860 26.63890 26.63680 26.63300 26.62760 26.61960 26.60750 26.59170 26.57310 26.55330 26.53260 26.50880 26.48250 26.46090 26.44540 26.43010 26.41130 26.38840 26.36670 26.35300 26.34330 26.32980 26.30570 26.27190 26.24930 26.24890 26.25920 26.27110 26.28120 26.29400 26.31810 26.34450 26.35750 26.35740 26.35030 26.34380 24.48898 24.48898 24.48898 26.19880 26.23950 26.26500 26.26800 26.28520 26.31320 26.33370 26.34810 26.36130 26.36970 26.37110 26.36980 26.36920 26.36980 26.37030 26.36770 26.35990 26.34530 26.32420 26.29750 26.26570 26.23030
26.66190 26.66750 26.66860 26.66740 26.66420 26.65930 26.65280 26.64380 26.63120 26.61480 26.59500 26.57310 26.54980 26.52360 26.49550 26.47170 26.45450 26.44070 26.42600 26.40630 26.38550 26.37090 26.36010 26.34700 26.32520 26.29520 26.27480 26.27270 26.27710 26.28150 26.28730 26.29880 26.32080 26.34670 26.36520 26.37320 26.37180 26.36870 26.36680 26.35440 26.33300 26.32670 26.33840 26.34890 26.35580 26.36800 26.38500 26.40230 26.41760 26.42960 26.43620 26.43710 26.43510 26.43300 26.43190 26.43040 26.42440 26.41070 26.38740 26.35410 26.31240 26.26910 26.23040
26.69510 26.69930 26.69920 26.69620 26.69080 26.68390 26.67620 26.66730 26.65560 26.64020 26.62040 26.59730 26.57230 26.54550 26.51830 26.49420 26.47520 26.46100 26.44730 26.42820 26.40610 26.38770 26.37380 26.36230 26.34630 26.32370 26.30680 26.30140 26.29860 26.29550 26.29770 26.30890 26.33020 26.35590 26.37760 26.39040 26.39270 26.39050 26.38890 26.38810 26.38780 26.38830 26.39130 26.39900 26.41070 26.42350 26.43720 26.45240 26.46650 26.47690 26.48290 26.48470 26.48300 26.47960 26.47670 26.47370 26.46700 26.45270 26.42690 26.38790 26.33740 26.28740 26.24810
26.72720 26.73060 26.72950 26.72480 26.71740 26.70870 26.70070 26.69270 26.68260 26.66850 26.64910 26.62550 26.59910 26.57190 26.54570 26.52220 26.50290 26.48830 26.47460 26.45510 26.43120 26.40890 26.39170 26.38060 26.36940 26.35410 26.34020 26.33080 26.32110 26.31220 26.31240 26.32470 26.34750 26.37500 26.39970 26.41630 26.42200 26.42050 26.41650 26.41430 26.41590 26.41960 26.42610 26.43750 26.45240 26.46700 26.48010 26.49190 26.50210 26.51060 26.51720 26.52140 26.52170 26.51820 26.51370 26.50860 26.50160 26.48850 26.46380 26.42500 26.37360 26.32310 26.28410
26.75660 26.75930 26.75760 26.75260 26.74480 26.73610 26.72900 26.72260 26.71380 26.70040 26.68090 26.65630 26.62810 26.59860 26.57070 26.54700 26.52910 26.51620 26.50400 26.48540 26.46190 26.43920 26.42020 26.40590 26.39390 26.38200 26.36940 26.35600 26.34150 26.33000 26.33080 26.34600 26.37220 26.40350 26.43340 26.45580 26.46710 26.47030 26.46990 26.46960 26.47210 26.47790 26.48730 26.50030 26.51410 26.52450 26.53120 26.53580 26.54000 26.54530 26.55190 26.55860 26.56180 26.55980 26.55390 26.54550 26.53540 26.52060 26.49610 26.46020 26.41460 26.36900 26.33000
26.78540 26.78840 26.78680 26.78190 26.77470 26.76700 26.76100 26.75540 26.74720 26.73390 26.71390 26.68770 26.65640 26.62310 26.59160 26.56680 26.55030 26.53940 26.52880 26.51210 26.49050 26.46900 26.44930 26.43180 26.41700 26.40430 26.39060 26.37440 26.35780 26.34670 26.35050 26.37020 26.40000 26.43440 26.46800 26.49580 26.51410 26.52490 26.53140 26.53580 26.54010 26.54640 26.55530 26.56560 26.57420 26.57770 26.57710 26.57550 26.57540 26.57840 26.58380 26.59000 26.59440 26.59480 26.58970 26.57950 26.56630 26.54880 26.52390 26.49150 26.45310 26.41280 26.37150
26.81520 26.82010 26.81940 26.81430 26.80750 26.80070 26.79480 26.78870 26.78020 26.76690 26.74650 26.71840 26.68350 26.64560 26.61000 26.58290 26.56580 26.55480 26.54470 26.52990 26.51050 26.48960 26.46970 26.45230 26.43630 26.42020 26.40340 26.38600 26.37030 26.36190 26.37050 26.39510 26.42700 26.46100 26.49410 26.52400 26.54890 26.56780 26.58030 26.58850 26.59430 26.59970 26.60510 26.60920 26.61090 26.60980 26.60690 26.60420 26.60400 26.60710 26.61020 26.61160 26.61390 26.61650 26.61450 26.60590 26.59220 26.57330 26.54850 26.51860 26.48450 26.44540 26.39920
26.84530 26.85190 26.85210 26.84700 26.84030 26.83370 26.82720 26.82020 26.81160 26.79880 26.77880 26.75050 26.71400 26.67270 26.63200 26.59950 26.57830 26.56500 26.55450 26.54110 26.52360 26.50370 26.48470 26.46870 26.45280 26.43420 26.41450 26.39630 26.38350 26.38110 26.39450 26.42110 26.45180 26.48280 26.51350 26.54320 26.57120 26.59440 26.61120 26.62310 26.63150 26.63680 26.63930 26.63930 26.63780 26.63640 26.63530 26.63470 26.63600 26.63940 26.64060 26.63780 26.63650 26.63800 26.63660 26.62930 26.61580 26.59660 26.57230 26.54340 26.51000 26.47000 26.42020
26.87480 26.88230 26.88310 26.87840 26.87160 26.86440 26.85680 26.84900 26.84080 26.82930 26.81070 26.78400 26.74930 26.70710 26.66130 26.62130 26.59280 26.57520 26.56340 26.54980 26.53300 26.51530 26.49880 26.48440 26.46900 26.45050 26.42980 26.41100 26.40230 26.40720 26.42360 26.44750 26.47390 26.50140 26.53030 26.55920 26.58610 26.60980 26.62960 26.64580 26.65830 26.66560 26.66820 26.66870 26.66910 26.67050 26.67250 26.67390 26.67570 26.67840 26.67860 26.67470 26.67040 26.66690 26.66190 26.65320 26.63950 26.62030 26.59610 26.56680 26.53180 26.49060 26.44080
26.90390 26.91260 26.91410 26.90990 26.90290 26.89460 26.88550 26.87660 26.86840 26.85770 26.84010 26.81530 26.78330 26.74330 26.69710 26.65290 26.61730 26.59350 26.57770 26.56070 26.54240 26.52700 26.51470 26.50350 26.48970 26.47130 26.45100 26.43420 26.42940 26.43790 26.45270 26.47120 26.49410 26.52070 26.54920 26.57800 26.60570 26.63160 26.65510 26.67550 26.69170 26.70210 26.70710 26.70900 26.70990 26.71150 26.71320 26.71390 26.71450 26.71550 26.71470 26.71040 26.70370 26.69590 26.68750 26.67750 26.66300 26.64320 26.61810 26.58740 26.55070 26.50920 26.46150
26.93230 26.94260 26.94550 26.94210 26.93480 26.92530 26.91440 26.90390 26.89510 26.88450 26.86740 26.84370 26.81440 26.77890 26.73820 26.69580 26.65700 26.62790 26.60630 26.58330 26.56080 26.54600 26.53710 26.52920 26.51670 26.49740 26.47820 26.46570 26.46360 26.47070 26.48100 26.49520 26.51850 26.54840 26.57880 26.60940 26.64110 26.67170 26.69910 26.72220 26.74030 26.75340 26.76120 26.76310 26.76110 26.75860 26.75600 26.75270 26.74970 26.74760 26.74450 26.73860 26.73020 26.72050 26.71110 26.70090 26.68610 26.66520 26.63810 26.60530 26.56750 26.52640 26.48110
26.95910 26.97080 26.97530 26.97340 26.96650 26.95610 26.94380 26.93170 26.92200 26.91130 26.89500 26.87310 26.84660 26.81650 26.78370 26.74840 26.71350 26.68480 26.66010 26.63110 26.60230 26.58380 26.57290 26.56290 26.54830 26.52790 26.50970 26.49980 26.49850 26.50400 26.51360 26.53000 26.55880 26.59550 26.63140 26.66600 26.70030 26.73250 26.76060 26.78370 26.80170 26.81500 26.82290 26.82390 26.81950 26.81300 26.80530 26.79640 26.78740 26.77930 26.77130 26.76270 26.75240 26.74130 26.73160 26.72220 26.70840 26.68750 26.65850 26.62280 26.58280 26.54080 26.49720
26.98380 26.99670 27.00310 27.00310 26.99720 26.98670 26.97360 26.96060 26.94980 26.93890 26.92410 26.90470 26.88140 26.85640 26.83110 26.80490 26.77850 26.75450 26.72970 26.69670 26.66220 26.63880 26.62310 26.60680 26.58690 26.56390 26.54500 26.53490 26.53310 26.53920 26.55360 26.57830 26.61550 26.65940 26.70160 26.73980 26.77400 26.80400 26.82940 26.85040 26.86660 26.87750 26.88280 26.88240 26.87720 26.86850 26.85710 26.84340 26.82830 26.81280 26.79850 26.78570 26.77270 26.75950 26.74910 26.74030 26.72850 26.70930 26.67970 26.64140 26.59810 26.55370 26.51020
27.00650 27.02090 27.02910 27.03110 27.02660 27.01680 27.00390 26.99060 26.97900 26.96780 26.95420 26.93750 26.91770 26.89710 26.87700 26.85690 26.83650 26.81580 26.79110 26.75670 26.72120 26.69840 26.68250 26.66270 26.63670 26.60710 26.58370 26.57240 26.57110 26.57990 26.60190 26.63660 26.68030 26.72710 26.77050 26.80850 26.84090 26.86810 26.89030 26.90820 26.92170 26.92940 26.93160 26.92960 26.92400 26.91420 26.90100 26.88570 26.86790 26.84780 26.82800 26.81000 26.79260 26.77640 26.76390 26.75460 26.74470 26.72850 26.70040 26.66130 26.61510 26.56750 26.52300
27.02640 27.04250 27.05250 27.05640 27.05360 27.04490 27.03290 27.01990 27.00800 26.99670 26.98440 26.97030 26.95400 26.93650 26.91870 26.90070 26.88170 26.86080 26.83470 26.79980 26.76620 26.74820 26.73700 26.71770 26.68730 26.65010 26.62180 26.61150 26.61380 26.62750 26.65750 26.70070 26.74770 26.79270 26.83250 26.86700 26.89660 26.92100 26.94000 26.95450 26.96450 26.96900 26.96830 26.96450 26.95780 26.94730 26.93380 26.91860 26.90080 26.87960 26.85670 26.83400 26.81200 26.79180 26.77610 26.76490 26.75610 26.74320 26.71860 26.68110 26.63330 26.58250 26.53600
27.04310 27.06020 27.07200 27.07810 27.07700 27.06930 27.05820 27.04600 27.03450 27.02390 27.01350 27.00200 26.98850 26.97270 26.95490 26.93550 26.91440 26.89040 26.86100 26.82410 26.79130 26.77740 26.77120 26.75490 26.72350 26.68250 26.65430 26.65070 26.66100 26.68150 26.71840 26.76680 26.81350 26.85420 26.88910 26.91930 26.94540 26.96640 26.98180 26.99240 26.99860 26.99970 26.99620 26.99000 26.98140 26.97010 26.95640 26.94070 26.92280 26.90260 26.88000 26.85530 26.82990 26.80580 26.78600 26.77180 26.76260 26.75240 26.73260 26.69890 26.65110 26.59790 26.54890
27.05750 27.07500 27.08810 27.09650 27.09700 27.09000 27.07930 27.06760 27.05710 27.04800 27.04000 27.03110 27.01940 27.00440 26.98600 26.96460 26.94030 26.91270 26.88090 26.84410 26.81250 26.79860 26.79220 26.77650 26.74550 26.70460 26.68150 26.68930 26.71130 26.74010 26.78140 26.83040 26.87400 26.90970 26.94000 26.96610 26.98800 27.00490 27.01640 27.02310 27.02550 27.02370 27.01810 27.00970 26.99920 26.98720 26.97330 26.95680 26.93880 26.92000 26.89920 26.87540 26.84880 26.82140 26.79700 26.77850 26.76720 26.75830 26.74320 26.71460 26.66860 26.61400 26.56230
27.07130 27.08840 27.10220 27.11210 27.11410 27.10780 27.09680 27.08480 27.07510 27.06810 27.06280 27.05610 27.04550 27.03120 27.01350 26.99160 26.96580 26.93710 26.90660 26.87500 26.84670 26.82680 26.81070 26.79050 26.76010 26.72330 26.70840 26.72810 26.76230 26.79960 26.84250 26.88730 26.92580 26.95730 26.98400 27.00630 27.02370 27.03620 27.04380 27.04720 27.04670 27.04300 27.03640 27.02690 27.01530 27.00290 26.98910 26.97280 26.95520 26.93700 26.91780 26.89620 26.87060 26.84140 26.81260 26.78870 26.77340 26.76370 26.75220 26.72880 26.68590 26.63130 26.57690
27.08580 27.10160 27.11500 27.12560 27.12890 27.12350 27.11190 27.09890 27.08940 27.08440 27.08200 27.07770 27.06820 27.05470 27.03830 27.01800 26.99380 26.96730 26.94020 26.91300 26.88420 26.85220 26.82200 26.79890 26.77720 26.75560 26.75050 26.77100 26.80850 26.85330 26.89670 26.93470 26.96750 26.99550 27.01910 27.03800 27.05160 27.06060 27.06570 27.06690 27.06480 27.06010 27.05310 27.04330 27.03130 27.01850 27.00470 26.98910 26.97200 26.95410 26.93590 26.91670 26.89300 26.86380 26.83190 26.80250 26.78200 26.76980 26.76000 26.74090 26.70200 26.64890 26.59260
27.10180 27.11540 27.12740 27.13760 27.14170 27.13750 27.12590 27.11160 27.10170 27.09770 27.09810 27.09680 27.08860 27.07570 27.06030 27.04300 27.02380 27.00220 26.97750 26.94820 26.91220 24.48898 24.48898 24.48898 24.48898 24.48898 24.48898 24.48898 26.84710 26.89660 26.94040 26.97190 26.99960 27.02500 27.04560 27.06130 27.07270 27.08030 27.08430 27.08480 27.08220 27.07710 27.06980 27.05970 27.04740 27.03410 27.02000 27.00450 26.98790 26.97050 26.95290 26.93480 26.91320 26.88590 26.85280 26.81880 26.79300 26.77720 26.76710 26.75080 26.71610 26.66590 26.60910
27.11970 27.13060 27.14010 27.14890 27.15330 27.15040 27.13950 27.12490 27.11390 27.10970 27.11200 27.11320 27.10640 27.09310 27.07690 27.06240 27.04970 27.03250 27.00590 26.96760 26.92600 26.89320 24.48898 24.48898 24.48898 24.48898 24.48898 24.48898 26.88320 26.93310 26.97470 27.00170 27.02660 27.05050 27.06950 27.08360 27.09380 27.10050 27.10360 27.10330 27.10000 27.09430 27.08620 27.07530 27.06230 27.04830 27.03350 27.01790 27.00160 26.98460 26.96750 26.94980 26.92990 26.90510 26.87230 26.83570 26.80560 26.78570 26.77420 26.75960 26.72910 26.68260 26.62650
