data_raster/melanesia/PNMC_temperatures_2021/temperature-202107.grd
DSAA																																																																																																																																																																																																																																																																																																																																																																																																																											
412	268																																																																																																																																																																																																																																																																																																																																																																																																																										
156	174.5																																																																																																																																																																																																																																																																																																																																																																																																																										
-26.5	-14.5																																																																																																																																																																																																																																																																																																																																																																																																																										
19.0 30.5																																																																																																																																																																																																																																																																																																																																																																																																																										
[rows 56 to 83 of 268, columns 315 to 377 of 412]
22.22760 22.22650 22.22090 22.20730 22.19720 22.19520 22.19850 22.20080 22.19660 22.19670 22.21500 22.25540 22.31230 22.36310 22.39530 22.41710 22.43270 22.44040 22.44630 22.45990 22.47100 22.46630 22.46770 22.49050 22.48660 22.43630 22.41210 22.46140 22.57500 22.71670 22.83180 22.90930 22.96670 23.00500 23.02000 23.01900 23.01190 23.00570 23.00380 23.00320 23.00030 22.99260 22.98120 22.97070 22.96320 22.95850 22.95510 22.95120 22.94610 22.93940 22.93020 22.91820 22.90360 22.88760 22.87190 22.85780 22.84590 22.83580 22.82680 22.81820 22.80990 22.80310 22.79880
22.28930 22.28420 22.27590 22.26340 22.25530 22.25670 22.26850 22.27990 22.27860 22.28250 22.31230 22.35800 22.40490 22.44600 22.47780 22.49990 22.51430 22.52510 22.53650 22.55210 22.56740 22.57690 22.58980 22.60710 22.58520 22.51790 22.50280 22.58310 22.70150 22.81420 22.90010 22.95720 22.99480 23.01620 23.02280 23.02150 23.01870 23.01650 23.01460 23.01080 23.00320 22.99090 22.97760 22.96960 22.96630 22.96320 22.95930 22.95490 22.94930 22.94160 22.93100 22.91730 22.90180 22.88600 22.87200 22.86050 22.85080 22.84260 22.83530 22.82790 22.81990 22.81280 22.80830
22.34170 22.33230 22.32200 22.31230 22.30870 22.31420 22.32860 22.34320 22.34870 22.36110 22.39730 22.44250 22.48120 22.51460 22.54360 22.56420 22.57810 22.59290 22.61100 22.63030 22.64910 22.66650 22.68250 22.69120 22.66400 22.60650 22.60930 22.70260 22.81150 22.89460 22.95270 22.99110 23.01600 23.03010 23.03470 23.03440 23.03290 23.03000 23.02460 23.01570 23.00350 22.98990 22.97840 22.97270 22.97090 22.96770 22.96310 22.95880 22.95350 22.94570 22.93470 22.92070 22.90620 22.89290 22.88200 22.87350 22.86620 22.85980 22.85380 22.84730 22.83970 22.83280 22.82810
22.39020 22.37750 22.36540 22.35670 22.35780 22.36780 22.38080 22.39450 22.40960 22.43260 22.46830 22.50810 22.54330 22.57190 22.59380 22.61150 22.62850 22.64920 22.67350 22.69790 22.71950 22.73610 22.74730 22.75000 22.73270 22.70530 22.72920 22.81830 22.90740 22.96540 23.00130 23.02520 23.04520 23.05970 23.06420 23.06090 23.05350 23.04350 23.03180 23.01790 23.00310 22.99150 22.98420 22.97980 22.97650 22.97230 22.96790 22.96450 22.96050 22.95430 22.94470 22.93230 22.92050 22.91110 22.90370 22.89780 22.89270 22.88800 22.88290 22.87700 22.87060 22.86500 22.86150
22.45910 22.44040 22.42000 22.40170 22.39820 22.40900 22.42290 22.43860 22.45990 22.48750 22.52040 22.55470 22.58610 22.61030 22.62780 22.64780 22.67370 22.70200 22.73070 22.75860 22.78210 22.79730 22.80500 22.80690 22.80370 22.80600 22.84530 22.92260 22.98960 23.02720 23.04840 23.06390 23.08030 23.09320 23.09490 23.08660 23.07230 23.05610 23.04060 23.02480 23.00990 22.99950 22.99350 22.98860 22.98370 22.97930 22.97610 22.97420 22.97260 22.96970 22.96400 22.95550 22.94750 22.94140 22.93640 22.93230 22.92880 22.92560 22.92200 22.91780 22.91360 22.91060 22.91010
22.55750 22.53270 22.50190 22.46940 22.45520 22.46210 22.47800 22.49740 22.51920 22.54370 22.57090 22.59740 22.62000 22.63870 22.65690 22.68270 22.71700 22.75230 22.78540 22.81600 22.84100 22.85670 22.86480 22.86950 22.87870 22.90130 22.94680 23.00820 23.05480 23.07750 23.09100 23.10300 23.11550 23.12340 23.12050 23.10780 23.08930 23.07010 23.05370 23.03890 23.02530 23.01460 23.00660 22.99960 22.99380 22.99000 22.98850 22.98930 22.99160 22.99400 22.99410 22.99110 22.98700 22.98300 22.97920 22.97590 22.97360 22.97220 22.97110 22.96990 22.96910 22.96970 22.97310
22.68120 22.65620 22.62320 22.58570 22.56430 22.56430 22.57810 22.59740 22.61510 22.63140 22.64740 22.65880 22.66470 22.67590 22.69830 22.72710 22.75980 22.79810 22.83850 22.87390 22.90060 22.91740 22.92710 22.93520 22.95260 22.98580 23.02830 23.07010 23.09890 23.11370 23.12430 23.13470 23.14380 23.14760 23.14220 23.12830 23.10900 23.08920 23.07250 23.05840 23.04610 23.03480 23.02440 23.01530 23.00850 23.00520 23.00580 23.01050 23.01860 23.02830 23.03530 23.03750 23.03670 23.03430 23.03090 23.02760 23.02640 23.02740 23.02970 23.03270 23.03590 23.04030 23.04700
22.80550 22.78530 22.75700 22.72360 22.70060 22.69500 22.70440 22.72070 22.73390 22.74290 22.74810 22.74360 22.73100 22.73290 22.75770 22.78510 22.81090 22.84960 22.89760 22.93810 22.96600 22.98270 22.99260 23.00240 23.02280 23.05710 23.09060 23.11410 23.13020 23.14210 23.15280 23.16250 23.16910 23.17030 23.16390 23.15020 23.13130 23.11120 23.09340 23.07910 23.06760 23.05640 23.04500 23.03570 23.02980 23.02850 23.03250 23.04200 23.05600 23.07200 23.08460 23.09080 23.09280 23.09220 23.08930 23.08620 23.08560 23.08810 23.09300 23.09900 23.10520 23.11210 23.12060
22.90260 22.88880 22.86730 22.84040 22.82050 22.81410 22.82120 22.83540 22.84790 22.85590 22.85780 22.84570 22.82140 22.81330 22.83280 22.85600 22.87820 22.91740 22.96900 23.01210 23.03990 23.05370 23.06080 23.06980 23.08800 23.11560 23.13850 23.15070 23.16040 23.17170 23.18320 23.19250 23.19740 23.19620 23.18820 23.17360 23.15380 23.13220 23.11250 23.09730 23.08650 23.07640 23.06690 23.06080 23.05960 23.06380 23.07340 23.08780 23.10530 23.12360 23.13820 23.14670 23.15110 23.15260 23.15140 23.14900 23.14820 23.15010 23.15440 23.16010 23.16630 23.17320 23.18140
22.96910 22.96290 22.94880 22.92860 22.91350 22.90960 22.91770 22.93260 22.94670 22.95650 22.95860 22.94480 22.91650 22.90110 22.91150 22.92990 22.95240 22.99250 23.04370 23.08550 23.11100 23.12170 23.12660 23.13480 23.14910 23.16770 23.18150 23.18780 23.19440 23.20400 23.21360 23.22030 23.22230 23.21850 23.20850 23.19300 23.17310 23.15180 23.13200 23.11700 23.10730 23.09990 23.09500 23.09530 23.10140 23.11240 23.12720 23.14440 23.16240 23.17940 23.19300 23.20210 23.20760 23.21040 23.21040 23.20870 23.20730 23.20700 23.20820 23.21090 23.21490 23.22020 23.22690
23.00710 23.00990 23.00420 22.99060 22.98010 22.97970 22.99150 23.01010 23.02640 23.03640 23.03740 23.02390 22.99810 22.98080 22.98360 22.99820 23.02270 23.06300 23.11060 23.14700 23.16810 23.17810 23.18440 23.19360 23.20570 23.21810 23.22610 23.22900 23.23220 23.23720 23.24060 23.24110 23.23820 23.23150 23.22040 23.20570 23.18880 23.17140 23.15560 23.14350 23.13620 23.13300 23.13460 23.14310 23.15700 23.17300 23.18980 23.20660 23.22240 23.23610 23.24710 23.25510 23.25970 23.26130 23.26060 23.25840 23.25580 23.25310 23.25050 23.24910 23.25010 23.25330 23.25840
23.01430 23.02730 23.03280 23.02870 23.02520 23.02950 23.04530 23.06730 23.08580 23.09680 23.09820 23.08810 23.06890 23.05390 23.05250 23.06430 23.08900 23.12610 23.16640 23.19540 23.21200 23.22220 23.23090 23.24140 23.25220 23.26100 23.26550 23.26600 23.26560 23.26530 23.26300 23.25830 23.25180 23.24360 23.23330 23.22150 23.20910 23.19710 23.18670 23.17920 23.17600 23.17820 23.18680 23.20230 23.22150 23.23910 23.25450 23.26860 23.28110 23.29150 23.29980 23.30550 23.30710 23.30470 23.30060 23.29610 23.29170 23.28710 23.28160 23.27700 23.27520 23.27620 23.27960
22.99760 23.01880 23.03630 23.04480 23.05120 23.06180 23.08050 23.10380 23.12450 23.13880 23.14460 23.14140 23.13110 23.12120 23.11850 23.12780 23.14940 23.17950 23.21010 23.23210 23.24580 23.25570 23.26510 23.27560 23.28530 23.29200 23.29450 23.29310 23.29000 23.28630 23.28170 23.27600 23.26920 23.26180 23.25430 23.24660 23.23870 23.23120 23.22540 23.22330 23.22630 23.23490 23.24910 23.26860 23.28890 23.30440 23.31590 23.32590 23.33490 23.34280 23.34880 23.35160 23.34860 23.34050 23.33130 23.32300 23.31600 23.30950 23.30280 23.29680 23.29310 23.29200 23.29380
22.98290 23.00160 23.02230 23.03930 23.05520 23.07290 23.09470 23.11890 23.14190 23.16050 23.17270 23.17830 23.17820 23.17440 23.17120 23.17710 23.19430 23.21830 23.24250 23.26050 23.27210 23.28070 23.28900 23.29850 23.30720 23.31330 23.31560 23.31410 23.31050 23.30590 23.30140 23.29670 23.29140 23.28570 23.28060 23.27580 23.27110 23.26730 23.26600 23.27030 23.28140 23.29670 23.31480 23.33450 23.35230 23.36380 23.37060 23.37590 23.38100 23.38580 23.38880 23.38780 23.38090 23.36880 23.35580 23.34400 23.33370 23.32450 23.31620 23.30920 23.30390 23.30120 23.30160
22.98360 22.99040 23.00400 23.02180 23.04290 23.06650 23.09140 23.11700 23.14230 23.16520 23.18380 23.19800 23.20750 23.20900 23.20520 23.20750 23.22120 23.24290 23.26590 23.28280 23.29280 23.29900 23.30490 23.31280 23.32080 23.32690 23.33030 23.33070 23.32880 23.32540 23.32180 23.31830 23.31470 23.31080 23.30670 23.30300 23.30050 23.30010 23.30390 23.31560 23.33480 23.35590 23.37560 23.39280 23.40590 23.41320 23.41600 23.41700 23.41750 23.41800 23.41680 23.41200 23.40280 23.38980 23.37590 23.36230 23.34870 23.33590 23.32490 23.31600 23.30940 23.30570 23.30500
22.99330 22.99380 22.99980 23.01200 23.03130 23.05580 23.08150 23.10780 23.13550 23.16270 23.18700 23.20750 23.22220 23.22670 23.22300 23.22460 23.23780 23.26000 23.28370 23.29990 23.30780 23.31140 23.31480 23.32080 23.32780 23.33400 23.33840 23.34070 23.34070 23.33890 23.33610 23.33300 23.33050 23.32800 23.32510 23.32290 23.32290 23.32710 23.33750 23.35600 23.38050 23.40380 23.42240 23.43640 23.44570 23.45000 23.45020 23.44750 23.44370 23.43960 23.43430 23.42680 23.41680 23.40460 23.39130 23.37730 23.36220 23.34680 23.33250 23.32090 23.31330 23.30940 23.30820
23.00370 23.00610 23.00840 23.01290 23.02460 23.04380 23.06700 23.09350 23.12390 23.15570 23.18550 23.21020 23.22690 23.23220 23.22940 23.23270 23.24840 23.27270 23.29720 23.31200 23.31740 23.31880 23.32000 23.32390 23.32920 23.33460 23.33930 23.34270 23.34410 23.34330 23.34090 23.33800 23.33610 23.33490 23.33400 23.33440 23.33800 23.34770 23.36500 23.38870 23.41490 23.43740 23.45370 23.46480 23.47160 23.47430 23.47320 23.46860 23.46180 23.45390 23.44550 23.43660 23.42680 23.41580 23.40360 23.39010 23.37540 23.35930 23.34200 23.32700 23.31790 23.31370 23.31220
23.00700 23.01110 23.01270 23.01330 23.01610 23.02480 23.04250 23.06930 23.10320 23.14030 23.17620 23.20610 23.22560 23.23200 23.22960 23.23460 23.25340 23.28010 23.30530 23.31870 23.32180 23.32170 23.32150 23.32270 23.32520 23.32850 23.33260 23.33670 23.33900 23.33900 23.33730 23.33520 23.33440 23.33500 23.33660 23.34040 23.34820 23.36280 23.38490 23.41130 23.43780 23.45950 23.47440 23.48320 23.48740 23.48840 23.48700 23.48320 23.47630 23.46640 23.45610 23.44680 23.43760 23.42740 23.41560 23.40260 23.38910 23.37380 23.35490 23.33660 23.32400 23.31740 23.31500
23.01030 23.01380 23.01620 23.01710 23.01370 23.01070 23.01790 23.03820 23.07020 23.11010 23.15260 23.18940 23.21320 23.22210 23.22190 23.22970 23.25170 23.28030 23.30550 23.31760 23.31960 23.31970 23.31960 23.31880 23.31840 23.31940 23.32220 23.32640 23.32970 23.33090 23.33050 23.32980 23.33080 23.33370 23.33840 23.34600 23.35810 23.37620 23.40020 23.42680 23.45250 23.47410 23.48930 23.49660 23.49790 23.49670 23.49510 23.49350 23.48890 23.47920 23.46790 23.45760 23.44800 23.43780 23.42600 23.41310 23.40040 23.38600 23.36690 23.34620 23.32870 23.31740 23.31290
23.02710 23.02980 23.03280 23.03530 23.03100 23.02060 23.01070 23.01000 23.02710 23.06210 23.10950 23.15330 23.18100 23.19430 23.20110 23.21570 23.24190 23.27090 23.29450 23.30610 23.30950 23.31210 23.31400 23.31340 23.31200 23.31170 23.31370 23.31770 23.32230 23.32600 23.32750 23.32840 23.33130 23.33690 23.34520 23.35690 23.37280 23.39290 23.41650 23.44100 23.46470 23.48640 23.50280 23.50970 23.50850 23.50440 23.50120 23.50090 23.49890 23.49100 23.47900 23.46570 23.45350 23.44260 23.43070 23.41750 23.40400 23.38910 23.37090 23.34970 23.32750 23.31020 23.30180
23.05570 23.05820 23.06030 23.06210 23.05980 23.04950 23.02860 23.00780 23.00320 23.02160 23.06190 23.10500 23.13520 23.15440 23.16970 23.19220 23.22300 23.25280 23.27500 23.28700 23.29270 23.29820 23.30260 23.30390 23.30370 23.30440 23.30690 23.31180 23.31840 23.32510 23.32950 23.33260 23.33780 23.34640 23.35890 23.37510 23.39470 23.41620 23.43810 23.45960 23.48050 23.50130 23.51860 23.52580 23.52330 23.51610 23.50900 23.50550 23.50250 23.49600 23.48360 23.46600 23.44960 23.43650 23.42370 23.40970 23.39430 23.37840 23.36260 23.34340 23.31870 23.29620 23.28260
23.09120 23.09340 23.09210 23.08820 23.08630 23.08320 23.07000 23.04830 23.02660 23.01770 23.03140 23.05880 23.08830 23.11310 23.13370 23.16090 23.19590 23.22820 23.25190 23.26560 23.27300 23.27940 23.28490 23.28840 23.29120 23.29490 23.30050 23.30840 23.31790 23.32760 23.33540 23.34220 23.35070 23.36270 23.37950 23.40030 23.42370 23.44680 23.46760 23.48620 23.50380 23.52230 23.53870 23.54640 23.54420 23.53450 23.52100 23.50770 23.49720 23.48930 23.47640 23.45570 23.43460 23.41720 23.40180 23.38650 23.36950 23.35340 23.34120 23.32660 23.30310 23.27800 23.25950
23.13990 23.13840 23.13050 23.11790 23.11190 23.11250 23.11050 23.09860 23.07370 23.04710 23.03310 23.03630 23.05490 23.07770 23.09980 23.12960 23.16710 23.20220 23.22950 23.24750 23.25850 23.26620 23.27210 23.27680 23.28170 23.28810 23.29700 23.30840 23.32140 23.33470 23.34670 23.35780 23.36960 23.38440 23.40430 23.42860 23.45520 23.48030 23.50100 23.51740 23.53110 23.54540 23.55910 23.56690 23.56620 23.55590 23.53710 23.51310 23.49190 23.47820 23.46340 23.44220 23.41860 23.39650 23.37790 23.36140 23.34330 23.32670 23.31630 23.30530 23.28620 23.26250 23.24080
23.20430 23.19520 23.17860 23.15800 23.14300 23.13590 23.13310 23.12870 23.11640 23.09580 23.07050 23.05150 23.04720 23.05580 23.07540 23.10580 23.14330 23.18000 23.21140 23.23630 23.25430 23.26580 23.27270 23.27730 23.28210 23.28900 23.29900 23.31250 23.32900 23.34690 23.36390 23.37930 23.39400 23.41060 23.43150 23.45670 23.48480 23.51150 23.53330 23.54840 23.55800 23.56690 23.57620 23.58320 23.58420 23.57580 23.55620 23.52640 23.49580 23.47210 23.45280 23.43370 23.41100 23.38580 23.36460 23.34730 23.32870 23.31070 23.29770 23.28690 23.27370 23.25550 23.23360
23.26890 23.25540 23.23480 23.21130 23.18850 23.16980 23.15830 23.15330 23.15120 23.14280 23.12060 23.09200 23.06780 23.05800 23.06730 23.09210 23.12650 23.16380 23.19940 23.23030 23.25440 23.27040 23.27990 23.28590 23.29110 23.29810 23.30770 23.32090 23.33880 23.36030 23.38250 23.40370 23.42310 23.44200 23.46200 23.48500 23.51160 23.53860 23.56200 23.57740 23.58460 23.58860 23.59250 23.59680 23.59870 23.59340 23.57660 23.54640 23.51030 23.47680 23.45100 23.43250 23.41160 23.38600 23.36340 23.34460 23.32530 23.30580 23.28890 23.27640 23.26800 23.25640 23.23780
23.32210 23.31190 23.29500 23.27480 23.25010 23.22400 23.20280 23.18970 23.18450 23.18020 23.16820 23.14580 23.11560 23.09150 23.08390 23.09480 23.12150 23.15720 23.19500 23.22860 23.25560 23.27530 23.28870 23.29790 23.30550 23.31370 23.32280 23.33410 23.35090 23.37390 23.40080 23.42890 23.45550 23.47850 23.49720 23.51560 23.53770 23.56240 23.58640 23.60350 23.61120 23.61240 23.61090 23.61080 23.61120 23.60850 23.59640 23.57000 23.53320 23.49320 23.46040 23.43830 23.41760 23.39390 23.37090 23.34970 23.32940 23.30950 23.29020 23.27590 23.26930 23.26310 23.25060
23.36650 23.36250 23.35170 23.33660 23.31540 23.28980 23.26480 23.24450 23.23150 23.22520 23.22180 23.21040 23.18510 23.15630 23.13510 23.12860 23.13960 23.16540 23.19980 23.23390 23.26340 23.28600 23.30170 23.31190 23.32090 23.33160 23.34260 23.35440 23.37040 23.39290 23.42210 23.45560 23.48930 23.51790 23.53750 23.55250 23.56860 23.58800 23.60940 23.62730 23.63750 23.63890 23.63420 23.62880 23.62490 23.62170 23.61300 23.59210 23.55810 23.51520 23.47620 23.44790 23.42460 23.40190 23.37900 23.35660 23.33630 23.31740 23.29820 23.28290 23.27520 23.27140 23.26590
23.40480 23.40690 23.40140 23.39110 23.37690 23.35900 23.33820 23.31690 23.29860 23.28810 23.28690 23.28320 23.26750 23.24390 23.21850 23.19790 23.18880 23.19680 23.22010 23.25060 23.28110 23.30540 23.32150 23.33040 23.33900 23.35190 23.36680 23.38220 23.39960 23.42150 23.45120 23.48760 23.52650 23.56090 23.58380 23.59780 23.60830 23.62010 23.63560 23.65180 23.66450 23.66880 23.66410 23.65390 23.64280 23.63480 23.62600 23.60960 23.58060 23.53900 23.49640 23.46130 23.43260 23.40810 23.38500 23.36340 23.34460 23.32790 23.31120 23.29630 23.28570 23.28160 23.28150
