data_raster/melanesia/PNMC_temperatures_2021/temperature-202112.grd
DSAA																																																																																																																																																																																																																																																																																																																																																																																																																											
412	268																																																																																																																																																																																																																																																																																																																																																																																																																										
156	174.5																																																																																																																																																																																																																																																																																																																																																																																																																										
-26.5	-14.5																																																																																																																																																																																																																																																																																																																																																																																																																										
19.0 30.5																																																																																																																																																																																																																																																																																																																																																																																																																										
[rows 28 to 55 of 268, columns 0 to 62 of 412]
26.47110 26.51740 26.56000 26.59520 26.61870 26.63010 26.63540 26.63590 26.62720 26.60670 26.57460 26.53880 26.50940 26.48330 26.45230 26.40480 26.33820 26.27260 26.21880 26.16940 26.12480 26.09480 26.07920 26.07090 26.06330 26.05170 26.03840 26.02650 26.01470 26.00280 25.99420 25.99010 25.98790 25.98650 25.98580 25.98390 25.97810 25.96730 25.95110 25.92860 25.90120 25.87520 25.85540 25.84230 25.83480 25.83080 25.82750 25.82240 25.81820 25.81980 25.82540 25.83140 25.83760 25.84380 25.84970 25.85570 25.86430 25.87720 25.89500 25.91530 25.93330 25.94560 25.94930
26.52930 26.57090 26.60620 26.63090 26.64650 26.65510 26.65950 26.65980 26.65340 26.63730 26.60870 26.57320 26.53990 26.51440 26.49500 26.45880 26.39540 26.33460 26.28990 26.24260 26.18970 26.14690 26.12120 26.11210 26.11000 26.10320 26.09220 26.08000 26.06740 26.05550 26.04830 26.04630 26.04460 26.04170 26.03970 26.03800 26.03460 26.02720 26.01350 25.99180 25.96200 25.92950 25.89990 25.87780 25.86510 25.85970 25.85800 25.85570 25.85360 25.85470 25.85900 25.86500 25.87090 25.87510 25.87740 25.87950 25.88510 25.89520 25.90780 25.92070 25.93200 25.93980 25.94220
26.58740 26.62180 26.64790 26.66170 26.66990 26.67710 26.68100 26.68100 26.67840 26.66900 26.64580 26.61210 26.57700 26.55040 26.53420 26.50200 26.44140 26.38590 26.35060 26.31280 26.26380 26.21270 26.17130 26.15050 26.14410 26.13980 26.13450 26.12770 26.11850 26.10800 26.10190 26.10110 26.09940 26.09510 26.09100 26.08770 26.08410 26.07720 26.06340 26.04160 26.01220 25.97720 25.94090 25.91090 25.89180 25.88370 25.88280 25.88250 25.88170 25.88200 25.88460 25.88940 25.89410 25.89680 25.89730 25.89730 25.90070 25.90790 25.91530 25.92200 25.92830 25.93310 25.93390
26.64050 26.66740 26.68480 26.68900 26.69100 26.69690 26.70030 26.69990 26.70090 26.69810 26.68000 26.65050 26.62050 26.59590 26.57560 26.53990 26.48100 26.42830 26.39690 26.37210 26.33980 26.29060 26.23450 26.19280 26.17030 26.16290 26.16420 26.16720 26.16560 26.15790 26.15220 26.15140 26.14980 26.14530 26.14010 26.13500 26.12960 26.12040 26.10350 26.07970 26.05060 26.01600 25.97810 25.94340 25.91800 25.90610 25.90440 25.90380 25.90230 25.90200 25.90310 25.90510 25.90730 25.90890 25.90910 25.90850 25.90980 25.91320 25.91640 25.91920 25.92320 25.92640 25.92590
26.68430 26.70430 26.71450 26.71150 26.70860 26.71300 26.71710 26.71810 26.72050 26.72020 26.70740 26.68580 26.66470 26.64560 26.62430 26.58540 26.52490 26.46920 26.43560 26.41990 26.40550 26.36760 26.31000 26.25610 26.21840 26.20210 26.20100 26.20580 26.20680 26.20050 26.19550 26.19590 26.19690 26.19540 26.19040 26.18310 26.17530 26.16290 26.14120 26.11260 26.08070 26.04600 26.00950 25.97430 25.94570 25.93070 25.92660 25.92360 25.92030 25.91960 25.92010 25.91940 25.91880 25.91900 25.91850 25.91680 25.91580 25.91610 25.91650 25.91720 25.91880 25.92040 25.92030
26.71960 26.73230 26.73620 26.72880 26.72370 26.72790 26.73380 26.73710 26.73870 26.73700 26.72900 26.71670 26.70370 26.69140 26.67600 26.64000 26.57710 26.51430 26.47280 26.45830 26.45600 26.43450 26.38970 26.33760 26.29230 26.26450 26.25240 26.24960 26.24720 26.24100 26.23740 26.23960 26.24410 26.24640 26.24240 26.23350 26.22390 26.20900 26.18270 26.14780 26.10920 26.07150 26.03710 26.00440 25.97590 25.95920 25.95240 25.94660 25.94130 25.94010 25.94010 25.93720 25.93370 25.93170 25.92950 25.92610 25.92260 25.91990 25.91810 25.91700 25.91630 25.91680 25.91920
26.75190 26.75470 26.75190 26.74290 26.73970 26.74740 26.75510 26.75770 26.75770 26.75580 26.75090 26.74280 26.73260 26.72460 26.71830 26.69210 26.63410 26.56620 26.51230 26.49140 26.49490 26.48790 26.45870 26.41380 26.36670 26.33150 26.31070 26.30180 26.29750 26.29340 26.29160 26.29320 26.29590 26.29690 26.29320 26.28560 26.27620 26.26050 26.23240 26.19210 26.14450 26.10090 26.06710 26.03650 26.00870 25.99160 25.98390 25.97730 25.97110 25.96860 25.96610 25.95980 25.95260 25.94780 25.94380 25.93920 25.93310 25.92600 25.91960 25.91560 25.91520 25.91830 25.92390
26.77990 26.77230 26.76330 26.75440 26.75600 26.76940 26.77940 26.78020 26.77900 26.77760 26.77350 26.76560 26.75460 26.74760 26.74720 26.73310 26.68980 26.62430 26.55730 26.52450 26.52650 26.52860 26.51280 26.47650 26.43160 26.39440 26.37000 26.35840 26.35430 26.35280 26.35260 26.35230 26.35100 26.34830 26.34510 26.34050 26.33250 26.31730 26.29050 26.24830 26.19260 26.14090 26.10370 26.07290 26.04600 26.02910 26.02100 26.01410 26.00710 26.00180 25.99540 25.98480 25.97380 25.96590 25.96010 25.95420 25.94490 25.93230 25.92040 25.91330 25.91490 25.92230 25.92990
26.79820 26.78450 26.77210 26.76410 26.76920 26.78710 26.80110 26.80410 26.80210 26.79850 26.79420 26.78800 26.77870 26.77020 26.76540 26.75810 26.73710 26.68490 26.61020 26.56260 26.55510 26.55980 26.55530 26.52850 26.48840 26.45220 26.42610 26.41120 26.40450 26.40230 26.40270 26.40400 26.40440 26.40360 26.40260 26.39970 26.39170 26.37740 26.35460 26.31480 26.25540 26.19540 26.14910 26.11450 26.08940 26.07280 26.06170 26.05130 26.04080 26.03150 26.02120 26.00770 25.99410 25.98340 25.97490 25.96600 25.95250 25.93520 25.92040 25.91300 25.91520 25.92290 25.92970
26.80830 26.79370 26.78180 26.77650 26.78370 26.80260 26.81930 26.82610 26.82400 26.81740 26.81290 26.81020 26.80550 26.79470 26.77760 26.77010 26.77220 26.74120 26.66890 26.60830 26.58340 26.58190 26.58350 26.56610 26.53390 26.50150 26.47480 26.45630 26.44540 26.44130 26.44270 26.44800 26.45390 26.45840 26.46050 26.45840 26.45020 26.43680 26.41830 26.38320 26.32520 26.25950 26.20160 26.15970 26.13410 26.11650 26.10090 26.08430 26.06760 26.05260 26.03830 26.02320 26.00870 25.99630 25.98550 25.97390 25.95690 25.93640 25.92110 25.91440 25.91550 25.92050 25.92500
26.81550 26.80360 26.79590 26.79590 26.80500 26.82070 26.83520 26.84270 26.84130 26.83500 26.83150 26.83190 26.83200 26.81940 26.78950 26.77660 26.79390 26.78580 26.72880 26.66200 26.61390 26.59550 26.59410 26.58460 26.56360 26.53790 26.51270 26.49230 26.47970 26.47630 26.48080 26.49000 26.49940 26.50650 26.51080 26.51060 26.50360 26.49140 26.47480 26.44360 26.39070 26.32440 26.25740 26.20550 26.17350 26.15210 26.13300 26.11030 26.08530 26.06300 26.04400 26.02760 26.01350 26.00110 25.99050 25.97920 25.96190 25.94020 25.92410 25.91660 25.91570 25.91840 25.92160
26.82690 26.81720 26.81280 26.81690 26.82700 26.83950 26.85060 26.85710 26.85690 26.85300 26.85190 26.85430 26.85580 26.84140 26.80560 26.78760 26.80710 26.81560 26.78240 26.71890 26.65020 26.60970 26.59700 26.58960 26.57790 26.55970 26.53860 26.52010 26.50900 26.50820 26.51670 26.53070 26.54310 26.55130 26.55700 26.55860 26.55350 26.54230 26.52540 26.49570 26.44730 26.38290 26.31150 26.25050 26.20850 26.18150 26.16010 26.13170 26.09790 26.06740 26.04340 26.02600 26.01250 26.00080 25.99160 25.98290 25.96760 25.94670 25.92970 25.92040 25.91740 25.91840 25.92070
26.84610 26.83510 26.82980 26.83330 26.84330 26.85590 26.86680 26.87320 26.87420 26.87300 26.87530 26.87850 26.87560 26.85930 26.82900 26.81040 26.81840 26.83070 26.82180 26.77150 26.69340 26.63380 26.60390 26.58990 26.58060 26.56800 26.55340 26.54110 26.53440 26.53620 26.54880 26.56900 26.58580 26.59590 26.60270 26.60550 26.60150 26.59070 26.57290 26.54220 26.49370 26.43040 26.35940 26.29370 26.24280 26.21010 26.18610 26.15260 26.11100 26.07300 26.04380 26.02500 26.01170 26.00000 25.99170 25.98550 25.97340 25.95470 25.93770 25.92650 25.92190 25.92150 25.92170
26.86220 26.85110 26.84510 26.84770 26.85780 26.87190 26.88360 26.88980 26.89220 26.89400 26.89920 26.90210 26.89430 26.87760 26.85800 26.84150 26.83370 26.83840 26.84240 26.80790 26.73550 26.66640 26.61890 26.59270 26.57970 26.56970 26.56130 26.55580 26.55470 26.56050 26.57760 26.60280 26.62240 26.63290 26.64080 26.64570 26.64370 26.63430 26.61690 26.58460 26.53300 26.46900 26.40080 26.33540 26.28050 26.24320 26.21540 26.17770 26.13080 26.08580 26.05060 26.02880 26.01450 26.00240 25.99410 25.98850 25.97830 25.96210 25.94570 25.93340 25.92760 25.92580 25.92330
26.86770 26.86080 26.85800 26.86250 26.87400 26.88920 26.90030 26.90530 26.90950 26.91550 26.92260 26.92450 26.91470 26.90030 26.88930 26.87470 26.85440 26.84470 26.84450 26.82230 26.76970 26.70440 26.64460 26.60550 26.58490 26.57350 26.56740 26.56540 26.56930 26.58150 26.60350 26.63040 26.64880 26.65750 26.66640 26.67500 26.67690 26.67070 26.65540 26.62270 26.56810 26.50260 26.43700 26.37560 26.32280 26.28310 26.25000 26.20950 26.16040 26.10970 26.06710 26.03990 26.02290 26.01010 26.00070 25.99300 25.98250 25.96790 25.95250 25.93980 25.93310 25.92970 25.92480
26.86980 26.86780 26.86900 26.87600 26.88960 26.90650 26.91680 26.92010 26.92730 26.93900 26.94820 26.94900 26.93890 26.92610 26.91770 26.90200 26.87380 26.85050 26.83890 26.82440 26.79500 26.74410 26.68410 26.63730 26.60730 26.58860 26.57790 26.57400 26.58030 26.59860 26.62470 26.65090 26.66690 26.67400 26.68400 26.69600 26.70180 26.69860 26.68490 26.65290 26.59890 26.53460 26.47130 26.41390 26.36490 26.32450 26.28760 26.24610 26.19720 26.14260 26.09310 26.05910 26.03720 26.02210 26.01090 26.00090 25.98890 25.97430 25.95890 25.94580 25.93800 25.93300 25.92620
26.87270 26.87500 26.87970 26.88880 26.90410 26.92240 26.93290 26.93640 26.94780 26.96540 26.97580 26.97460 26.96380 26.95050 26.93940 26.92050 26.88880 26.85750 26.83620 26.82420 26.81130 26.77940 26.73220 26.68700 26.64950 26.61990 26.59870 26.58760 26.59260 26.61450 26.64210 26.66580 26.67990 26.68770 26.69930 26.71320 26.72130 26.71950 26.70490 26.67370 26.62460 26.56520 26.50430 26.44920 26.40280 26.36290 26.32530 26.28450 26.23660 26.18060 26.12650 26.08550 26.05720 26.03810 26.02460 26.01290 25.99960 25.98390 25.96790 25.95410 25.94500 25.93840 25.93030
26.87360 26.88240 26.89250 26.90510 26.92060 26.93710 26.94880 26.95790 26.97480 26.99430 27.00060 26.99320 26.97930 26.96490 26.95270 26.93380 26.90330 26.87050 26.84420 26.82870 26.81870 26.80090 26.77250 26.73800 26.70110 26.66490 26.63410 26.61500 26.61540 26.63600 26.66120 26.68040 26.69320 26.70340 26.71700 26.73190 26.74060 26.73780 26.71980 26.68760 26.64320 26.58980 26.53240 26.47960 26.43530 26.39700 26.36070 26.32090 26.27370 26.21800 26.16200 26.11600 26.08210 26.05900 26.04250 26.02860 26.01470 25.99970 25.98440 25.97050 25.96040 25.95220 25.94230
26.87240 26.89070 26.90860 26.92540 26.94000 26.95270 26.96690 26.98460 27.00560 27.02160 27.01950 27.00340 26.98530 26.97140 26.96250 26.94800 26.92100 26.89030 26.86310 26.84050 26.82290 26.80990 26.79690 26.77690 26.74860 26.71430 26.68130 26.65840 26.65470 26.67100 26.69080 26.70470 26.71620 26.72840 26.74320 26.75700 26.76370 26.75740 26.73480 26.69960 26.65640 26.60710 26.55460 26.50530 26.46260 26.42620 26.39180 26.35260 26.30560 26.25130 26.19600 26.14730 26.10930 26.08270 26.06280 26.04620 26.03230 26.01980 26.00650 25.99320 25.98230 25.97240 25.96020
26.87240 26.90210 26.92770 26.94650 26.96080 26.97410 26.99140 27.01260 27.03180 27.04080 27.03130 27.01060 26.99220 26.98200 26.97940 26.96980 26.94410 26.91340 26.88520 26.85810 26.83380 26.81760 26.80720 26.79530 26.77770 26.75370 26.72950 26.71330 26.71230 26.72630 26.74150 26.75130 26.76070 26.77180 26.78360 26.79220 26.79250 26.78080 26.75470 26.71630 26.66920 26.61980 26.57250 26.52770 26.48620 26.45030 26.41660 26.37800 26.33200 26.28000 26.22630 26.17610 26.13450 26.10400 26.08110 26.06280 26.04890 26.03770 26.02570 26.01290 26.00120 25.98940 25.97530
26.87750 26.91800 26.94980 26.96920 26.98440 27.00170 27.02110 27.03990 27.05290 27.05470 27.04060 27.01920 27.00430 27.00000 27.00310 26.99670 26.97080 26.93840 26.90860 26.87990 26.85260 26.82990 26.81280 26.80090 26.79090 26.78000 26.77170 26.77040 26.77780 26.79190 26.80430 26.81170 26.81850 26.82580 26.83100 26.83090 26.82210 26.80400 26.77590 26.73500 26.68210 26.63060 26.58810 26.54790 26.50730 26.47060 26.43640 26.39870 26.35520 26.30590 26.25390 26.20310 26.15860 26.12380 26.09720 26.07730 26.06260 26.05110 26.03940 26.02670 26.01410 26.00080 25.98520
26.89200 26.93920 26.97560 26.99680 27.01390 27.03380 27.05220 27.06580 27.07370 27.07150 27.05430 27.03230 27.02150 27.02200 27.02670 27.02090 26.99660 26.96500 26.93440 26.90410 26.87460 26.84810 26.82640 26.81070 26.80160 26.79910 26.80460 26.81820 26.83460 26.84870 26.85860 26.86470 26.86940 26.87230 26.87020 26.86100 26.84390 26.82000 26.78990 26.74790 26.69300 26.64190 26.60340 26.56660 26.52680 26.48910 26.45420 26.41850 26.37840 26.33180 26.28150 26.23170 26.18580 26.14620 26.11410 26.09000 26.07310 26.06090 26.04920 26.03650 26.02320 26.00890 25.99290
26.91630 26.96560 27.00480 27.02930 27.04880 27.06890 27.08380 27.09180 27.09610 27.09230 27.07220 27.04810 27.03930 27.04280 27.04760 27.04210 27.02060 26.99180 26.96170 26.93030 26.89920 26.87170 26.84880 26.83030 26.81910 26.81950 26.83240 26.85530 26.87720 26.89060 26.89850 26.90370 26.90630 26.90450 26.89540 26.87860 26.85530 26.82750 26.79580 26.75480 26.70360 26.65630 26.62040 26.58560 26.54700 26.50870 26.47250 26.43770 26.40060 26.35680 26.30900 26.26160 26.21530 26.17130 26.13290 26.10300 26.08260 26.06940 26.05780 26.04510 26.03110 26.01600 26.00020
26.94930 26.99700 27.03710 27.06550 27.08740 27.10560 27.11610 27.11920 27.12020 27.11410 27.09040 27.06270 27.05300 27.05810 27.06580 27.06320 27.04410 27.01750 26.98980 26.95940 26.92800 26.90000 26.87720 26.85930 26.84880 26.84900 26.86160 26.88480 26.90640 26.91850 26.92520 26.92910 26.92850 26.92140 26.90610 26.88390 26.85750 26.82830 26.79630 26.75920 26.71650 26.67580 26.64110 26.60740 26.57110 26.53240 26.49320 26.45640 26.41960 26.37890 26.33540 26.29100 26.24500 26.19750 26.15380 26.11860 26.09440 26.07920 26.06730 26.05500 26.04020 26.02400 26.00830
26.99070 27.03650 27.07660 27.10730 27.12930 27.14340 27.14860 27.14710 27.14370 27.13290 27.10400 27.07260 27.06290 27.07100 27.08310 27.08470 27.06870 27.04600 27.02320 26.99620 26.96590 26.93810 26.91530 26.89760 26.88640 26.88360 26.89140 26.90910 26.92670 26.93730 26.94270 26.94390 26.93860 26.92600 26.90670 26.88230 26.85470 26.82560 26.79580 26.76520 26.73340 26.70050 26.66740 26.63550 26.60290 26.56390 26.51980 26.47750 26.43840 26.40080 26.36240 26.32070 26.27420 26.22400 26.17620 26.13630 26.10750 26.08920 26.07680 26.06500 26.04950 26.03190 26.01670
27.04140 27.08660 27.12610 27.15550 27.17360 27.18100 27.18010 27.17370 27.16410 27.14600 27.11070 27.07680 27.07110 27.08540 27.10110 27.10610 27.09580 27.08070 27.06550 27.04380 27.01560 26.98910 26.96590 26.94390 26.92610 26.91750 26.91920 26.92960 26.94230 26.95140 26.95480 26.95120 26.94050 26.92360 26.90310 26.87910 26.85110 26.82280 26.79800 26.77620 26.75480 26.72970 26.70050 26.67280 26.64490 26.60530 26.55500 26.50480 26.46110 26.42560 26.39160 26.35100 26.30330 26.25110 26.20000 26.15530 26.12120 26.09880 26.08510 26.07390 26.05770 26.03920 26.02500
27.10410 27.14610 27.18130 27.20470 27.21590 27.21650 27.20950 27.19730 27.18130 27.15650 27.11660 27.08230 27.08130 27.10110 27.11970 27.12830 27.12560 27.11960 27.11260 27.09620 27.07080 27.04550 27.02110 26.99330 26.96700 26.95010 26.94330 26.94530 26.95300 26.96140 26.96260 26.95350 26.93870 26.92100 26.90080 26.87700 26.84860 26.82180 26.80340 26.79070 26.77830 26.76140 26.73920 26.71790 26.69460 26.65450 26.59860 26.54110 26.49140 26.45400 26.42070 26.38080 26.33340 26.28060 26.22660 26.17660 26.13700 26.11020 26.09440 26.08270 26.06650 26.04820 26.03480
27.17620 27.20940 27.23540 27.24930 27.25300 27.24830 27.23610 27.21810 27.19630 27.16740 27.12650 27.09370 27.09530 27.11790 27.13900 27.15240 27.15800 27.16070 27.16070 27.14950 27.12720 27.10290 27.07730 27.04610 27.01350 26.98700 26.96900 26.96030 26.96160 26.96900 26.96830 26.95520 26.93940 26.92370 26.90370 26.87830 26.84950 26.82510 26.81270 26.80750 26.80270 26.79450 26.78180 26.76770 26.74750 26.70740 26.64900 26.58680 26.53080 26.48650 26.44900 26.41000 26.36530 26.31320 26.25650 26.20110 26.15600 26.12510 26.10620 26.09290 26.07750 26.06080 26.04750
