data_raster/melanesia/PNMC_temperatures_2021/temperature-202107.grd
DSAA																																																																																																																																																																																																																																																																																																																																																																																																																											
412	268																																																																																																																																																																																																																																																																																																																																																																																																																										
156	174.5																																																																																																																																																																																																																																																																																																																																																																																																																										
-26.5	-14.5																																																																																																																																																																																																																																																																																																																																																																																																																										
19.0 30.5																																																																																																																																																																																																																																																																																																																																																																																																																										
[rows 56 to 83 of 268, columns 189 to 251 of 412]
22.46190 22.45900 22.45520 22.45190 22.44930 22.44620 22.43930 22.42790 22.41300 22.39730 22.38290 22.36530 22.33960 22.30600 22.26570 22.21970 22.17540 22.14840 22.14120 22.14340 22.14830 22.15280 22.15560 22.15690 22.15880 22.16430 22.17720 22.19560 22.20760 22.21720 22.25090 22.30990 22.37250 22.42740 22.47020 22.49520 22.50050 22.50330 22.51750 22.53500 22.54870 22.55940 22.56980 22.58310 22.59990 22.61890 22.63710 22.65170 22.66220 22.66860 22.67130 22.67140 22.67090 22.67050 22.66930 22.66790 22.66920 22.67310 22.67770 22.68260 22.68810 22.69520 22.70480
22.47200 22.47040 22.46830 22.46630 22.46460 22.46150 22.45450 22.44290 22.42760 22.41050 22.39300 22.37050 22.33820 22.29750 22.25190 22.20670 22.16960 22.15070 22.14940 22.15460 22.16080 22.16670 22.17180 22.17650 22.18320 22.19470 22.21440 22.24080 22.26390 22.28610 22.32630 22.38370 22.43910 22.48520 22.52120 22.54230 22.54640 22.54910 22.56270 22.57790 22.58710 22.59240 22.59830 22.61040 22.62810 22.64530 22.65960 22.67050 22.67940 22.68720 22.69240 22.69370 22.69250 22.68990 22.68590 22.68170 22.68050 22.68210 22.68460 22.68770 22.69210 22.69870 22.70810
22.48060 22.48150 22.48200 22.48210 22.48070 22.47660 22.46880 22.45660 22.43980 22.41980 22.39780 22.37040 22.33420 22.29150 22.24700 22.20850 22.18240 22.17250 22.17590 22.18380 22.19180 22.19930 22.20620 22.21310 22.22310 22.24000 22.26650 22.30170 22.33670 22.37020 22.41140 22.45800 22.49740 22.52840 22.55530 22.57450 22.58220 22.58860 22.60160 22.61350 22.61870 22.61960 22.62200 22.63400 22.65380 22.67170 22.68460 22.69330 22.70080 22.70910 22.71600 22.71920 22.71900 22.71610 22.71120 22.70600 22.70340 22.70370 22.70530 22.70780 22.71140 22.71680 22.72460
22.48950 22.49280 22.49590 22.49730 22.49520 22.48910 22.47970 22.46620 22.44670 22.42270 22.39670 22.36710 22.33240 22.29510 22.25960 22.23230 22.21760 22.21610 22.22420 22.23470 22.24450 22.25320 22.26060 22.26740 22.27830 22.29840 22.33010 22.37150 22.41330 22.45040 22.48370 22.51220 22.53330 22.55110 22.57220 22.59270 22.60700 22.61950 22.63370 22.64360 22.64570 22.64360 22.64400 22.65550 22.67570 22.69460 22.70840 22.71750 22.72480 22.73300 22.74030 22.74470 22.74580 22.74380 22.73920 22.73400 22.73090 22.73080 22.73280 22.73570 22.73870 22.74200 22.74650
22.49900 22.50270 22.50570 22.50610 22.50240 22.49410 22.48280 22.46760 22.44690 22.42250 22.39740 22.37120 22.34320 22.31560 22.29170 22.27670 22.27300 22.27950 22.29190 22.30380 22.31280 22.31980 22.32500 22.32970 22.33940 22.35970 22.39170 22.43200 22.47090 22.50170 22.52300 22.53650 22.54640 22.55880 22.57900 22.60200 22.62090 22.63830 22.65620 22.66740 22.66840 22.66480 22.66410 22.67420 22.69310 22.71170 22.72620 22.73650 22.74490 22.75360 22.76110 22.76590 22.76760 22.76630 22.76210 22.75650 22.75260 22.75170 22.75400 22.75730 22.75920 22.75990 22.76100
22.50580 22.50750 22.50800 22.50570 22.50010 22.49100 22.47890 22.46350 22.44430 22.42350 22.40360 22.38450 22.36540 22.34820 22.33540 22.33150 22.33800 22.35160 22.36760 22.37990 22.38730 22.39160 22.39370 22.39520 22.40210 22.41960 22.44660 22.47880 22.50740 22.52710 22.53780 22.54300 22.54910 22.56080 22.58130 22.60490 22.62520 22.64550 22.66770 22.68260 22.68560 22.68270 22.68170 22.69030 22.70740 22.72490 22.73950 22.75050 22.75990 22.76940 22.77740 22.78210 22.78410 22.78350 22.78000 22.77460 22.76990 22.76820 22.77090 22.77490 22.77580 22.77420 22.77230
22.50500 22.50330 22.50060 22.49590 22.48980 22.48200 22.47220 22.46010 22.44550 22.43000 22.41580 22.40270 22.39060 22.38120 22.37700 22.38250 22.39790 22.41710 22.43520 22.44870 22.45710 22.46150 22.46270 22.46190 22.46520 22.47740 22.49600 22.51660 22.53410 22.54560 22.55170 22.55480 22.55890 22.56740 22.58280 22.60220 22.62190 22.64400 22.66860 22.68740 22.69530 22.69600 22.69600 22.70450 22.72110 22.73880 22.75340 22.76350 22.77200 22.78150 22.78980 22.79500 22.79770 22.79870 22.79730 22.79400 22.79050 22.78960 22.79370 22.79930 22.80100 22.79870 22.79400
22.49710 22.49210 22.48730 22.48240 22.47770 22.47300 22.46790 22.46130 22.45220 22.44160 22.43110 22.42110 22.41210 22.40690 22.40870 22.42110 22.44300 22.46600 22.48570 22.50170 22.51360 22.52090 22.52340 22.52210 22.52270 22.52940 22.53940 22.54910 22.55770 22.56450 22.56960 22.57290 22.57470 22.57720 22.58430 22.59710 22.61590 22.63910 22.66390 22.68500 22.69870 22.70450 22.70720 22.71650 22.73370 22.75300 22.76870 22.77720 22.78280 22.79030 22.79770 22.80240 22.80560 22.80800 22.80910 22.80890 22.80880 22.81100 22.81830 22.82740 22.83330 22.83370 22.82900
22.48500 22.47860 22.47430 22.47220 22.47090 22.47010 22.46970 22.46830 22.46340 22.45540 22.44570 22.43540 22.42590 22.42210 22.42780 22.44450 22.46950 22.49460 22.51640 22.53570 22.55180 22.56240 22.56740 22.56770 22.56780 22.57110 22.57530 22.57840 22.58120 22.58440 22.58800 22.59020 22.58860 22.58520 22.58530 22.59330 22.61190 22.63570 22.65920 22.68040 22.69760 22.70840 22.71520 22.72620 22.74390 22.76570 22.78420 22.79160 22.79310 22.79650 22.80030 22.80260 22.80440 22.80670 22.80880 22.81110 22.81530 22.82300 22.83560 22.85050 22.86390 22.87160 22.87210
22.47370 22.46820 22.46630 22.46760 22.46980 22.47190 22.47460 22.47610 22.47300 22.46570 22.45620 22.44590 22.43710 22.43530 22.44460 22.46400 22.48980 22.51570 22.53900 22.56020 22.57820 22.59050 22.59680 22.59850 22.59880 22.60000 22.60110 22.60110 22.60130 22.60250 22.60460 22.60510 22.59970 22.59120 22.58660 22.59190 22.61040 22.63420 22.65550 22.67510 22.69350 22.70840 22.72050 22.73400 22.75220 22.77620 22.79740 22.80460 22.80320 22.80210 22.80150 22.80040 22.79960 22.79980 22.80080 22.80360 22.81090 22.82360 22.84120 22.86150 22.88120 22.89600 22.90400
22.46730 22.46460 22.46560 22.46870 22.47230 22.47540 22.47850 22.47980 22.47640 22.46950 22.46190 22.45530 22.45170 22.45550 22.46930 22.49080 22.51640 22.54180 22.56460 22.58440 22.60020 22.61070 22.61590 22.61690 22.61620 22.61600 22.61570 22.61510 22.61510 22.61630 22.61820 22.61740 22.60890 22.59640 22.58880 22.59260 22.61020 22.63280 22.65220 22.67010 22.68850 22.70690 22.72470 22.74180 22.76080 22.78520 22.80730 22.81540 22.81360 22.80950 22.80530 22.80140 22.79790 22.79500 22.79330 22.79490 22.80240 22.81660 22.83610 22.85800 22.87900 22.89670 22.91080
22.46640 22.46550 22.46810 22.47190 22.47550 22.47840 22.48060 22.48110 22.47810 22.47320 22.46940 22.46890 22.47300 22.48370 22.50140 22.52390 22.54830 22.57140 22.59120 22.60650 22.61730 22.62370 22.62620 22.62520 22.62350 22.62340 22.62410 22.62500 22.62640 22.62800 22.62910 22.62660 22.61630 22.60190 22.59200 22.59290 22.60770 22.62890 22.64900 22.66830 22.68820 22.71040 22.73360 22.75400 22.77310 22.79620 22.81770 22.82740 22.82670 22.82040 22.81310 22.80730 22.80270 22.79910 22.79780 22.79990 22.80610 22.81680 22.83210 22.85050 22.87010 22.88910 22.90770
22.46950 22.46820 22.47040 22.47440 22.47790 22.48040 22.48240 22.48350 22.48300 22.48230 22.48390 22.48970 22.50110 22.51730 22.53710 22.55890 22.58060 22.59950 22.61380 22.62270 22.62720 22.62890 22.62820 22.62550 22.62400 22.62630 22.63090 22.63560 22.63910 22.64030 22.63910 22.63410 22.62370 22.61000 22.59790 22.59380 22.60300 22.62230 22.64660 22.67120 22.69440 22.72020 22.74760 22.77010 22.78850 22.80910 22.82860 22.84000 22.84140 22.83430 22.82500 22.81890 22.81570 22.81540 22.81910 22.82530 22.83000 22.83360 22.83960 22.85040 22.86720 22.88680 22.90720
22.47250 22.47060 22.47270 22.47700 22.48110 22.48430 22.48760 22.49100 22.49370 22.49730 22.50400 22.51520 22.53140 22.55040 22.57000 22.58950 22.60710 22.61990 22.62680 22.62890 22.62770 22.62520 22.62180 22.61860 22.61970 22.62790 22.63910 22.64870 22.65430 22.65490 22.65170 22.64540 22.63640 22.62490 22.61200 22.60300 22.60430 22.61940 22.64700 22.67610 22.70090 22.72740 22.75590 22.77940 22.79750 22.81510 22.83170 22.84400 22.84910 22.84600 22.84020 22.83660 22.83640 22.84010 22.84880 22.85920 22.86320 22.86190 22.86180 22.86620 22.87600 22.88980 22.90710
22.47460 22.47340 22.47640 22.48160 22.48710 22.49210 22.49790 22.50410 22.50960 22.51620 22.52650 22.54120 22.55910 22.57780 22.59520 22.61100 22.62360 22.62950 22.62880 22.62510 22.62010 22.61440 22.60950 22.60780 22.61390 22.63040 22.64960 22.66440 22.67200 22.67240 22.66870 22.66300 22.65560 22.64580 22.63270 22.61970 22.61260 22.62100 22.64830 22.67880 22.70300 22.72790 22.75530 22.77950 22.79870 22.81460 22.82870 22.84170 22.85170 22.85700 22.85940 22.86150 22.86480 22.87100 22.88170 22.89340 22.89730 22.89510 22.89490 22.89620 22.89560 22.89730 22.90740
22.48060 22.48070 22.48480 22.49090 22.49750 22.50400 22.51130 22.51900 22.52600 22.53420 22.54640 22.56210 22.57950 22.59610 22.61010 22.62150 22.62890 22.62940 22.62390 22.61690 22.61000 22.60270 22.59770 22.59900 22.61110 22.63510 22.66120 22.68070 22.69100 22.69270 22.68990 22.68450 22.67650 22.66510 22.64920 22.63180 22.61860 22.62080 22.64400 22.67360 22.69980 22.72640 22.75460 22.78050 22.80230 22.82040 22.83620 22.85130 22.86510 22.87640 22.88590 22.89410 22.90140 22.90860 22.91800 22.92730 22.92960 22.92700 22.92700 22.92590 22.91730 22.90970 22.91310
22.49390 22.49440 22.49840 22.50470 22.51170 22.51870 22.52610 22.53360 22.54060 22.54900 22.56110 22.57580 22.59100 22.60460 22.61510 22.62250 22.62600 22.62380 22.61730 22.61010 22.60300 22.59510 22.59030 22.59440 22.61140 22.64130 22.67300 22.69710 22.71060 22.71440 22.71230 22.70620 22.69550 22.67970 22.65910 22.63760 22.62110 22.61880 22.63580 22.66400 22.69590 22.72870 22.76040 22.78930 22.81510 22.83840 22.85910 22.87660 22.89130 22.90430 22.91690 22.92950 22.93950 22.94630 22.95240 22.95710 22.95630 22.95210 22.95070 22.94740 22.93560 22.92470 22.92470
22.51620 22.51430 22.51590 22.52060 22.52720 22.53440 22.54130 22.54750 22.55350 22.56070 22.57100 22.58310 22.59500 22.60550 22.61360 22.61880 22.62050 22.61870 22.61440 22.60960 22.60360 22.59480 22.58840 22.59240 22.61160 22.64630 22.68410 22.71380 22.73060 22.73480 22.73180 22.72400 22.71040 22.69130 22.66810 22.64490 22.62700 22.62150 22.63340 22.66120 22.69980 22.74010 22.77690 22.80960 22.83920 22.86700 22.89080 22.90770 22.92010 22.93190 22.94460 22.95790 22.96750 22.97200 22.97500 22.97660 22.97280 22.96630 22.96370 22.96000 22.94830 22.93800 22.93870
22.54320 22.53750 22.53570 22.53820 22.54400 22.55110 22.55700 22.56130 22.56530 22.57070 22.57830 22.58690 22.59480 22.60210 22.60880 22.61390 22.61680 22.61770 22.61690 22.61510 22.61010 22.59970 22.59040 22.59260 22.61290 22.65200 22.69580 22.73090 22.75030 22.75400 22.74950 22.74000 22.72460 22.70390 22.68020 22.65730 22.63970 22.63350 22.64390 22.67270 22.71660 22.76340 22.80560 22.84210 22.87380 22.90230 22.92530 22.93920 22.94790 22.95650 22.96720 22.97900 22.98600 22.98650 22.98680 22.98730 22.98210 22.97430 22.97220 22.96980 22.95780 22.94720 22.94920
22.56760 22.56000 22.55680 22.55840 22.56340 22.56940 22.57350 22.57550 22.57760 22.58090 22.58570 22.59060 22.59420 22.59820 22.60390 22.61080 22.61780 22.62250 22.62430 22.62350 22.61790 22.60490 22.59350 22.59610 22.61920 22.66230 22.70990 22.74790 22.76900 22.77330 22.76910 22.75970 22.74390 22.72250 22.69830 22.67600 22.66080 22.65810 22.67180 22.70300 22.74860 22.79890 22.84590 22.88490 22.91520 22.93940 22.95760 22.96890 22.97510 22.97930 22.98650 22.99770 23.00240 22.99750 22.99370 22.99320 22.98940 22.98440 22.98560 22.98400 22.96780 22.95160 22.95070
22.58830 22.58050 22.57740 22.57910 22.58340 22.58820 22.59070 22.59120 22.59180 22.59340 22.59560 22.59730 22.59760 22.59920 22.60440 22.61350 22.62440 22.63190 22.63410 22.63260 22.62570 22.61110 22.59960 22.60550 22.63270 22.67800 22.72620 22.76410 22.78630 22.79340 22.79160 22.78390 22.76950 22.74940 22.72600 22.70570 22.69540 22.69910 22.71860 22.75250 22.79720 22.84660 22.89320 22.92910 22.95350 22.97190 22.98620 22.99660 23.00120 23.00010 23.00330 23.01440 23.01640 23.00290 22.98960 22.98470 22.98710 22.99320 22.99780 22.99280 22.97230 22.95230 22.94810
22.60680 22.59920 22.59640 22.59790 22.60170 22.60580 22.60820 22.60900 22.60930 22.60940 22.60940 22.60880 22.60780 22.60900 22.61460 22.62470 22.63650 22.64380 22.64480 22.64200 22.63460 22.62090 22.61240 22.62360 22.65440 22.69870 22.74390 22.77980 22.80340 22.81480 22.81700 22.81200 22.80100 22.78500 22.76590 22.75080 22.74750 22.75800 22.78200 22.81740 22.86010 22.90350 22.94060 22.96510 22.98010 22.99570 23.01150 23.02230 23.02440 23.01860 23.01800 23.02680 23.02110 22.99210 22.96210 22.94980 22.96510 22.99150 22.99730 22.98320 22.96490 22.95190 22.94930
22.62490 22.61770 22.61500 22.61630 22.61970 22.62370 22.62690 22.62870 22.62890 22.62780 22.62580 22.62380 22.62280 22.62480 22.63110 22.64140 22.65250 22.65880 22.65870 22.65550 22.64900 22.63820 22.63440 22.65040 22.68300 22.72370 22.76430 22.79860 22.82420 22.84010 22.84650 22.84500 22.83850 22.82830 22.81590 22.80770 22.81090 22.82540 22.84980 22.88320 22.92160 22.95520 22.97840 22.99140 23.00110 23.01810 23.03600 23.04230 23.03980 23.03560 23.03380 23.02880 22.99530 22.93420 22.89230 22.89260 22.92670 22.96600 22.97360 22.96000 22.95290 22.95320 22.95560
22.64390 22.63760 22.63510 22.63610 22.63940 22.64360 22.64750 22.64980 22.64950 22.64710 22.64360 22.64060 22.63970 22.64240 22.64930 22.65950 22.67030 22.67650 22.67710 22.67520 22.67110 22.66460 22.66540 22.68430 22.71600 22.75210 22.78900 22.82360 22.85180 22.87070 22.88040 22.88270 22.88070 22.87630 22.87060 22.86880 22.87570 22.89010 22.91010 22.93700 22.96780 22.99030 23.00180 23.01140 23.02510 23.04470 23.05920 23.05520 23.04590 23.04590 23.03960 23.00610 22.92810 22.82870 22.79100 22.82940 22.88120 22.91540 22.92790 22.93130 22.94130 22.95400 22.96240
22.66450 22.65980 22.65780 22.65860 22.66170 22.66590 22.66980 22.67180 22.67070 22.66730 22.66290 22.65930 22.65820 22.66070 22.66720 22.67660 22.68630 22.69280 22.69510 22.69550 22.69490 22.69400 22.69990 22.72000 22.74990 22.78350 22.81920 22.85470 22.88430 22.90440 22.91590 22.92070 22.92220 22.92200 22.92080 22.92250 22.93060 22.94310 22.95820 22.97770 22.99930 23.01340 23.02080 23.03530 23.05560 23.06880 23.07180 23.06670 23.05260 23.02730 22.98620 22.92600 22.84710 22.77200 22.75510 22.79790 22.84530 22.87480 22.89070 22.90230 22.91880 22.93770 22.95440
22.68730 22.68460 22.68380 22.68470 22.68740 22.69110 22.69430 22.69560 22.69380 22.68980 22.68510 22.68110 22.67930 22.68070 22.68550 22.69250 22.70000 22.70590 22.70980 22.71270 22.71590 22.72150 22.73300 22.75380 22.78280 22.81760 22.85470 22.89020 22.91890 22.93840 22.94970 22.95540 22.95860 22.96020 22.96040 22.96270 22.97070 22.98200 22.99400 23.00730 23.02120 23.03270 23.04450 23.06580 23.08690 23.08610 23.07560 23.07560 23.04830 22.95810 22.85400 22.78860 22.77530 22.79910 22.80990 22.80310 22.82230 22.86010 22.87590 22.87510 22.88200 22.89960 22.92380
22.71290 22.71250 22.71310 22.71460 22.71730 22.72070 22.72340 22.72420 22.72220 22.71810 22.71340 22.70920 22.70650 22.70600 22.70810 22.71170 22.71590 22.72020 22.72440 22.72880 22.73510 22.74580 22.76210 22.78500 22.81570 22.85390 22.89300 22.92690 22.95280 22.97010 22.98030 22.98570 22.98860 22.99010 22.99070 22.99420 23.00400 23.01490 23.02250 23.03020 23.04130 23.05690 23.07490 23.08940 23.09810 23.10120 23.09390 23.06470 22.97940 22.82410 24.48898 22.65870 22.71460 22.80300 22.82470 22.78350 22.78950 22.84030 22.85830 22.84780 22.84730 22.86110 22.88090
22.74240 22.74400 22.74610 22.74850 22.75150 22.75500 22.75780 22.75880 22.75710 22.75320 22.74870 22.74430 22.74060 22.73810 22.73710 22.73720 22.73800 22.74000 22.74320 22.74770 22.75540 22.76900 22.78930 22.81610 22.85060 22.89180 22.93120 22.96200 22.98390 22.99810 23.00650 23.01090 23.01230 23.01280 23.01510 23.02230 23.03550 23.04560 23.04740 23.05220 23.06730 23.08800 23.10520 23.10760 23.10230 23.10600 23.08800 23.00020 22.84670 22.66610 22.55560 22.57410 22.65750 22.73420 22.75110 22.72720 22.74940 22.80860 22.83290 22.82700 22.82630 22.83210 22.83380
