data_raster/melanesia/PNMC_temperatures_2021/temperature-202108.grd
DSAA																																																																																																																																																																																																																																																																																																																																																																																																																											
412	268																																																																																																																																																																																																																																																																																																																																																																																																																										
156	174.5																																																																																																																																																																																																																																																																																																																																																																																																																										
-26.5	-14.5																																																																																																																																																																																																																																																																																																																																																																																																																										
19.0 30.5																																																																																																																																																																																																																																																																																																																																																																																																																										
[rows 112 to 139 of 268, columns 0 to 62 of 412]
23.42000 23.41310 23.40150 23.38250 23.35860 23.33500 23.31950 23.31610 23.32390 23.34190 23.36830 23.39700 23.42060 23.43840 23.45190 23.46150 23.46760 23.47230 23.47600 23.47720 23.47560 23.47210 23.46500 23.45140 23.43060 23.40290 23.36750 23.32260 23.26570 23.19900 23.13450 23.07890 23.02940 22.98320 22.93860 22.89640 22.85820 22.82290 22.78930 22.76120 22.74300 22.73840 22.74890 22.77200 22.80360 22.83810 22.87110 22.90010 22.92680 22.95480 22.98580 23.01880 23.04650 23.06300 23.07070 23.07210 23.06840 23.05890 23.04130 23.01320 22.97480 22.94210 22.93250
23.41180 23.39920 23.38570 23.37100 23.35610 23.34250 23.33260 23.32940 23.33590 23.35280 23.37830 23.40700 23.43310 23.45540 23.47430 23.48830 23.49670 23.50160 23.50430 23.50470 23.50340 23.50140 23.49670 23.48580 23.46900 23.44780 23.42110 23.38670 23.34160 23.28610 23.22790 23.17320 23.12500 23.08220 23.04040 23.00050 22.96580 22.93430 22.90320 22.87480 22.85320 22.84380 22.84840 22.86200 22.88100 22.90440 22.93010 22.95490 22.97860 23.00260 23.02830 23.05530 23.07590 23.08450 23.08500 23.08130 23.07500 23.06450 23.04520 23.01150 22.96070 22.91700 22.90690
23.41760 23.39940 23.38640 23.38050 23.37650 23.37030 23.36190 23.35640 23.36370 23.38380 23.40880 23.43430 23.45800 23.47960 23.49920 23.51430 23.52350 23.52850 23.53070 23.53060 23.52890 23.52680 23.52300 23.51470 23.50210 23.48610 23.46510 23.43700 23.40020 23.35480 23.30420 23.25270 23.20440 23.16100 23.12150 23.08600 23.05500 23.02780 23.00300 22.97930 22.95700 22.94110 22.93490 22.93750 22.94810 22.96730 22.99060 23.01020 23.02710 23.04620 23.06750 23.08790 23.10040 23.10110 23.09480 23.08630 23.07730 23.06480 23.04120 22.99850 22.93200 22.87060 22.84870
23.41680 23.39560 23.38460 23.38830 23.39570 23.39780 23.39400 23.39090 23.40190 23.42550 23.44970 23.47090 23.48990 23.50730 23.52280 23.53520 23.54360 23.54810 23.54950 23.54840 23.54590 23.54270 23.53860 23.53260 23.52430 23.51340 23.49740 23.47400 23.44320 23.40550 23.36230 23.31530 23.26680 23.22080 23.18230 23.15060 23.12190 23.09750 23.07900 23.06180 23.04180 23.02220 23.00750 23.00180 23.00720 23.02360 23.04440 23.05880 23.06890 23.08220 23.09790 23.11160 23.11720 23.11210 23.10210 23.09170 23.08030 23.06410 23.03610 22.98840 22.91600 22.84460 22.80800
23.38710 23.36680 23.35920 23.37040 23.38920 23.40580 23.41770 23.42790 23.44480 23.46770 23.48900 23.50690 23.52190 23.53360 23.54200 23.54880 23.55490 23.55780 23.55680 23.55360 23.54980 23.54560 23.54100 23.53560 23.53010 23.52450 23.51480 23.49750 23.47270 23.44160 23.40460 23.36220 23.31500 23.26800 23.23000 23.19990 23.17180 23.14820 23.13300 23.12050 23.10490 23.08760 23.07210 23.06330 23.06360 23.07240 23.08530 23.09590 23.10320 23.10970 23.11660 23.12330 23.12440 23.11730 23.10870 23.10150 23.08930 23.06850 23.03900 22.99650 22.93640 22.87330 22.82910
23.34290 23.33260 23.33520 23.35720 23.38840 23.41950 23.44750 23.47140 23.49210 23.51040 23.52710 23.54110 23.55090 23.55570 23.55620 23.55650 23.55880 23.55890 23.55490 23.54950 23.54420 23.53890 23.53320 23.52740 23.52320 23.52210 23.51900 23.50850 23.49000 23.46420 23.43240 23.39480 23.35030 23.30400 23.26570 23.23600 23.21000 23.18840 23.17300 23.16110 23.14980 23.13780 23.12590 23.11780 23.11500 23.11640 23.12130 23.12940 23.13640 23.13750 23.13540 23.13390 23.13060 23.12410 23.11890 23.11470 23.10210 23.07880 23.05040 23.01390 22.96100 22.90220 22.85540
23.30920 23.31730 23.33750 23.37490 23.41850 23.45880 23.49410 23.52270 23.54180 23.55390 23.56460 23.57300 23.57530 23.57200 23.56570 23.56030 23.55760 23.55390 23.54730 23.54010 23.53340 23.52660 23.51960 23.51290 23.50930 23.51110 23.51300 23.50890 23.49620 23.47470 23.44720 23.41460 23.37410 23.32960 23.29040 23.26050 23.23950 23.22240 23.20470 23.19020 23.18240 23.17630 23.16890 23.16330 23.16070 23.15930 23.16000 23.16580 23.17190 23.17030 23.16210 23.15150 23.14250 23.13730 23.13420 23.12910 23.11560 23.09330 23.06790 23.03100 22.96740 22.89570 22.84700
23.31670 23.33730 23.36780 23.41270 23.46240 23.50780 23.54510 23.57170 23.58630 23.59260 23.59740 23.59920 23.59390 23.58320 23.57110 23.56100 23.55390 23.54640 23.53710 23.52760 23.51920 23.51140 23.50420 23.49750 23.49430 23.49740 23.50210 23.50230 23.49410 23.47620 23.45280 23.42480 23.38840 23.34630 23.30710 23.27700 23.25870 23.24460 23.22640 23.21280 23.21130 23.21290 23.21110 23.20910 23.20810 23.20490 23.20120 23.20160 23.20320 23.19940 23.18790 23.16990 23.15550 23.15100 23.14890 23.14210 23.12790 23.10760 23.08530 23.04990 22.98310 22.90630 22.85480
23.37020 23.39110 23.41950 23.45950 23.50670 23.55350 23.58980 23.61110 23.62040 23.62220 23.62160 23.61730 23.60600 23.59000 23.57340 23.55950 23.54950 23.53970 23.52810 23.51640 23.50600 23.49790 23.49140 23.48580 23.48340 23.48660 23.49180 23.49380 23.48800 23.47300 23.45300 23.42900 23.39610 23.35650 23.31860 23.28860 23.26970 23.25620 23.24210 23.23580 23.24340 23.25320 23.25720 23.25910 23.25960 23.25400 23.24340 23.23390 23.22660 23.21940 23.20640 23.18430 23.16660 23.16240 23.16120 23.15370 23.13850 23.11800 23.09790 23.07050 23.02080 22.95900 22.90570
23.43390 23.45350 23.47850 23.51220 23.55320 23.59520 23.62580 23.64050 23.64440 23.64200 23.63650 23.62710 23.61170 23.59270 23.57360 23.55760 23.54600 23.53570 23.52480 23.51350 23.50280 23.49340 23.48610 23.48120 23.48010 23.48330 23.48790 23.48970 23.48420 23.47000 23.45190 23.43060 23.40080 23.36370 23.32700 23.29770 23.28030 23.27130 23.26580 23.26860 23.28210 23.29530 23.30160 23.30640 23.30940 23.30200 23.28420 23.26320 23.24500 23.23300 23.21860 23.19470 23.17670 23.17520 23.17650 23.16860 23.14870 23.12280 23.10360 23.08750 23.05920 23.01800 22.97070
23.49560 23.51330 23.53570 23.56520 23.59880 23.63050 23.65170 23.65960 23.65870 23.65250 23.64280 23.62980 23.61260 23.59320 23.57420 23.55800 23.54580 23.53680 23.52920 23.52140 23.51220 23.50130 23.49130 23.48580 23.48520 23.48770 23.49070 23.49110 23.48430 23.46900 23.45090 23.43120 23.40390 23.36930 23.33400 23.30660 23.29490 23.29490 23.29930 23.30850 23.32250 23.33390 23.33960 23.34670 23.35340 23.34560 23.32140 23.28970 23.26090 23.24340 23.22730 23.20310 23.18810 23.19360 23.19970 23.19040 23.16470 24.10677 23.11360 23.10510 23.08950 23.06260 23.02700
23.56990 23.57660 23.58910 23.61010 23.63430 23.65510 23.66720 23.66920 23.66450 23.65540 23.64310 23.62850 23.61240 23.59550 23.57880 23.56400 23.55250 23.54490 23.54050 23.53650 23.53020 23.51980 23.50810 23.50020 23.49650 23.49510 23.49470 23.49320 23.48500 23.46800 23.44890 23.42980 23.40470 23.37310 23.34080 23.31760 23.31320 23.32110 23.33060 23.34090 23.35250 23.36180 23.36820 23.37910 23.39010 23.38290 23.35390 23.31330 23.27560 23.25350 23.23620 23.21270 23.20380 23.22120 23.23340 23.22100 23.19540 23.16870 23.14990 23.13660 23.11840 23.09390 23.06570
23.65290 23.64440 23.64280 23.65130 23.66410 23.67460 23.67870 23.67540 23.66750 23.65670 23.64320 23.62900 23.61570 23.60280 23.58960 23.57720 23.56720 23.56090 23.55800 23.55620 23.55250 23.54380 23.53170 23.52030 23.51060 23.50240 23.49670 23.49250 23.48290 23.46450 23.44450 23.42570 23.40290 23.37580 23.34930 23.33240 23.33380 23.34570 23.35550 23.36310 23.37070 23.37860 23.38830 23.40420 23.41920 23.41300 23.38150 23.33510 23.29070 23.26390 23.24540 23.22470 23.22510 23.25540 23.27120 23.25170 23.22870 23.21520 23.19860 23.17500 23.14830 23.12200 23.09900
23.72720 23.71300 23.70310 23.70000 23.70040 23.70040 23.69650 23.68790 23.67670 23.66410 23.65060 23.63780 23.62740 23.61780 23.60720 23.59730 23.58960 23.58410 23.58050 23.57820 23.57470 23.56660 23.55390 23.53920 23.52370 23.50820 23.49550 23.48660 23.47480 23.45640 23.43660 23.41830 23.39920 23.37930 23.36170 23.35180 23.35520 23.36620 23.37560 23.38090 23.38330 23.38930 23.40340 23.42380 23.44050 23.43540 23.40430 23.35620 23.30720 23.27380 23.25250 23.23890 23.25110 23.29020 23.30150 23.26650 23.23960 23.23680 23.22680 23.20310 23.17930 23.16160 23.15120
23.78320 23.77060 23.75860 23.74780 23.73850 23.73020 23.72040 23.70840 23.69510 23.68150 23.66850 23.65720 23.64840 23.64050 23.63210 23.62440 23.61820 23.61220 23.60570 23.60020 23.59480 23.58620 23.57300 23.55550 23.53470 23.51240 23.49240 23.47730 23.46270 23.44560 23.42770 23.41090 23.39680 23.38600 23.37820 23.37460 23.37740 23.38440 23.39200 23.39520 23.39320 23.39830 23.41660 23.43930 23.45460 23.44960 23.42100 23.37400 23.32230 23.28190 23.25770 23.25260 23.27900 23.32640 23.32310 24.10677 23.22760 23.25460 23.26370 23.24240 23.22600 23.22210 23.22390
23.81740 23.80560 23.79320 23.78010 23.76780 23.75660 23.74590 23.73470 23.72210 23.70890 23.69660 23.68590 23.67710 23.66990 23.66390 23.65800 23.65110 23.64200 23.63090 23.62070 23.61220 23.60320 23.59040 23.57020 23.54400 23.51550 23.48900 23.46750 23.45030 23.43560 23.42100 23.40750 23.39960 23.39780 23.39800 23.39870 23.40040 23.40290 23.40540 23.40500 23.40230 23.40930 23.43030 23.45140 23.46160 23.45540 23.42970 23.38470 23.33170 23.28750 23.26200 23.26380 23.30540 23.36620 23.34260 23.23190 23.21340 23.30760 23.35020 23.31960 23.30040 23.30320 23.30360
23.83620 23.82360 23.81150 23.80030 23.79010 23.78080 23.77250 23.76410 23.75320 23.74050 23.72840 23.71790 23.70920 23.70300 23.69960 23.69530 23.68700 23.67410 23.65800 23.64220 23.62900 23.61880 23.60630 23.58380 23.55270 23.51830 23.48540 23.45820 23.43890 23.42710 23.41710 23.40830 23.40730 23.41340 23.41880 23.42120 23.42150 23.42010 23.41720 23.41390 23.41360 23.42360 23.44380 23.45900 23.46090 23.45160 23.42850 23.38630 23.33420 23.28990 23.26700 23.27750 23.33110 23.40200 23.37990 23.26630 23.26240 23.38440 23.43410 23.39140 23.36630 23.36800 23.35940
23.84780 23.83460 23.82380 23.81660 23.81120 23.80620 23.80120 23.79470 23.78410 23.77050 23.75780 23.74760 23.74030 23.73650 23.73540 23.73260 23.72410 23.70920 23.68910 23.66750 23.64810 23.63420 23.62030 23.59640 23.56190 23.52120 23.48140 23.44930 23.42900 23.42000 23.41500 23.41200 23.41770 23.42990 23.43800 23.44000 23.43880 23.43510 23.42970 23.42650 23.42980 23.44090 23.45560 23.46060 23.45200 23.43800 23.41660 23.37850 23.33070 23.28990 23.27440 23.29800 23.35660 23.42600 23.44430 23.40670 23.40960 23.45950 23.45990 23.41250 23.38850 23.38570 23.37070
23.85610 23.84420 23.83640 23.83480 23.83560 23.83570 23.83350 23.82740 23.81600 23.80100 23.78680 23.77590 23.76960 23.76750 23.76790 23.76650 23.75930 23.74480 23.72320 23.69710 23.67100 23.65060 23.63230 23.60680 23.57060 23.52460 23.47820 23.44190 23.42050 23.41390 23.41330 23.41570 23.42670 23.44300 23.45350 23.45650 23.45600 23.45300 23.44780 23.44550 23.44980 23.45780 23.46330 23.45660 23.43760 23.41800 23.39700 23.36460 23.32490 23.29190 23.28550 23.32000 23.37840 23.44020 23.49480 23.53200 23.54030 23.51530 23.46170 23.40620 23.38480 23.38380 23.37030
23.86400 23.85590 23.85300 23.85780 23.86460 23.86860 23.86790 23.86160 23.84960 23.83380 23.81790 23.80500 23.79730 23.79450 23.79460 23.79410 23.78920 23.77740 23.75730 23.72920 23.69720 23.66830 23.64250 23.61460 23.57800 23.52830 23.47670 23.43660 23.41380 23.40840 23.41150 23.41890 23.43370 23.45260 23.46650 23.47390 23.47750 23.47750 23.47380 23.47080 23.47160 23.47230 23.46720 23.44980 23.42240 23.39770 23.37670 23.35130 23.32310 23.30060 23.30180 23.33980 23.39540 23.45010 23.50620 23.55640 23.57390 23.54550 23.47760 23.40710 23.38520 23.39410 23.38990
23.87430 23.87190 23.87410 23.88280 23.89220 23.89750 23.89730 23.89150 23.88060 23.86630 23.85070 23.83640 23.82540 23.81870 23.81600 23.81450 23.81090 23.80230 23.78560 23.75820 23.72230 23.68540 23.65150 23.62060 23.58360 23.53140 23.47620 23.43340 23.40950 23.40470 23.41190 23.42580 23.44540 23.46730 23.48550 23.49810 23.50540 23.50690 23.50270 23.49710 23.49310 23.48640 23.47180 23.44610 23.41360 23.38710 23.36880 23.35170 23.33430 23.32000 23.32490 23.36200 23.41450 23.46440 23.50900 23.54610 23.56980 23.56560 23.51280 23.44330 23.42030 23.43140 23.43390
23.88740 23.89110 23.89720 23.90640 23.91430 23.91810 23.91770 23.91340 23.90530 23.89450 23.88190 23.86790 23.85300 23.84040 23.83320 23.82920 23.82530 23.81880 23.80580 23.78050 23.74310 23.70050 23.65960 23.62510 23.58700 23.53330 23.47650 23.43320 23.40910 23.40520 23.41730 23.44000 23.46650 23.49220 23.51410 23.53030 23.53880 23.53930 23.53270 23.52390 23.51630 23.50430 23.48330 23.45250 23.41830 23.39460 23.38280 23.37400 23.36390 23.35290 23.35730 23.39130 23.44010 23.48650 23.52350 23.55060 23.57430 23.58570 23.55980 23.51370 23.49120 23.49110 23.49210
23.90040 23.90870 23.91710 23.92510 23.93060 23.93240 23.93120 23.92760 23.92150 23.91350 23.90440 23.89220 23.87490 23.85830 23.84850 23.84290 23.83790 23.83190 23.82080 23.79710 23.75920 23.71250 23.66570 23.62720 23.58740 23.53320 23.47770 23.43740 23.41590 23.41370 23.43110 23.46300 23.49640 23.52490 23.54780 23.56420 23.57300 23.57380 23.56790 23.55870 23.54850 23.53270 23.50800 23.47570 23.44350 23.42540 23.42110 23.41810 23.41100 23.40060 23.40240 23.43020 23.47200 23.51270 23.54400 23.56560 23.58700 23.60420 23.59910 23.57620 23.55620 23.54480 23.53910
23.91200 23.92300 23.93260 23.93930 23.94280 23.94280 23.94010 23.93520 23.92890 23.92230 23.91630 23.90710 23.89000 23.87180 23.86050 23.85360 23.84740 23.84090 23.83050 23.80760 23.76950 23.72000 23.66860 23.62620 23.58450 23.53150 23.48010 23.44600 23.42990 23.43140 23.45430 23.49350 23.53180 23.56100 23.58300 23.59840 23.60760 23.61070 23.60850 23.60190 23.59150 23.57430 23.54930 23.52000 23.49390 23.48290 23.48390 23.48250 23.47490 23.46520 23.46470 23.48350 23.51330 23.54370 23.56820 23.58630 23.60470 23.62150 23.62490 23.61440 23.59780 23.58090 23.56690
23.92310 23.93650 23.94690 23.95240 23.95390 23.95180 23.94610 23.93770 23.92920 23.92290 23.92060 23.91590 23.90100 23.88130 23.86500 23.85330 23.84520 23.83960 23.83140 23.81040 23.77260 23.72140 23.66700 23.62160 23.57900 23.52910 23.48390 23.45740 23.44880 23.45680 23.48510 23.52790 23.56680 23.59500 23.61780 23.63560 23.64650 23.65080 23.65000 23.64630 23.63990 23.62670 23.60600 23.58530 23.57110 23.56730 23.56870 23.56410 23.55490 23.54860 23.54890 23.55700 23.57040 23.58560 23.59930 23.61120 23.62540 23.64000 23.64580 23.64010 23.62540 23.60600 23.58590
23.93510 23.94960 23.96030 23.96480 23.96440 23.95970 23.94940 23.93520 23.92270 23.91590 23.91590 23.91470 23.90150 23.87980 23.85750 23.84090 23.83350 23.83120 23.82630 23.80780 23.77100 23.71870 23.66180 23.61440 23.57260 23.52820 23.49100 23.47280 23.47240 23.48800 23.52010 23.56220 23.59810 23.62460 23.64990 23.67220 23.68380 23.68650 23.68560 23.68490 23.68510 23.67850 23.66410 23.65510 23.65620 23.65940 23.65840 23.64980 23.64040 23.63960 23.64240 23.64090 23.63810 23.63770 23.63870 23.64110 23.64800 23.65720 23.66100 23.65590 23.64200 23.62170 23.59810
23.94930 23.96200 23.97140 23.97490 23.97300 23.96530 23.94900 23.92740 23.90990 23.90090 23.89930 23.89640 23.88210 23.85920 23.83570 23.82170 23.82120 23.82470 23.82180 23.80460 23.76890 23.71540 23.65560 23.60670 23.56750 23.53100 23.50400 23.49430 23.50140 23.52250 23.55500 23.59240 23.62420 23.64990 23.67750 23.70120 23.70910 23.70750 23.70810 23.71240 23.71740 23.71450 23.70410 23.70480 23.71960 23.72950 23.72820 23.72080 23.71530 23.71900 23.72280 23.71580 23.70380 23.69370 23.68490 23.67710 23.67140 23.66780 23.66450 23.65850 23.64590 23.62590 23.59980
23.96330 23.97320 23.98070 23.98330 23.97910 23.96630 23.94360 23.91590 23.89440 23.88270 23.87730 23.87050 23.85480 23.83410 23.81610 23.80940 23.81580 23.82290 23.81960 23.80130 23.76500 23.71000 23.64870 23.60020 23.56550 23.53870 23.52220 23.51980 23.53150 23.55500 23.58410 23.61430 23.64310 23.67160 23.70260 23.72620 23.72860 23.72170 23.72380 23.73230 23.73900 23.73640 23.72730 23.73320 23.75550 23.77020 23.77150 23.77010 23.77180 23.77780 23.78010 23.77070 23.75580 23.74160 23.72640 23.70860 23.68870 23.67000 23.65800 23.65010 23.63840 23.61940 23.59250
