data_raster/melanesia/PNMC_temperatures_2021/temperature-202110.grd
DSAA																																																																																																																																																																																																																																																																																																																																																																																																																											
412	268																																																																																																																																																																																																																																																																																																																																																																																																																										
156	174.5																																																																																																																																																																																																																																																																																																																																																																																																																										
-26.5	-14.5																																																																																																																																																																																																																																																																																																																																																																																																																										
19.0 30.5																																																																																																																																																																																																																																																																																																																																																																																																																										
[rows 196 to 223 of 268, columns 63 to 125 of 412]
26.85390 26.79050 26.72420 26.65090 26.58440 26.53690 26.51530 26.51340 26.51430 26.51570 26.52320 26.53000 26.52630 26.51670 26.50760 26.49750 26.48520 26.47320 26.46170 26.44720 26.43090 26.41840 26.40960 26.40120 26.38640 26.36020 26.32920 26.30220 26.28640 26.28360 26.28650 26.29330 26.30930 26.33540 26.36760 26.40130 26.43150 26.45550 26.47370 26.49530 26.52390 26.54610 26.55330 26.54920 26.53770 26.52190 26.50630 26.49490 26.48560 26.47370 26.46160 26.45200 26.44270 26.43330 26.42860 26.43150 26.44180 26.45480 26.46300 26.46250 26.45320 26.44150 26.43470
26.91630 26.84910 26.77840 26.69880 26.62560 26.57270 26.54710 26.54240 26.54050 26.53830 26.54140 26.54380 26.53670 26.52520 26.51570 26.50720 26.49840 26.49080 26.48340 26.47130 26.45570 26.44340 26.43570 26.42970 26.41880 26.39690 26.36820 26.33930 26.31810 26.30770 26.30350 26.30350 26.30990 26.32440 26.34790 26.37690 26.40640 26.43550 26.46580 26.50150 26.54210 26.57310 26.58590 26.58350 26.57070 26.55240 26.53320 26.51690 26.50240 26.48720 26.47340 26.46240 26.45040 26.43660 26.42860 26.43050 26.43940 26.45070 26.45840 26.45930 26.45300 26.44480 26.44170
26.97190 26.90250 26.82830 26.74370 26.66430 26.60470 26.57400 26.56600 26.56100 26.55480 26.55310 26.55150 26.54300 26.53190 26.52390 26.51760 26.51200 26.50820 26.50470 26.49630 26.48390 26.47370 26.46710 26.46200 26.45300 26.43520 26.40990 26.38110 26.35700 26.34160 26.33170 26.32450 26.31980 26.32060 26.33140 26.35130 26.37680 26.41000 26.45340 26.50360 26.55350 26.58970 26.60520 26.60460 26.59340 26.57650 26.55710 26.53730 26.51750 26.49840 26.48280 26.47180 26.45860 26.44090 26.43050 26.43310 26.44260 26.45360 26.46220 26.46580 26.46310 26.45810 26.45590
27.01900 26.94820 26.87160 26.78370 26.69950 26.63390 26.59830 26.58680 26.57850 26.56860 26.56260 26.55740 26.54780 26.53780 26.53170 26.52740 26.52330 26.52090 26.51910 26.51350 26.50420 26.49590 26.48990 26.48550 26.47850 26.46480 26.44280 26.41430 26.38850 26.37090 26.35940 26.35130 26.34400 26.33920 26.34170 26.35210 26.37040 26.40260 26.45300 26.51070 26.56260 26.59890 26.61560 26.61790 26.61020 26.59620 26.57740 26.55460 26.53080 26.50960 26.49350 26.48230 26.46760 26.44760 26.43700 26.44170 26.45220 26.46280 26.47230 26.47820 26.47810 26.47420 26.47030
27.05760 26.98600 26.90760 26.81780 26.73030 26.66010 26.62020 26.60550 26.59420 26.58120 26.57180 26.56380 26.55300 26.54340 26.53870 26.53570 26.53190 26.52900 26.52680 26.52250 26.51570 26.50840 26.50240 26.49860 26.49410 26.48470 26.46600 26.43760 26.41030 26.39170 26.38150 26.37700 26.37390 26.37140 26.37150 26.37600 26.38760 26.41600 26.46710 26.52460 26.57230 26.60510 26.62220 26.62730 26.62330 26.61140 26.59270 26.56840 26.54300 26.52160 26.50540 26.49290 26.47710 26.45770 26.44910 26.45600 26.46650 26.47560 26.48500 26.49260 26.49350 26.48900 26.48260
27.08950 27.01700 26.93700 26.84600 26.75620 26.68220 26.63890 26.62170 26.60810 26.59270 26.58110 26.57130 26.55940 26.54940 26.54500 26.54260 26.53920 26.53590 26.53310 26.52970 26.52500 26.51860 26.51240 26.50850 26.50600 26.50150 26.48690 26.45910 26.42990 26.40930 26.39840 26.39510 26.39410 26.39350 26.39430 26.39860 26.41010 26.43810 26.48780 26.54210 26.58490 26.61370 26.62960 26.63550 26.63270 26.62090 26.60190 26.57920 26.55570 26.53390 26.51580 26.50140 26.48660 26.47130 26.46620 26.47360 26.48220 26.48860 26.49680 26.50460 26.50610 26.50150 26.49430
27.11560 27.04280 26.96160 26.87000 26.77830 26.70110 26.65490 26.63600 26.62090 26.60400 26.59120 26.58060 26.56810 26.55730 26.55180 26.54890 26.54590 26.54300 26.54040 26.53830 26.53550 26.53050 26.52460 26.52070 26.51970 26.51950 26.50920 26.48250 26.45190 26.42860 26.41520 26.41020 26.40880 26.40900 26.41220 26.42040 26.43680 26.46750 26.51480 26.56430 26.60250 26.62780 26.64130 26.64550 26.64130 26.62830 26.60950 26.58930 26.56860 26.54650 26.52630 26.51060 26.49800 26.48850 26.48740 26.49400 26.49940 26.50210 26.50770 26.51450 26.51610 26.51270 26.50700
27.13680 27.06520 26.98380 26.89140 26.79810 26.71840 26.66990 26.64930 26.63330 26.61610 26.60330 26.59270 26.58000 26.56820 26.56090 26.55620 26.55270 26.55050 26.54980 26.54980 26.54900 26.54590 26.54160 26.53860 26.53880 26.54140 26.53400 26.50900 26.47850 26.45360 26.43790 26.43130 26.43020 26.43300 26.43980 26.45250 26.47410 26.50710 26.55060 26.59390 26.62730 26.64900 26.65940 26.66000 26.65260 26.63930 26.62190 26.60210 26.58110 26.55980 26.54040 26.52470 26.51410 26.50960 26.51170 26.51760 26.51980 26.51840 26.52010 26.52420 26.52570 26.52440 26.52190
27.15350 27.08350 27.00220 26.90930 26.81500 26.73390 26.68370 26.66170 26.64550 26.62900 26.61690 26.60680 26.59430 26.58200 26.57290 26.56620 26.56160 26.56050 26.56290 26.56560 26.56670 26.56590 26.56400 26.56250 26.56350 26.56690 26.56090 26.53790 26.50860 26.48330 26.46630 26.45900 26.45990 26.46680 26.47750 26.49370 26.51920 26.55320 26.59280 26.63020 26.65890 26.67680 26.68350 26.68030 26.67000 26.65610 26.63950 26.61900 26.59680 26.57610 26.55800 26.54340 26.53540 26.53520 26.54000 26.54490 26.54430 26.53900 26.53590 26.53620 26.53750 26.53860 26.53940
27.16650 27.09720 27.01580 26.92280 26.82830 26.74680 26.69570 26.67280 26.65710 26.64210 26.63120 26.62170 26.60970 26.59740 26.58780 26.58000 26.57450 26.57470 26.58030 26.58580 26.58890 26.59030 26.59060 26.59050 26.59170 26.59420 26.58840 26.56770 26.54050 26.51560 26.49880 26.49270 26.49680 26.50790 26.52150 26.53970 26.56720 26.60160 26.63810 26.67120 26.69610 26.71010 26.71270 26.70680 26.69510 26.67960 26.66120 26.64080 26.61900 26.59730 26.57860 26.56600 26.56180 26.56600 26.57260 26.57630 26.57310 26.56460 26.55680 26.55280 26.55340 26.55620 26.55870
27.17760 27.10880 27.02700 26.93360 26.83890 26.75670 26.70490 26.68180 26.66710 26.65380 26.64410 26.63530 26.62400 26.61240 26.60340 26.59580 26.59020 26.59120 26.59900 26.60670 26.61160 26.61520 26.61750 26.61800 26.61840 26.61940 26.61390 26.59660 26.57340 26.55160 26.53840 26.53650 26.54410 26.55730 26.57180 26.59050 26.61850 26.65260 26.68680 26.71650 26.73810 26.74880 26.74850 26.74000 26.72580 26.70800 26.68810 26.66710 26.64520 26.62270 26.60450 26.59530 26.59510 26.60150 26.60820 26.61040 26.60500 26.59380 26.58240 26.57490 26.57320 26.57510 26.57750
27.18800 27.12010 27.03790 26.94390 26.84790 26.76410 26.71130 26.68840 26.67480 26.66300 26.65440 26.64630 26.63590 26.62560 26.61800 26.61170 26.60680 26.60830 26.61650 26.62530 26.63210 26.63790 26.64190 26.64210 26.64110 26.64150 26.63750 26.62470 26.60740 26.59200 26.58590 26.59090 26.60140 26.61400 26.62740 26.64540 26.67310 26.70660 26.73910 26.76590 26.78380 26.79230 26.79090 26.77910 26.76000 26.74040 26.72090 26.69800 26.67360 26.65150 26.63650 26.63140 26.63370 26.63940 26.64430 26.64480 26.63760 26.62470 26.61230 26.60330 26.59840 26.59670 26.59780
27.19670 27.13030 27.04860 26.95410 26.85660 26.77070 26.71690 26.69430 26.68170 26.67090 26.66270 26.65530 26.64630 26.63780 26.63160 26.62660 26.62300 26.62510 26.63350 26.64340 26.65230 26.65980 26.66460 26.66550 26.66550 26.66750 26.66610 26.65710 26.64480 26.63550 26.63560 26.64560 26.65840 26.67040 26.68220 26.69920 26.72790 26.76230 26.79390 26.81820 26.83300 26.83850 26.83470 26.82050 26.79920 26.77880 26.75900 26.73430 26.70740 26.68490 26.67070 26.66640 26.66860 26.67310 26.67630 26.67510 26.66750 26.65590 26.64610 26.63980 26.63550 26.63270 26.63200
27.20350 27.13880 27.05830 26.96380 26.86510 26.77760 26.72290 26.70070 26.68880 26.67850 26.67020 26.66310 26.65620 26.65000 26.64510 26.64110 26.63890 26.64220 26.65150 26.66310 26.67420 26.68280 26.68830 26.69150 26.69520 26.70100 26.70280 26.69600 26.68620 26.68020 26.68300 26.69440 26.70770 26.71970 26.73100 26.74860 26.77970 26.81650 26.84750 26.86980 26.88260 26.88470 26.87670 26.86170 26.84300 26.82350 26.80270 26.77740 26.75020 26.72610 26.70890 26.70100 26.70020 26.70320 26.70460 26.70160 26.69480 26.68730 26.68370 26.68430 26.68640 26.68750 26.68700
27.20980 27.14630 27.06660 26.97180 26.87220 26.78380 26.72880 26.70670 26.69560 26.68590 26.67750 26.67080 26.66630 26.66290 26.65980 26.65720 26.65660 26.66160 26.67250 26.68580 26.69850 26.70890 26.71670 26.72270 26.72960 26.73900 26.74370 26.73870 26.72960 26.72360 26.72690 26.73840 26.74890 26.75750 26.77070 26.79320 26.82680 26.86300 26.89210 26.91310 26.92570 26.92680 26.91680 26.90250 26.88760 26.87170 26.85300 26.82990 26.80450 26.78050 26.76190 26.75070 26.74500 26.74160 26.73740 26.73140 26.72510 26.72190 26.72550 26.73480 26.74520 26.75330 26.75860
27.21610 27.15300 27.07320 26.97790 26.87790 26.78940 26.73430 26.71230 26.70180 26.69290 26.68480 26.67880 26.67640 26.67580 26.67500 26.67450 26.67610 26.68330 26.69620 26.71090 26.72500 26.73840 26.75000 26.75910 26.76820 26.77890 26.78480 26.78080 26.77140 26.76340 26.76560 26.77630 26.78170 26.78500 26.80210 26.83250 26.86740 26.90020 26.92630 26.94620 26.95960 26.96210 26.95360 26.94180 26.93090 26.92040 26.90760 26.88950 26.86810 26.84790 26.83190 26.82080 26.81050 26.79830 26.78620 26.77620 26.76980 26.76950 26.77890 26.79530 26.81230 26.82780 26.84290
27.22110 27.15800 27.07850 26.98310 26.88330 26.79550 26.74050 26.71820 26.70750 26.69890 26.69140 26.68650 26.68590 26.68710 26.68780 26.68970 26.69510 26.70510 26.71940 26.73580 26.75260 26.76920 26.78470 26.79830 26.81020 26.82000 26.82340 26.81770 26.80700 26.79750 26.79680 26.80330 26.80560 26.80900 26.83000 26.86500 26.90030 26.93090 26.95540 26.97390 26.98600 26.98920 26.98420 26.97740 26.97190 26.96700 26.96010 26.94840 26.93410 26.92130 26.91130 26.90330 26.89320 26.87900 26.86320 26.84980 26.84320 26.84560 26.85720 26.87510 26.89480 26.91510 26.93660
27.22510 27.16200 27.08280 26.98780 26.88880 26.80240 26.74780 26.72480 26.71360 26.70510 26.69820 26.69440 26.69530 26.69770 26.69910 26.70310 26.71250 26.72510 26.74020 26.75900 26.78020 26.80050 26.81910 26.83670 26.85110 26.85950 26.85960 26.85110 26.83900 26.82840 26.82350 26.82440 26.82720 26.83590 26.85950 26.89370 26.92770 26.95720 26.98070 26.99740 27.00710 27.01040 27.00940 27.00840 27.00870 27.00840 27.00600 27.00050 26.99420 26.99000 26.98720 26.98430 26.97880 26.96910 26.95540 26.94170 26.93680 26.94270 26.95450 26.96990 26.98870 27.00920 27.02950
27.22890 27.16600 27.08690 26.99190 26.89420 26.81020 26.75670 26.73300 26.72170 26.71360 26.70690 26.70360 26.70600 26.70990 26.71200 26.71710 26.72830 26.74210 26.75790 26.78010 26.80690 26.83170 26.85240 26.87020 26.88440 26.89340 26.89450 26.88660 26.87390 26.86130 26.85260 26.85060 26.85650 26.87120 26.89490 26.92410 26.95370 26.98010 27.00100 27.01610 27.02550 27.03020 27.03210 27.03470 27.03850 27.04170 27.04280 27.04150 27.04020 27.04190 27.04540 27.04800 27.04760 27.04280 27.03400 27.02560 27.02650 27.03740 27.05110 27.06540 27.08140 27.09670 27.10820
27.23240 27.16960 27.09060 26.99560 26.89960 26.81870 26.76670 26.74280 26.73130 26.72380 26.71740 26.71440 26.71750 26.72270 26.72610 26.73190 26.74280 26.75700 26.77520 26.80140 26.83300 26.86100 26.88230 26.89810 26.91040 26.92060 26.92490 26.92040 26.90930 26.89590 26.88580 26.88390 26.89300 26.91140 26.93350 26.95710 26.98100 27.00280 27.02010 27.03340 27.04360 27.05030 27.05430 27.05850 27.06380 27.06900 27.07260 27.07350 27.07450 27.07970 27.08720 27.09370 27.09640 27.09440 27.09110 27.09110 27.09940 27.11500 27.13150 27.14610 27.15870 27.16720 27.16950
27.23470 27.17200 27.09320 26.99900 26.90520 26.82740 26.77750 26.75390 26.74190 26.73420 26.72890 26.72670 26.72900 26.73400 26.73980 26.74670 26.75660 26.77220 26.79530 26.82570 26.85870 26.88640 26.90680 26.92130 26.93240 26.94170 26.94700 26.94610 26.93920 26.92900 26.92140 26.92150 26.93190 26.95020 26.97080 26.99130 27.01130 27.02900 27.04290 27.05410 27.06380 27.07140 27.07730 27.08260 27.08830 27.09410 27.09890 27.10110 27.10390 27.11130 27.12070 27.12760 27.13030 27.12940 27.13050 27.13740 27.15100 27.16890 27.18640 27.20080 27.21050 27.21560 27.21700
27.23530 27.17250 27.09410 27.00120 26.91020 26.83600 26.78870 26.76580 26.75380 26.74630 26.74210 26.74090 26.74230 26.74660 26.75340 26.76090 26.77020 26.78890 26.81850 26.85200 26.88340 26.90870 26.92750 26.94170 26.95240 26.96010 26.96480 26.96620 26.96290 26.95650 26.95330 26.95740 26.96970 26.98790 27.00790 27.02740 27.04510 27.05970 27.07080 27.07980 27.08820 27.09540 27.10130 27.10660 27.11180 27.11710 27.12170 27.12450 27.12880 27.13830 27.14870 27.15480 27.15670 27.15720 27.16210 27.17420 27.19140 27.21070 27.22880 27.24310 27.25170 27.25640 27.26000
27.23410 27.17120 27.09330 27.00200 26.91430 26.84460 26.80030 26.77850 26.76760 26.76130 26.75770 26.75670 26.75880 26.76290 26.76820 26.77470 26.78560 26.80890 26.84410 26.87870 26.90680 26.92930 26.94700 26.96060 26.97090 26.97840 26.98320 26.98480 26.98180 26.97640 26.97700 26.98730 27.00480 27.02580 27.04670 27.06570 27.08190 27.09460 27.10340 27.11070 27.11810 27.12370 27.12680 27.12980 27.13350 27.13730 27.14050 27.14310 27.14840 27.16000 27.17210 27.17850 27.18140 27.18500 27.19420 27.21080 27.23150 27.25310 27.27270 27.28810 27.29800 27.30340 27.30610
27.23230 27.16960 27.09280 27.00420 26.92070 26.85560 26.81390 26.79270 26.78230 26.77670 26.77320 26.77260 26.77600 26.78060 26.78450 26.79180 26.80780 26.83630 26.87370 26.90630 26.93000 26.94900 26.96490 26.97730 26.98700 26.99500 27.00040 27.00190 26.99870 26.99400 26.99880 27.01600 27.03880 27.06240 27.08420 27.10340 27.11980 27.13240 27.14080 27.14710 27.15270 27.15530 27.15460 27.15420 27.15550 27.15650 27.15710 27.15850 27.16400 27.17670 27.19010 27.19800 27.20320 27.21040 27.22390 27.24440 27.26860 27.29270 27.31360 27.33010 27.34220 27.34920 27.35050
27.23120 27.16890 27.09420 27.00970 26.93080 26.86970 26.82990 26.80850 26.79720 26.79080 26.78740 26.78750 26.79220 26.79770 26.80250 26.81440 26.83880 26.87220 26.90760 26.93560 26.95450 26.96950 26.98230 26.99260 27.00120 27.00930 27.01520 27.01740 27.01550 27.01380 27.02360 27.04650 27.07210 27.09570 27.11800 27.13860 27.15680 27.17120 27.18090 27.18670 27.18940 27.18830 27.18440 27.18130 27.17940 27.17670 27.17360 27.17260 27.17710 27.18920 27.20300 27.21250 27.22040 27.23070 27.24780 27.27230 27.29940 27.32500 27.34620 27.36300 27.37720 27.38670 27.38890
27.23120 27.16950 27.09700 27.01680 26.94240 26.88410 26.84530 26.82370 26.81180 26.80510 26.80200 26.80300 26.80870 26.81540 26.82190 26.83960 26.87330 26.91080 26.94290 26.96620 26.98170 26.99340 27.00300 27.01120 27.01850 27.02510 27.03000 27.03220 27.03240 27.03460 27.04860 27.07460 27.10110 27.12480 27.14900 27.17260 27.19250 27.20750 27.21740 27.22240 27.22310 27.21980 27.21430 27.20930 27.20500 27.19860 27.19140 27.18740 27.18980 27.20000 27.21300 27.22370 27.23400 27.24740 27.26810 27.29620 27.32540 27.35140 27.37250 27.39000 27.40640 27.41910 27.42480
27.23230 27.17120 27.10060 27.02430 26.95330 26.89660 26.85830 26.83670 26.82540 26.81990 26.81790 26.81990 26.82670 26.83460 26.84310 26.86580 26.90690 26.94760 26.97650 26.99660 27.01070 27.02070 27.02850 27.03570 27.04180 27.04600 27.04830 27.04920 27.05070 27.05640 27.07230 27.09790 27.12440 27.14990 27.17780 27.20490 27.22540 27.23880 27.24620 27.24950 27.24980 27.24670 27.24100 27.23560 27.23010 27.22120 27.21050 27.20340 27.20320 27.21070 27.22190 27.23290 27.24510 27.26130 27.28550 27.31670 27.34700 27.37270 27.39430 27.41380 27.43290 27.44940 27.45980
27.23410 27.17390 27.10520 27.03200 26.96340 26.90730 26.86870 26.84710 26.83690 26.83350 26.83360 26.83740 26.84580 26.85550 26.86650 26.89320 26.93900 26.98050 27.00610 27.02350 27.03720 27.04740 27.05560 27.06370 27.07030 27.07340 27.07370 27.07300 27.07460 27.08190 27.09680 27.11880 27.14490 27.17360 27.20420 27.23230 27.25230 27.26340 27.26740 27.26800 27.26780 27.26540 27.26070 27.25610 27.25090 27.24100 27.22850 27.21940 27.21690 27.22150 27.23030 27.24070 27.25370 27.27190 27.29850 27.33150 27.36210 27.38740 27.41100 27.43440 27.45730 27.47740 27.49200
