data_raster/melanesia/PNMC_temperatures_2021/temperature-202107.grd
DSAA																																																																																																																																																																																																																																																																																																																																																																																																																											
412	268																																																																																																																																																																																																																																																																																																																																																																																																																										
156	174.5																																																																																																																																																																																																																																																																																																																																																																																																																										
-26.5	-14.5																																																																																																																																																																																																																																																																																																																																																																																																																										
19.0 30.5																																																																																																																																																																																																																																																																																																																																																																																																																										
[rows 28 to 55 of 268, columns 0 to 62 of 412]
21.95600 21.92330 21.88460 21.83720 21.78650 21.73570 21.68280 21.63040 21.58670 21.55530 21.53590 21.52310 21.51030 21.49450 21.47610 21.46230 21.45750 21.45590 21.45520 21.45970 21.46940 21.47930 21.48810 21.49660 21.50380 21.50770 21.50870 21.50740 21.50410 21.49900 21.49220 21.48460 21.47780 21.47300 21.47060 21.47050 21.47190 21.47390 21.47530 21.47560 21.47460 21.47250 21.47000 21.46870 21.46960 21.47300 21.47830 21.48400 21.48930 21.49390 21.49550 21.49200 21.48350 21.47020 21.45170 21.42960 21.40870 21.38990 21.36910 21.34620 21.32440 21.30700 21.29660
21.93870 21.89810 21.85400 21.80390 21.74830 21.69040 21.63770 21.59540 21.56600 21.54760 21.53510 21.52340 21.50780 21.49030 21.47460 21.46510 21.46290 21.46260 21.46230 21.46680 21.47530 21.48170 21.48550 21.49040 21.49550 21.49870 21.50020 21.50090 21.49940 21.49520 21.48910 21.48260 21.47700 21.47300 21.46980 21.46730 21.46570 21.46470 21.46410 21.46350 21.46310 21.46320 21.46460 21.46830 21.47450 21.48250 21.49100 21.49820 21.50310 21.50520 21.50330 21.49660 21.48540 21.47020 21.45130 21.43100 21.41430 21.40190 21.38920 21.37510 21.36140 21.35040 21.34410
21.91430 21.86700 21.81720 21.76320 21.70580 21.64970 21.60560 21.57740 21.56090 21.55020 21.53880 21.52400 21.50570 21.48860 21.47720 21.47120 21.46890 21.46810 21.46860 21.47210 21.47720 21.47960 21.47970 21.48120 21.48380 21.48630 21.48840 21.49030 21.49060 21.48850 21.48520 21.48150 21.47810 21.47460 21.47000 21.46470 21.45990 21.45620 21.45380 21.45290 21.45360 21.45640 21.46190 21.46990 21.48000 21.49050 21.50000 21.50670 21.50990 21.50920 21.50500 21.49780 21.48760 21.47410 21.45820 21.44230 21.43030 21.42310 21.41740 21.41210 21.40770 21.40480 21.40420
21.88440 21.83160 21.77610 21.71780 21.66370 21.62050 21.59220 21.57720 21.56730 21.55690 21.54280 21.52520 21.50670 21.49190 21.48430 21.48010 21.47590 21.47410 21.47570 21.47770 21.47850 21.47800 21.47660 21.47490 21.47390 21.47450 21.47580 21.47690 21.47770 21.47830 21.47850 21.47820 21.47690 21.47380 21.46820 21.46130 21.45520 21.45070 21.44790 21.44750 21.45000 21.45550 21.46390 21.47400 21.48470 21.49450 21.50210 21.50650 21.50750 21.50580 21.50250 21.49850 21.49280 21.48470 21.47450 21.46370 21.45590 21.45240 21.45210 21.45440 21.45840 21.46300 21.46740
21.84880 21.78990 21.73210 21.67820 21.63540 21.60780 21.59290 21.58520 21.57620 21.56280 21.54630 21.52890 21.51330 21.50270 21.49830 21.49550 21.49150 21.49030 21.49280 21.49400 21.49210 21.48910 21.48550 21.48070 21.47620 21.47420 21.47380 21.47370 21.47460 21.47670 21.47940 21.48150 21.48180 21.47920 21.47330 21.46540 21.45810 21.45260 21.44970 21.45010 21.45400 21.46070 21.46930 21.47870 21.48760 21.49530 21.50090 21.50430 21.50590 21.50680 21.50780 21.50940 21.51030 21.50890 21.50450 21.49770 21.49200 21.48980 21.49190 21.49800 21.50640 21.51490 21.52100
21.80880 21.74610 21.69170 21.65170 21.62570 21.61100 21.60290 21.59610 21.58520 21.56980 21.55370 21.53970 21.52990 21.52460 21.52290 21.52210 21.52070 21.52130 21.52420 21.52520 21.52260 21.51770 21.51120 21.50390 21.49720 21.49290 21.49090 21.49040 21.49140 21.49380 21.49710 21.50020 21.50150 21.49980 21.49430 21.48600 21.47700 21.46940 21.46500 21.46440 21.46750 21.47270 21.47870 21.48510 21.49160 21.49770 21.50320 21.50820 21.51330 21.51930 21.52630 21.53380 21.54050 21.54460 21.54410 21.53900 21.53310 21.52940 21.53010 21.53520 21.54340 21.55140 21.55620
21.76770 21.71060 21.66630 21.64200 21.63020 21.62340 21.61790 21.61070 21.59930 21.58540 21.57320 21.56490 21.56160 21.56150 21.56260 21.56360 21.56420 21.56570 21.56770 21.56780 21.56500 21.55930 21.55190 21.54460 21.53830 21.53370 21.53110 21.53070 21.53210 21.53470 21.53790 21.54100 21.54280 21.54220 21.53830 21.53120 21.52130 21.51060 21.50140 21.49530 21.49290 21.49300 21.49450 21.49790 21.50320 21.51000 21.51770 21.52560 21.53420 21.54460 21.55560 21.56600 21.57470 21.58040 21.58070 21.57520 21.56730 21.56000 21.55590 21.55600 21.56040 21.56640 21.57030
21.73160 21.68940 21.65930 21.64730 21.64390 21.64080 21.63600 21.62870 21.61920 21.60950 21.60300 21.60070 21.60230 21.60550 21.60800 21.60960 21.61050 21.61100 21.61120 21.61020 21.60730 21.60240 21.59650 21.59160 21.58780 21.58480 21.58350 21.58430 21.58670 21.59010 21.59370 21.59690 21.59910 21.59980 21.59830 21.59370 21.58500 21.57300 21.55910 21.54620 21.53640 21.52950 21.52520 21.52440 21.52750 21.53400 21.54280 21.55270 21.56380 21.57640 21.58910 21.59980 21.60790 21.61280 21.61240 21.60590 21.59570 21.58420 21.57380 21.56700 21.56590 21.56880 21.57240
21.70830 21.68420 21.66780 21.66260 21.66220 21.66070 21.65640 21.64940 21.64220 21.63670 21.63450 21.63560 21.63840 21.64110 21.64210 21.64190 21.64130 21.64020 21.63880 21.63710 21.63510 21.63230 21.62940 21.62760 21.62690 21.62690 21.62830 21.63180 21.63670 21.64220 21.64740 21.65180 21.65520 21.65740 21.65830 21.65720 21.65260 21.64430 21.63240 21.61860 21.60510 21.59250 21.58190 21.57380 21.56910 21.56870 21.57270 21.58110 21.59290 21.60650 21.61980 21.63090 21.63930 21.64460 21.64490 21.63920 21.62830 21.61380 21.59830 21.58520 21.57840 21.57710 21.57850
21.70130 21.69220 21.68570 21.68320 21.68280 21.68190 21.67810 21.67180 21.66640 21.66360 21.66340 21.66470 21.66570 21.66530 21.66300 21.66000 21.65740 21.65500 21.65280 21.65140 21.65100 21.65090 21.65140 21.65270 21.65490 21.65770 21.66210 21.66880 21.67700 21.68560 21.69390 21.70110 21.70700 21.71160 21.71520 21.71790 21.71900 21.71760 21.71270 21.70430 21.69280 21.67960 21.66600 21.65220 21.63940 21.62960 21.62500 21.62770 21.63650 21.64820 21.66010 21.67010 21.67770 21.68280 21.68370 21.67930 21.66930 21.65400 21.63470 21.61520 21.60090 21.59270 21.58900
21.71020 21.70800 21.70610 21.70460 21.70390 21.70310 21.69990 21.69450 21.69040 21.68850 21.68770 21.68690 21.68480 21.68120 21.67650 21.67180 21.66840 21.66570 21.66390 21.66340 21.66450 21.66700 21.67060 21.67460 21.67880 21.68340 21.68950 21.69810 21.70900 21.72120 21.73360 21.74500 21.75490 21.76320 21.77030 21.77680 21.78290 21.78770 21.79020 21.78950 21.78560 21.77890 21.76990 21.75830 21.74480 21.73080 21.71920 21.71320 21.71360 21.71930 21.72650 21.73140 21.73400 21.73490 21.73320 21.72810 21.71930 21.70510 21.68270 21.65530 21.63040 21.61140 21.59900
21.72520 21.72450 21.72360 21.72270 21.72210 21.72140 21.71900 21.71520 21.71210 21.71010 21.70760 21.70410 21.69930 21.69380 21.68840 21.68380 21.68070 21.67880 21.67810 21.67860 21.68080 21.68520 21.69110 21.69720 21.70290 21.70830 21.71450 21.72290 21.73420 21.74820 21.76380 21.77960 21.79410 21.80650 21.81700 21.82630 21.83550 21.84420 21.85170 21.85770 21.86190 21.86400 21.86330 21.85900 21.85080 21.83860 21.82460 21.81260 21.80580 21.80590 21.80820 21.80760 21.80400 21.79840 21.79100 21.78210 21.77270 21.75990 21.73710 21.70510 21.67080 21.63940 21.61530
21.73590 21.73560 21.73510 21.73450 21.73410 21.73400 21.73320 21.73180 21.73000 21.72770 21.72400 21.71880 21.71280 21.70710 21.70280 21.69970 21.69770 21.69690 21.69720 21.69850 21.70130 21.70670 21.71410 21.72180 21.72880 21.73460 21.73980 21.74560 21.75380 21.76610 21.78230 21.80100 21.81940 21.83560 21.84870 21.85950 21.86970 21.87950 21.88860 21.89720 21.90560 21.91330 21.91920 21.92220 21.92090 21.91410 21.90340 21.89250 21.88530 21.88410 21.88500 21.88240 21.87540 21.86450 21.85060 21.83580 21.82310 21.81090 21.79190 21.76310 21.72510 21.68360 21.64660
21.73930 21.74070 21.74140 21.74130 21.74140 21.74230 21.74350 21.74420 21.74400 21.74220 21.73820 21.73260 21.72640 21.72120 21.71810 21.71620 21.71490 21.71470 21.71590 21.71810 21.72180 21.72780 21.73580 21.74450 21.75250 21.75880 21.76280 21.76520 21.76870 21.77640 21.79010 21.80950 21.83090 21.85110 21.86730 21.87990 21.89100 21.90050 21.90830 21.91620 21.92580 21.93620 21.94580 21.95320 21.95660 21.95440 21.94750 21.93940 21.93370 21.93260 21.93310 21.93080 21.92420 21.91300 21.89820 21.88190 21.86860 21.85820 21.84520 21.82310 21.78630 21.74030 21.69550
21.73560 21.73930 21.74170 21.74240 21.74370 21.74680 21.75050 21.75390 21.75640 21.75690 21.75440 21.74950 21.74400 21.73920 21.73610 21.73370 21.73120 21.72960 21.72970 21.73190 21.73610 21.74240 21.75050 21.75980 21.76900 21.77620 21.78000 21.77990 21.77880 21.78030 21.78920 21.80690 21.83010 21.85450 21.87520 21.89160 21.90510 21.91490 21.92010 21.92530 21.93450 21.94580 21.95690 21.96550 21.96990 21.96870 21.96270 21.95480 21.94810 21.94530 21.94440 21.94230 21.93840 21.93240 21.92390 21.91410 21.90660 21.90160 21.89500 21.87930 21.84620 21.80190 21.75780
21.72920 21.72920 21.72990 21.73200 21.73640 21.74360 21.75350 21.76470 21.77420 21.78020 21.78200 21.78040 21.77690 21.77300 21.76940 21.76430 21.75660 21.74810 21.74110 21.73740 21.73810 21.74290 21.75120 21.76150 21.77250 21.78230 21.78770 21.78680 21.78200 21.77820 21.78180 21.79600 21.81930 21.84710 21.87310 21.89510 21.91350 21.92560 21.92930 21.93130 21.93800 21.94940 21.96280 21.97340 21.97840 21.97740 21.97160 21.96300 21.95450 21.94890 21.94520 21.94160 21.93800 21.93440 21.93140 21.93010 21.93240 21.93680 21.93810 21.92820 21.89890 21.85780 21.81680
21.73620 21.72660 21.72130 21.72330 21.73080 21.74290 21.76160 21.78430 21.80380 21.81710 21.82460 21.82750 21.82670 21.82380 21.81910 21.80980 21.79400 21.77470 21.75560 21.74090 21.73340 21.73380 21.74050 21.75060 21.76290 21.77630 21.78500 21.78450 21.77790 21.77060 21.76980 21.78020 21.80210 21.83190 21.86280 21.89170 21.91690 21.93380 21.93910 21.93930 21.94240 21.95210 21.96760 21.98150 21.98890 21.98990 21.98540 21.97720 21.96780 21.95930 21.95170 21.94430 21.93670 21.92990 21.92770 21.93290 21.94510 21.96020 21.96960 21.96450 21.93780 21.89840 21.85900
21.78870 21.77320 21.76170 21.75750 21.76200 21.77570 21.79830 21.82570 21.85010 21.86730 21.87660 21.87980 21.87990 21.87660 21.86880 21.85480 21.83400 21.80840 21.78190 21.75970 21.74480 21.73690 21.73530 21.73920 21.74880 21.76350 21.77490 21.77540 21.76810 21.75900 21.75540 21.76280 21.78290 21.81350 21.84880 21.88420 21.91570 21.93870 21.94980 21.95270 21.95320 21.95750 21.96840 21.98120 21.99160 21.99670 21.99570 21.98980 21.98070 21.97010 21.95840 21.94580 21.93360 21.92430 21.92300 21.93240 21.95030 21.97060 21.98310 21.97970 21.95470 21.91680 21.87760
21.89730 21.88250 21.86670 21.85170 21.84660 21.85580 21.87440 21.89640 21.91600 21.92870 21.93210 21.92970 21.92680 21.92130 21.90980 21.89290 21.87210 21.84690 21.81960 21.79600 21.77750 21.76040 21.74570 21.73710 21.73830 21.75040 21.76230 21.76360 21.75650 21.74660 21.74140 21.74670 21.76540 21.79640 21.83510 21.87580 21.91250 21.94160 21.96110 21.97070 21.97210 21.97070 21.97170 21.97830 21.98900 21.99650 21.99760 21.99310 21.98420 21.97220 21.95750 21.94040 21.92530 21.91670 21.91790 21.92950 21.94770 21.96590 21.97550 21.97020 21.94700 21.91220 21.87520
22.04870 22.03560 22.01760 21.99470 21.97880 21.97710 21.98540 21.99640 22.00120 21.99720 21.98690 21.97460 21.96480 21.95530 21.94290 21.92780 21.91000 21.88670 21.85950 21.83660 21.81850 21.79780 21.77380 21.75110 21.73870 21.74400 21.75410 21.75530 21.74830 21.73800 21.73140 21.73480 21.75240 21.78400 21.82500 21.86960 21.91120 21.94600 21.97180 21.98850 21.99690 21.99730 21.99310 21.99250 21.99660 21.99750 21.99230 21.98290 21.97090 21.95760 21.94190 21.92360 21.90820 21.90120 21.90430 21.91630 21.93190 21.94480 21.94840 21.93960 21.91860 21.89100 21.86330
22.20810 22.19220 22.17160 22.14520 22.12220 22.10890 22.10510 22.10360 22.09140 22.06830 22.04390 22.02150 22.00150 21.98530 21.97380 21.96350 21.95010 21.92910 21.90230 21.88090 21.86550 21.84570 21.81700 21.78160 21.75400 21.74920 21.75480 21.75480 21.74770 21.73650 21.72800 21.72910 21.74600 21.77880 21.82180 21.86910 21.91500 21.95450 21.98430 22.00700 22.02460 22.03300 22.03150 22.02740 22.02300 22.01330 21.99740 21.97830 21.95900 21.94170 21.92490 21.90720 21.89320 21.88740 21.89060 21.90100 21.91320 21.92130 21.91970 21.90800 21.89040 21.87210 21.85740
22.33450 22.30720 22.27960 22.25240 22.22870 22.21060 22.19770 22.18530 22.16440 22.13600 22.10800 22.08010 22.04900 22.02320 22.01030 22.00360 21.99450 21.97730 21.95400 21.93590 21.92300 21.90280 21.86990 21.82550 21.78620 21.76970 21.76750 21.76530 21.75760 21.74450 21.73290 21.73130 21.74780 21.78250 21.82790 21.87740 21.92580 21.96850 22.00250 22.02990 22.05250 22.06770 22.07410 22.07440 22.06930 22.05680 22.03610 22.00820 21.97800 21.95180 21.93000 21.91170 21.89850 21.89230 21.89350 21.90080 21.91030 21.91670 21.91410 21.90320 21.88970 21.87850 21.87250
22.44490 22.40460 22.36810 22.33780 22.31220 22.28880 22.26520 22.24020 22.21410 22.18790 22.16230 22.13360 22.09870 22.06870 22.05430 22.04790 22.03970 22.02570 22.00780 21.99500 21.98560 21.96590 21.93090 21.88330 21.83770 21.81010 21.79710 21.78920 21.77830 21.76140 21.74570 21.74070 21.75700 21.79410 21.84170 21.89280 21.94240 21.98730 22.02540 22.05590 22.07910 22.09690 22.11000 22.11700 22.11630 22.10610 22.08520 22.05290 22.01540 21.98170 21.95480 21.93520 21.92200 21.91420 21.91220 21.91570 21.92260 21.92860 21.92730 21.91880 21.90840 21.90090 21.89980
22.57110 22.52640 22.48410 22.44540 22.40820 22.36980 22.32830 22.28570 22.24880 22.21830 22.19040 22.16320 22.13660 22.11510 22.10220 22.09250 22.08060 22.06670 22.05380 22.04800 22.04480 22.02980 21.99840 21.95470 21.90920 21.87330 21.84750 21.82810 21.80830 21.78510 21.76450 21.75600 21.77190 21.81100 21.86010 21.91150 21.96200 22.00890 22.04940 22.08100 22.10240 22.11810 22.13080 22.13930 22.14070 22.13070 22.10880 22.07800 22.04370 22.01190 21.98570 21.96640 21.95270 21.94320 21.93820 21.93780 21.94100 21.94450 21.94330 21.93610 21.92580 21.91930 21.92310
22.68690 22.64930 22.60940 22.56570 22.51870 22.46850 22.41440 22.35940 22.31020 22.26810 22.23000 22.19690 22.17090 22.15140 22.13650 22.12470 22.11430 22.10360 22.09460 22.09410 22.09730 22.08830 22.06390 22.03050 21.99230 21.95230 21.91370 21.87810 21.84410 21.81160 21.78560 21.77450 21.79030 21.83050 21.88000 21.93140 21.98230 22.02940 22.06920 22.09780 22.11400 22.12400 22.13290 22.14090 22.14390 22.13380 22.11140 22.08480 22.05840 22.03390 22.01310 21.99670 21.98350 21.97250 21.96430 21.95940 21.95790 21.95790 21.95620 21.95070 21.94140 21.93600 21.94310
22.76320 22.74150 22.71380 22.67650 22.63320 22.58680 22.53670 22.48300 22.42710 22.37110 22.31740 22.26640 22.21810 22.17790 22.15130 22.14010 22.14060 22.13930 22.13240 22.13320 22.13990 22.13510 22.11840 22.10020 22.07600 22.03680 21.98690 21.93390 21.88280 21.83840 21.80660 21.79450 21.81040 21.85020 21.89940 21.95060 22.00090 22.04600 22.08090 22.10140 22.10770 22.11030 22.11710 22.12690 22.13350 22.12620 22.10600 22.08350 22.06320 22.04590 22.03200 22.02100 22.01040 21.99840 21.98650 21.97640 21.96960 21.96620 21.96500 21.96350 21.95960 21.95810 21.96480
22.81520 22.80800 22.79310 22.76640 22.73270 22.69580 22.65570 22.61050 22.55680 22.49630 22.43420 22.36930 22.29950 22.23530 22.18980 22.16790 22.16600 22.16460 22.15670 22.15690 22.16520 22.16510 22.15910 22.15950 22.15190 22.11490 22.05590 21.98940 21.92430 21.86870 21.83100 21.81790 21.83300 21.87070 21.91780 21.96750 22.01660 22.05860 22.08640 22.09660 22.09120 22.08620 22.09170 22.10350 22.11330 22.11020 22.09520 22.07870 22.06510 22.05520 22.04820 22.04250 22.03460 22.02240 22.00810 21.99420 21.98240 21.97480 21.97390 21.97790 21.98230 21.98590 21.98930
22.86070 22.85950 22.85160 22.83310 22.80700 22.77650 22.74310 22.70590 22.66170 22.61040 22.55360 22.48980 22.41690 22.34240 22.27640 22.22800 22.20000 22.18170 22.16850 22.16670 22.17410 22.17990 22.18760 22.20670 22.21390 22.17890 22.11450 22.04210 21.97020 21.90670 21.86350 21.84780 21.85970 21.89250 21.93480 21.98090 22.02800 22.06710 22.08790 22.08820 22.07290 22.06150 22.06550 22.07750 22.08830 22.08960 22.08230 22.07480 22.07020 22.06790 22.06670 22.06460 22.05850 22.04690 22.03240 22.01710 22.00110 21.98850 21.98690 21.99600 22.00860 22.01770 22.01780
