data_raster/melanesia/PNMC_current_2021/202102_North.grd
DSAA																																																																																																																																																																																																																																																																																																																																																																																																																											
412	268																																																																																																																																																																																																																																																																																																																																																																																																																										
156	174.5																																																																																																																																																																																																																																																																																																																																																																																																																										
-26.5	-14.5																																																																																																																																																																																																																																																																																																																																																																																																																										
-0.475827	0.379428																																																																																																																																																																																																																																																																																																																																																																																																																										
[rows 0 to 25 of 268, columns 59 to 117 of 412]
-0.0627579 -0.0666406 -0.0667423 -0.0637067 -0.0580921 -0.0502714 -0.0400862 -0.0278086 -0.0149096 -0.00278061 0.00753639 0.0148602 0.0179486 0.0168793 0.0126094 0.00597157 -0.00242796 -0.0127484 -0.0250752 -0.0385945 -0.0526357 -0.0671513 -0.0823155 -0.0984652 -0.11529 -0.131825 -0.14644 -0.157331 -0.164112 -0.167125 -0.167366 -0.165657 -0.161906 -0.15636 -0.1501 -0.143072 -0.133789 -0.121197 -0.104829 -0.0858431 -0.0661288 -0.0467501 -0.0283176 -0.0108758 0.00539409 0.0196699 0.0309627 0.0381553 0.039809 0.0343462 0.0228596 0.00808526 -0.00972284 -0.0302792 -0.0468649 -0.0537934 -0.0554521 -0.0574698 -0.0636733
-0.0569018 -0.0627852 -0.0646151 -0.0632493 -0.0595605 -0.0541371 -0.0465889 -0.0368534 -0.0260539 -0.0153743 -0.0058634 0.00120889 0.00444966 0.0038194 0.00018975 -0.00563768 -0.0130642 -0.0222598 -0.0333464 -0.0456234 -0.0587494 -0.0733807 -0.089436 -0.105698 -0.120896 -0.133841 -0.143951 -0.151065 -0.155365 -0.157248 -0.157415 -0.156189 -0.152672 -0.146787 -0.140226 -0.132986 -0.122896 -0.10879 -0.0906151 -0.0701547 -0.0499184 -0.0309427 -0.0135701 0.00245554 0.0171622 0.0296993 0.0388787 0.0431878 0.0413133 0.0324418 0.019278 0.00641664 -0.0068568 -0.0224342 -0.0348959 -0.0394803 -0.0411944 -0.0455437 -0.0547921
-0.0511357 -0.0589329 -0.0624637 -0.0627436 -0.0608683 -0.0576026 -0.0525025 -0.0453019 -0.0367019 -0.027641 -0.0192269 -0.0127905 -0.00976491 -0.0102479 -0.013441 -0.018631 -0.0252922 -0.0335608 -0.0435286 -0.0545694 -0.0664272 -0.0798188 -0.0944623 -0.10862 -0.120961 -0.130689 -0.137891 -0.143132 -0.146681 -0.148694 -0.149368 -0.148521 -0.144923 -0.138446 -0.131146 -0.123023 -0.111456 -0.0954724 -0.0757284 -0.0544238 -0.0342594 -0.0161118 -6.18871E-05 0.0143223 0.0271589 0.0375291 0.0440921 0.0451179 0.0398897 0.0290393 0.01628 0.00666489 -0.00170859 -0.0125835 -0.0217067 -0.0250895 -0.0279396 -0.0352701 -0.0476392
-0.0455366 -0.0551174 -0.0603259 -0.0622103 -0.0619701 -0.0605008 -0.0575013 -0.0526677 -0.0462593 -0.0389585 -0.0319664 -0.0266295 -0.0242965 -0.0250554 -0.0281596 -0.0330069 -0.0391675 -0.0466811 -0.0555325 -0.0651259 -0.0749887 -0.0851003 -0.0951722 -0.104515 -0.112923 -0.120625 -0.127624 -0.133761 -0.138789 -0.142395 -0.144112 -0.143322 -0.139118 -0.131667 -0.123056 -0.113198 -0.0993207 -0.0810439 -0.060111 -0.0388719 -0.0196594 -0.00299225 0.0113211 0.0236874 0.0341296 0.0416306 0.0448581 0.0422972 0.0344616 0.0241245 0.0149594 0.0103882 0.00711243 0.000184293 -0.00704539 -0.0110889 -0.0166559 -0.0277172 -0.0430854
-0.0401479 -0.0514512 -0.0583948 -0.0618433 -0.0631139 -0.0632599 -0.0619335 -0.0587448 -0.0538769 -0.0479393 -0.042067 -0.0375845 -0.0358643 -0.0370376 -0.0403896 -0.045177 -0.0507704 -0.0570992 -0.064102 -0.071249 -0.0779737 -0.0838281 -0.0890665 -0.0948387 -0.101966 -0.110779 -0.120097 -0.128046 -0.134121 -0.138256 -0.139883 -0.138335 -0.133052 -0.124457 -0.114604 -0.103246 -0.0873818 -0.0671429 -0.0453004 -0.0244075 -0.00651472 0.00830736 0.0206103 0.0306251 0.0381656 0.0422288 0.0419331 0.0368623 0.0287559 0.0215236 0.017719 0.0181986 0.0186732 0.0139383 0.00683267 0.000649333 -0.00820813 -0.0224299 -0.0397761
-0.0350119 -0.0478799 -0.0564602 -0.0613155 -0.0639213 -0.0654929 -0.0653425 -0.0628808 -0.0586356 -0.0533575 -0.047924 -0.0436356 -0.0421 -0.0436116 -0.0474914 -0.0525005 -0.0573806 -0.0619338 -0.0661798 -0.069855 -0.0727998 -0.0751912 -0.0782624 -0.0844951 -0.0944773 -0.106879 -0.118909 -0.127411 -0.132372 -0.134805 -0.134688 -0.131684 -0.125349 -0.116065 -0.105628 -0.0935535 -0.076675 -0.0553512 -0.0328785 -0.0121687 0.00455476 0.0175692 0.0278054 0.0353027 0.0397323 0.0403892 0.0372993 0.0317774 0.0262306 0.0239265 0.0255382 0.0294729 0.0313155 0.026684 0.0182654 0.00931678 -0.00239671 -0.0184056 -0.0363575
-0.0301655 -0.0440356 -0.0535835 -0.0593763 -0.0628844 -0.0652845 -0.0657467 -0.0636239 -0.0596163 -0.0545312 -0.0490932 -0.0446495 -0.0430678 -0.044866 -0.0494639 -0.055029 -0.0595108 -0.0624564 -0.0639984 -0.064619 -0.0652136 -0.0673654 -0.0727512 -0.0829125 -0.096479 -0.109595 -0.119761 -0.12568 -0.128168 -0.128573 -0.126933 -0.123024 -0.116829 -0.108504 -0.0984001 -0.0856682 -0.0681724 -0.046607 -0.0240185 -0.0034581 0.0125395 0.0242285 0.0326101 0.0377554 0.0395763 0.0381305 0.0343122 0.0303135 0.028478 0.0309464 0.0365543 0.0417283 0.0428079 0.0371445 0.0273368 0.0163329 0.00277047 -0.0141414 -0.0321158
-0.025253 -0.0394846 -0.049281 -0.0555944 -0.0596361 -0.0622754 -0.0629406 -0.0611753 -0.0574584 -0.0524327 -0.0468298 -0.0421317 -0.0404554 -0.0425695 -0.0480524 -0.0545602 -0.0593038 -0.0614458 -0.0612243 -0.0603912 -0.0611775 -0.0661608 -0.0763512 -0.0904991 -0.10491 -0.114308 -0.11852 -0.120252 -0.120487 -0.119444 -0.117126 -0.113555 -0.108949 -0.102846 -0.0935388 -0.0799512 -0.0619885 -0.0408101 -0.0186182 0.00169414 0.0173415 0.0282434 0.0351758 0.0384964 0.0387185 0.0369617 0.0346281 0.0334256 0.0350484 0.0408707 0.0484723 0.0529928 0.0520943 0.0452557 0.0348152 0.0229817 0.0085807 -0.00887304 -0.0269463
-0.0194964 -0.0337836 -0.0437 -0.0505941 -0.0552401 -0.058057 -0.0589149 -0.0576889 -0.0545261 -0.0497809 -0.044103 -0.0391454 -0.0374232 -0.0399949 -0.046579 -0.0544499 -0.0602442 -0.0627424 -0.0623175 -0.0622361 -0.0654462 -0.0731453 -0.0846263 -0.0969175 -0.106819 -0.111485 -0.112532 -0.113595 -0.113777 -0.111263 -0.108056 -0.105947 -0.103494 -0.0986748 -0.0894442 -0.0752284 -0.057218 -0.0367076 -0.0151329 0.00476127 0.0199849 0.0302448 0.0362182 0.0385916 0.0384193 0.0376228 0.0377043 0.0393097 0.0433662 0.0508949 0.0589479 0.0622072 0.0596028 0.0522856 0.0420326 0.0300748 0.015227 -0.00280733 -0.0214048
-0.0127465 -0.0269888 -0.0371637 -0.0447302 -0.0500735 -0.0532611 -0.0545034 -0.0539318 -0.0514385 -0.0471223 -0.0414911 -0.0363635 -0.0347051 -0.0378585 -0.0456605 -0.0551711 -0.0626686 -0.0666019 -0.0673549 -0.069207 -0.0750267 -0.0834264 -0.0920838 -0.0982203 -0.101334 -0.103003 -0.104832 -0.107765 -0.108574 -0.104309 -0.100145 -0.100136 -0.0996638 -0.0946764 -0.0846984 -0.0702629 -0.0526556 -0.0329489 -0.01218 0.00700475 0.0215535 0.0311398 0.0365017 0.0386912 0.0391301 0.0399359 0.0423715 0.0462044 0.05178 0.0599285 0.06766 0.0698128 0.0663159 0.0593433 0.0497347 0.0375938 0.0220292 0.00315709 -0.0163506
-0.00536105 -0.0195379 -0.0300765 -0.0380882 -0.0439146 -0.0476579 -0.0494818 -0.0494443 -0.0473453 -0.0432395 -0.0376706 -0.0325786 -0.0311298 -0.0348617 -0.0437758 -0.0549207 -0.0644447 -0.0704867 -0.0730524 -0.075996 -0.0817207 -0.0883278 -0.093707 -0.0962723 -0.0970204 -0.0989489 -0.101933 -0.10385 -0.102194 -0.0960782 -0.0919504 -0.0939167 -0.094719 -0.0890255 -0.0782525 -0.0639562 -0.0470304 -0.0282957 -0.00870211 0.00933226 0.0230043 0.0318967 0.0366974 0.0390092 0.0405833 0.0430111 0.047126 0.0526108 0.0595443 0.068293 0.0758191 0.0772856 0.0734554 0.0671913 0.0580324 0.0448374 0.027724 0.00772475 -0.012746
0.00247624 -0.0116647 -0.0225591 -0.0307223 -0.0367362 -0.0410211 -0.0433798 -0.0435673 -0.0415287 -0.0375195 -0.0322661 -0.0276577 -0.0266063 -0.0307539 -0.0404436 -0.0529765 -0.0646174 -0.0731748 -0.0780173 -0.0818342 -0.0864174 -0.0905583 -0.0933002 -0.0945558 -0.0955416 -0.0982303 -0.100692 -0.0991809 -0.0937183 -0.0866141 -0.0833407 -0.0862813 -0.0873699 -0.0812094 -0.0701801 -0.0563134 -0.0402784 -0.0228011 -0.00483447 0.0115877 0.0241481 0.0322737 0.036488 0.0390426 0.0419781 0.0458776 0.0511007 0.0579778 0.0665072 0.0761431 0.0837179 0.0848754 0.0809518 0.0751275 0.0657561 0.0507596 0.0316894 0.0106741 -0.0105237
0.0107536 -0.00338499 -0.0145012 -0.022636 -0.0286313 -0.033202 -0.0357374 -0.0357358 -0.0335654 -0.0298595 -0.0254987 -0.0220236 -0.0215791 -0.0258677 -0.0358562 -0.0493971 -0.0631143 -0.0744502 -0.0821827 -0.0883775 -0.0941546 -0.097574 -0.0978623 -0.0962947 -0.0945963 -0.094442 -0.0939873 -0.0899177 -0.0833035 -0.0771044 -0.0747436 -0.0770193 -0.0774035 -0.071559 -0.0611773 -0.0479961 -0.0330599 -0.017217 -0.00127456 0.0131708 0.0242984 0.0314813 0.0351519 0.0380624 0.0423903 0.0476743 0.0539024 0.0623341 0.0728199 0.0834791 0.0910819 0.092096 0.0880168 0.0818 0.071324 0.0543834 0.0337948 0.0124033 -0.00907286
0.0198637 0.00587848 -0.00535939 -0.013613 -0.019722 -0.0244155 -0.0268392 -0.0264592 -0.0241954 -0.021052 -0.0178786 -0.0157475 -0.016001 -0.020416 -0.0306335 -0.0451455 -0.061044 -0.0755298 -0.086891 -0.0965804 -0.10476 -0.107925 -0.104973 -0.0985696 -0.0915883 -0.0865417 -0.0825792 -0.0772985 -0.0714769 -0.0670622 -0.0654937 -0.066575 -0.0660975 -0.0611015 -0.0520339 -0.0399944 -0.026416 -0.0122713 0.00177082 0.0142463 0.0235091 0.0293922 0.0327535 0.0362655 0.0418057 0.0483712 0.0558458 0.0660968 0.0785944 0.0900608 0.0973882 0.0981619 0.0937997 0.0867004 0.0747663 0.0561742 0.0346797 0.0134691 -0.00789909
0.0300504 0.0165313 0.00521331 -0.00354686 -0.0101624 -0.0149703 -0.0171863 -0.0165458 -0.0144544 -0.0120988 -0.0100193 -0.00894184 -0.00989882 -0.0147742 -0.0256128 -0.0414221 -0.0597578 -0.0778128 -0.0934083 -0.106566 -0.116075 -0.117547 -0.110044 -0.0977109 -0.0849736 -0.0757895 -0.0697112 -0.064061 -0.0590301 -0.0558039 -0.0548367 -0.0555334 -0.055008 -0.0511041 -0.0436531 -0.0332791 -0.0212843 -0.00857917 0.00415081 0.0150642 0.0221882 0.0264524 0.029808 0.0341284 0.0405098 0.0482517 0.0574378 0.0697049 0.0838481 0.0955786 0.102164 0.102421 0.0976822 0.0897467 0.0766424 0.0569637 0.0350798 0.0143135 -0.00672666
0.0404503 0.0275314 0.0162408 0.00695589 -0.000188256 -0.00503376 -0.00707886 -0.00646521 -0.0049084 -0.00357602 -0.00253698 -0.00235945 -0.0042532 -0.0100971 -0.0218734 -0.0390944 -0.0599246 -0.0814469 -0.100812 -0.116326 -0.125635 -0.12475 -0.113217 -0.0955907 -0.0775059 -0.0647198 -0.0571781 -0.0516493 -0.0472571 -0.0442076 -0.0431825 -0.0441324 -0.0447206 -0.0427946 -0.0372409 -0.02831 -0.0177059 -0.00637463 0.00524945 0.0151482 0.0210599 0.02435 0.0274497 0.0319146 0.0386731 0.0476441 0.0589474 0.0731588 0.0883011 0.09979 0.105451 0.105122 0.0999925 0.0913008 0.0772963 0.0569989 0.0350498 0.0147384 -0.00593397
0.0503925 0.0380133 0.0268528 0.0173222 0.00996317 0.00525427 0.00330586 0.00356473 0.00419917 0.00421125 0.00404482 0.00318019 7.51627E-06 -0.00721475 -0.0200857 -0.0387168 -0.0620303 -0.086512 -0.108231 -0.124158 -0.131631 -0.128444 -0.114748 -0.0938836 -0.0717349 -0.0556737 -0.04661 -0.0415615 -0.0380005 -0.0343796 -0.0323791 -0.0333196 -0.0353021 -0.035857 -0.0325218 -0.0251047 -0.0160274 -0.00620976 0.00454741 0.0143869 0.0208272 0.0243572 0.0267008 0.0301939 0.0367506 0.0469303 0.0605299 0.0763921 0.091815 0.102715 0.107539 0.106697 0.101152 0.0916974 0.076957 0.0564139 0.0345941 0.0145684 -0.00584395
0.0603097 0.048373 0.0371993 0.0274731 0.0201001 0.0157414 0.0139735 0.0137438 0.0131403 0.0113752 0.0094355 0.0070716 0.00263777 -0.00571409 -0.0197815 -0.0402698 -0.066504 -0.0936364 -0.116168 -0.130343 -0.134026 -0.12765 -0.112472 -0.0906007 -0.0672322 -0.0497686 -0.0400431 -0.0361432 -0.0341165 -0.0304845 -0.027077 -0.0259612 -0.0261323 -0.0262822 -0.0254722 -0.0228859 -0.0178117 -0.00958902 0.00204289 0.0139615 0.0219422 0.0260099 0.0279507 0.0304042 0.0359623 0.046603 0.0621998 0.0794244 0.0947637 0.104972 0.10902 0.107508 0.101273 0.0909572 0.0757032 0.0554095 0.0339912 0.014059 -0.00626086
0.0703265 0.0588008 0.0474624 0.0375288 0.0302425 0.026339 0.0247989 0.0240201 0.021963 0.0180103 0.0136805 0.00932008 0.0038282 -0.00518483 -0.0206911 -0.0438128 -0.0735692 -0.103045 -0.124802 -0.135094 -0.133048 -0.122075 -0.105172 -0.0842201 -0.0629919 -0.0467525 -0.0377299 -0.0356134 -0.0357692 -0.0331978 -0.0285789 -0.0235537 -0.0183879 -0.0145097 -0.0156494 -0.0204329 -0.0213602 -0.0148475 -0.00131149 0.0137991 0.0236162 0.0285581 0.0313621 0.0336547 0.0376503 0.0475229 0.0640143 0.0819994 0.0971942 0.106912 0.110329 0.107967 0.100743 0.0895287 0.0740715 0.0545733 0.0338899 0.0139357 -0.00649953
0.0797897 0.0688352 0.057616 0.0477995 0.0407324 0.0370588 0.0353979 0.0338291 0.0302211 0.0240761 0.0173074 0.0108628 0.00431033 -0.00551595 -0.0231373 -0.04967 -0.0831207 -0.114165 -0.133448 -0.138037 -0.128944 -0.112546 -0.0937936 -0.0748949 -0.057809 -0.0444586 -0.0369481 -0.03657 -0.038562 -0.0371048 -0.0321317 -0.0249036 -0.0162458 -0.00896457 -0.00927283 -0.0160954 -0.0195744 -0.0150955 -0.00315309 0.0115848 0.0231972 0.0312073 0.0368209 0.0402314 0.043101 0.0510962 0.066164 0.083442 0.0985286 0.108305 0.111569 0.108575 0.100474 0.088634 0.073381 0.0551024 0.0354614 0.0155563 -0.00524299
0.0879975 0.0778979 0.0673525 0.0581806 0.0515121 0.0477216 0.0453939 0.0426519 0.0374685 0.0294369 0.020546 0.0122018 0.00467159 -0.00628354 -0.027093 -0.0580069 -0.0948993 -0.126293 -0.141574 -0.139267 -0.12256 -0.100415 -0.0796117 -0.063003 -0.0508131 -0.0414283 -0.0362518 -0.0375401 -0.0408547 -0.0404302 -0.0362407 -0.0295049 -0.0207852 -0.0122691 -0.00905193 -0.0111006 -0.0121122 -0.00903175 -0.0018244 0.0086694 0.0210377 0.0330487 0.0424978 0.0483632 0.0517099 0.0578898 0.0696597 0.0846214 0.0992137 0.109277 0.112831 0.109693 0.10124 0.0893634 0.0748143 0.0580056 0.0394372 0.0193866 -0.00234821
0.094319 0.0853955 0.0761147 0.0681183 0.062069 0.0579405 0.0544696 0.0501204 0.0433577 0.0338872 0.0232564 0.0132677 0.00524363 -0.00678096 -0.0321596 -0.0688042 -0.108493 -0.138632 -0.148853 -0.139389 -0.115346 -0.0874695 -0.0640664 -0.0490823 -0.0416505 -0.0372629 -0.0358985 -0.0394951 -0.0444303 -0.0458855 -0.0434496 -0.0377882 -0.0293865 -0.0199247 -0.0131528 -0.00971262 -0.00640592 -0.00197769 0.00323195 0.0103715 0.0209042 0.0332798 0.0450349 0.0543356 0.0608343 0.0673726 0.0762442 0.0880387 0.100856 0.110418 0.114242 0.111507 0.103546 0.0924796 0.0791856 0.063875 0.0458922 0.0247949 0.00100701
0.0987915 0.091443 0.0839759 0.0775469 0.0722207 0.0675625 0.0626695 0.0565481 0.0482382 0.0375511 0.0254798 0.0141287 0.00577865 -0.0077287 -0.0391136 -0.0823357 -0.123271 -0.149871 -0.154064 -0.137922 -0.107863 -0.0750802 -0.0488646 -0.0348762 -0.0317714 -0.0326201 -0.0357518 -0.0422312 -0.0492968 -0.0532606 -0.0530719 -0.0486031 -0.0403713 -0.0299591 -0.0205722 -0.0130377 -0.00526837 0.00289036 0.0100921 0.0168707 0.0247045 0.0344733 0.0462983 0.0583111 0.0687857 0.0774486 0.0851789 0.0942488 0.104369 0.112427 0.11609 0.113983 0.107077 0.0972596 0.0853099 0.0711763 0.0532525 0.0306016 0.0044227
0.101977 0.0966683 0.0914432 0.0867347 0.0820312 0.0766429 0.0703359 0.0627277 0.0529064 0.0407235 0.0273086 0.0148541 0.00551805 -0.0108975 -0.0494342 -0.0988386 -0.138327 -0.158425 -0.155536 -0.133729 -0.0999967 -0.0642477 -0.0359509 -0.0230373 -0.0238485 -0.0288381 -0.0353822 -0.044663 -0.0540966 -0.0601964 -0.0621322 -0.0597558 -0.052901 -0.0424278 -0.0309701 -0.0196529 -0.00766631 0.00449443 0.0153142 0.024472 0.0325046 0.0410539 0.0515615 0.0632797 0.0749458 0.0852881 0.0939873 0.102194 0.109951 0.115957 0.118725 0.116901 0.110909 0.101942 0.090677 0.0770296 0.058968 0.0354002 0.00811302
0.104605 0.101462 0.0985301 0.0954641 0.0913519 0.0854245 0.0780291 0.0691476 0.0574562 0.0429738 0.0279507 0.0144123 0.00301024 -0.0176374 -0.0627985 -0.11623 -0.151754 -0.163667 -0.153631 -0.127334 -0.0918832 -0.0557081 -0.0276228 -0.0161919 -0.0194104 -0.0265395 -0.0350117 -0.0466782 -0.0585436 -0.066562 -0.0705586 -0.0707813 -0.0659188 -0.0557981 -0.0426924 -0.0281194 -0.01243 0.00348902 0.0183147 0.0312147 0.0418581 0.0512267 0.0605784 0.0704555 0.0809817 0.091672 0.101772 0.110258 0.116578 0.120678 0.122024 0.119825 0.114142 0.105471 0.0943705 0.0808005 0.0626991 0.0390593 0.0120193
0.10739 0.106089 0.105061 0.103348 0.099939 0.0941101 0.0861675 0.0758939 0.0614742 0.043489 0.0262523 0.0113714 -0.00327714 -0.0288032 -0.0779979 -0.131617 -0.161467 -0.165493 -0.149509 -0.11984 -0.0836773 -0.0496992 -0.0253614 -0.0158698 -0.018839 -0.0258277 -0.0352012 -0.0487797 -0.0630384 -0.073358 -0.0796238 -0.0820193 -0.0783996 -0.0681112 -0.0537948 -0.0371523 -0.0184215 0.00123503 0.0199014 0.0362646 0.0496014 0.0606283 0.0704593 0.0797763 0.0891047 0.0988228 0.108583 0.116937 0.122843 0.125819 0.125654 0.122349 0.116144 0.107392 0.096427 0.0830275 0.0651927 0.0420602 0.0159768
