data_raster/melanesia/PNMC_current_2021/202110_North.grd
DSAA																																																																																																																																																																																																																																																																																																																																																																																																																											
412	268																																																																																																																																																																																																																																																																																																																																																																																																																										
156	174.5																																																																																																																																																																																																																																																																																																																																																																																																																										
-26.5	-14.5																																																																																																																																																																																																																																																																																																																																																																																																																										
-0.460595	0.387506																																																																																																																																																																																																																																																																																																																																																																																																																										
[rows 54 to 80 of 268, columns 236 to 294 of 412]
-0.057261 -0.0626993 -0.0658771 -0.0654705 -0.0621155 -0.0612537 -0.0658931 -0.0740569 -0.0834692 -0.0921619 -0.10028 -0.109273 -0.118786 -0.12768 -0.135377 -0.141713 -0.147278 -0.152638 -0.157972 -0.163531 -0.169671 -0.175401 -0.178607 -0.179287 -0.178684 -0.176811 -0.173156 -0.167288 -0.15928 -0.150592 -0.142005 -0.13258 -0.122586 -0.114038 -0.107897 -0.104015 -0.101242 -0.0980205 -0.0937648 -0.0885303 -0.0834097 -0.0796512 -0.078229 -0.079521 -0.082944 -0.0873706 -0.0912034 -0.0935928 -0.0942829 -0.092924 -0.0893407 -0.0846428 -0.0799923 -0.0751664 -0.0698015 -0.0639096 -0.0572812 -0.0493195 -0.0402106
-0.0641726 -0.0691885 -0.0709062 -0.0683493 -0.0624606 -0.0586392 -0.0603771 -0.0670427 -0.076281 -0.0845182 -0.0914298 -0.0989126 -0.107337 -0.116191 -0.124372 -0.13099 -0.136452 -0.141315 -0.145886 -0.150344 -0.154707 -0.158482 -0.160796 -0.162037 -0.16321 -0.163777 -0.162667 -0.159444 -0.154164 -0.147793 -0.140822 -0.132557 -0.123385 -0.115206 -0.109123 -0.105342 -0.102776 -0.099774 -0.0957699 -0.0908563 -0.0860671 -0.0825379 -0.0810544 -0.0817877 -0.083953 -0.0866543 -0.0890048 -0.0905598 -0.0911588 -0.0901031 -0.0866652 -0.0815473 -0.0758118 -0.0700479 -0.0644736 -0.0586923 -0.0520755 -0.04382 -0.0342829
-0.0723639 -0.0762588 -0.0757959 -0.07095 -0.063217 -0.0571154 -0.0561004 -0.061126 -0.0701742 -0.078534 -0.0850411 -0.0911499 -0.097839 -0.105539 -0.113209 -0.119722 -0.125191 -0.129959 -0.134309 -0.138284 -0.141601 -0.144097 -0.145763 -0.146723 -0.14722 -0.147702 -0.148379 -0.147969 -0.14546 -0.14185 -0.137704 -0.13211 -0.12513 -0.118263 -0.112673 -0.10899 -0.106281 -0.102925 -0.0987048 -0.0940223 -0.0895841 -0.0861628 -0.084498 -0.0845762 -0.0851293 -0.0855258 -0.0859973 -0.0866073 -0.0871431 -0.086429 -0.083106 -0.077583 -0.0709353 -0.0644345 -0.0588257 -0.0535394 -0.0476839 -0.0402106 -0.031411
-0.0806645 -0.0829377 -0.0800824 -0.0732189 -0.0643837 -0.0567255 -0.0532995 -0.0566074 -0.0653057 -0.0741994 -0.0811409 -0.0864429 -0.0912696 -0.0968579 -0.102834 -0.108464 -0.113518 -0.117993 -0.122147 -0.126108 -0.129766 -0.132874 -0.135034 -0.135383 -0.133225 -0.131218 -0.132286 -0.13396 -0.133648 -0.132831 -0.132382 -0.13065 -0.126974 -0.122328 -0.117758 -0.114137 -0.110877 -0.106769 -0.102095 -0.0975867 -0.0934648 -0.0900306 -0.0881122 -0.0875965 -0.0866675 -0.0848673 -0.0834454 -0.0829233 -0.0830384 -0.0822676 -0.0788127 -0.0729612 -0.0658403 -0.0589979 -0.053484 -0.0489824 -0.0446022 -0.0389194 -0.0318231
-0.0871411 -0.0877719 -0.0830197 -0.0748864 -0.0657205 -0.0573621 -0.0523031 -0.0540307 -0.0619411 -0.0711012 -0.0787086 -0.0838762 -0.087421 -0.0907761 -0.0943867 -0.0982669 -0.102059 -0.105557 -0.109041 -0.112879 -0.117444 -0.122263 -0.126014 -0.12696 -0.123757 -0.119666 -0.118732 -0.119504 -0.11999 -0.121123 -0.123301 -0.124911 -0.124869 -0.12308 -0.120008 -0.116469 -0.112561 -0.108076 -0.103591 -0.0997747 -0.0964475 -0.0935226 -0.0916864 -0.0906884 -0.0885296 -0.0849457 -0.0817994 -0.079924 -0.0790996 -0.077711 -0.0738156 -0.06764 -0.0603234 -0.0535805 -0.0486132 -0.0451426 -0.0422388 -0.0383392 -0.0330054
-0.0911834 -0.0906329 -0.0848878 -0.076395 -0.0675492 -0.0592163 -0.0532955 -0.0535392 -0.0600229 -0.0687747 -0.0768381 -0.0823753 -0.0854551 -0.0870762 -0.0882995 -0.0899139 -0.0917625 -0.0937066 -0.0960654 -0.0994651 -0.104813 -0.111445 -0.117154 -0.119687 -0.117369 -0.112582 -0.108867 -0.107042 -0.107035 -0.108446 -0.110879 -0.114046 -0.117107 -0.118546 -0.117679 -0.114652 -0.110341 -0.105955 -0.10225 -0.0996018 -0.0975698 -0.0957558 -0.0943865 -0.0930227 -0.0899756 -0.0852288 -0.0807683 -0.0776106 -0.0757538 -0.0736464 -0.0693229 -0.0629568 -0.0556922 -0.0494902 -0.0456088 -0.0432706 -0.0413288 -0.0385388 -0.034427
-0.0935076 -0.0926423 -0.0868849 -0.0787882 -0.0706507 -0.0626957 -0.0562683 -0.054867 -0.0592031 -0.0667746 -0.0748432 -0.0808394 -0.0840326 -0.0847642 -0.0842808 -0.08383 -0.0837261 -0.0841464 -0.0853901 -0.0881878 -0.0937704 -0.101366 -0.108228 -0.111575 -0.109344 -0.104373 -0.100793 -0.0989393 -0.0980829 -0.0975157 -0.0974509 -0.099798 -0.104608 -0.109325 -0.111723 -0.110267 -0.10612 -0.101813 -0.0986022 -0.0969604 -0.096228 -0.0956304 -0.0948232 -0.0932149 -0.0897186 -0.0845548 -0.0794675 -0.0756416 -0.0735293 -0.0715328 -0.067417 -0.0613229 -0.0545068 -0.0492569 -0.0468086 -0.04546 -0.0437414 -0.0411787 -0.0375332
-0.0950645 -0.0944783 -0.0893571 -0.0820892 -0.0747665 -0.0673147 -0.0606317 -0.0575959 -0.0593968 -0.0651236 -0.0724912 -0.0785084 -0.0819638 -0.0827106 -0.081568 -0.0796075 -0.077726 -0.0766227 -0.0766616 -0.0786482 -0.0839787 -0.0919042 -0.0995185 -0.103416 -0.100876 -0.0959794 -0.0941682 -0.0936534 -0.0916058 -0.0881158 -0.0848387 -0.0853348 -0.0904722 -0.0973714 -0.10264 -0.103071 -0.0997597 -0.0960216 -0.0933224 -0.0921594 -0.0920702 -0.092338 -0.0922066 -0.0909004 -0.0876545 -0.0827383 -0.0776053 -0.0736321 -0.0717953 -0.0704998 -0.067274 -0.0622452 -0.0566961 -0.0528097 -0.0515818 -0.050836 -0.0490408 -0.0463262 -0.042678
-0.0967929 -0.0964554 -0.0921017 -0.0857242 -0.0790726 -0.0721329 -0.065526 -0.0612622 -0.060677 -0.0641006 -0.0698226 -0.0749112 -0.0782921 -0.0797877 -0.0791064 -0.0763123 -0.072757 -0.069772 -0.0680956 -0.0688548 -0.0737356 -0.0821931 -0.0913874 -0.0972981 -0.0962319 -0.091905 -0.0896828 -0.0878185 -0.0837725 -0.0785461 -0.0742818 -0.074016 -0.0784356 -0.0850502 -0.090624 -0.0918877 -0.0900142 -0.0883064 -0.0870815 -0.0857945 -0.0851251 -0.0855726 -0.0863762 -0.0864219 -0.0843779 -0.0801871 -0.0752932 -0.0712669 -0.069431 -0.0685933 -0.066641 -0.0636628 -0.0605543 -0.0583682 -0.0575133 -0.0568449 -0.0554375 -0.0530372 -0.0494791
-0.0987072 -0.0985704 -0.0950932 -0.0896713 -0.0835773 -0.0771183 -0.0708066 -0.0657074 -0.0629761 -0.0636631 -0.0667804 -0.0700668 -0.0729416 -0.075365 -0.0758015 -0.073022 -0.0683597 -0.0634562 -0.0595069 -0.0582611 -0.0622174 -0.0712804 -0.0826449 -0.0917354 -0.0938475 -0.0911028 -0.087613 -0.0830462 -0.0766603 -0.0701704 -0.0655737 -0.0645203 -0.0671954 -0.0719188 -0.0762836 -0.0777414 -0.0776666 -0.0790076 -0.0801337 -0.0787492 -0.0770343 -0.0772232 -0.0787913 -0.0803651 -0.0799213 -0.076929 -0.0726754 -0.0688606 -0.067167 -0.0669522 -0.0666034 -0.0658997 -0.0650614 -0.0641588 -0.0633048 -0.0627751 -0.0623037 -0.0607838 -0.0576873
-0.100428 -0.100637 -0.0982713 -0.0939953 -0.0885111 -0.0825377 -0.0766019 -0.0709403 -0.0662979 -0.0638951 -0.063615 -0.0644596 -0.0663164 -0.0690983 -0.0705894 -0.0687113 -0.0640526 -0.0578029 -0.0512976 -0.0470861 -0.0492607 -0.0584835 -0.0718133 -0.0842089 -0.0902074 -0.0904493 -0.0876737 -0.0820825 -0.0738525 -0.0651736 -0.0582449 -0.0545642 -0.0545711 -0.0573875 -0.0609833 -0.0628043 -0.0644069 -0.0687701 -0.0726005 -0.0719301 -0.0698543 -0.069795 -0.0714505 -0.0735748 -0.0743552 -0.0729877 -0.0699704 -0.0669905 -0.066311 -0.067555 -0.0690741 -0.0699037 -0.0696281 -0.0689274 -0.068575 -0.0689876 -0.0697764 -0.0694276 -0.0671965
-0.101607 -0.102253 -0.101051 -0.0980512 -0.0934555 -0.0882145 -0.0828637 -0.0771267 -0.0712507 -0.066096 -0.0621696 -0.0597293 -0.0592754 -0.060968 -0.0626162 -0.0618487 -0.0581546 -0.0517023 -0.0433437 -0.0361292 -0.0359238 -0.0444827 -0.0591555 -0.0745786 -0.0845251 -0.0884304 -0.087877 -0.082978 -0.0740762 -0.0633919 -0.0534553 -0.0467083 -0.0443173 -0.045735 -0.0487027 -0.0500875 -0.0520161 -0.0583946 -0.06482 -0.0657938 -0.0643649 -0.064291 -0.0656332 -0.0676154 -0.0690489 -0.0691351 -0.0676819 -0.0661899 -0.0671299 -0.0700723 -0.0731145 -0.0747126 -0.0742188 -0.073703 -0.0748436 -0.0770297 -0.0791309 -0.0797448 -0.0782626
-0.10205 -0.103163 -0.103018 -0.101338 -0.0980259 -0.093944 -0.089533 -0.0843512 -0.0781989 -0.0712499 -0.0640862 -0.0576235 -0.0531867 -0.0518 -0.0519538 -0.0515433 -0.0491592 -0.0437988 -0.0350879 -0.0258511 -0.0231682 -0.0301537 -0.04543 -0.0635092 -0.0771229 -0.0846244 -0.0867016 -0.0834726 -0.0753567 -0.0641273 -0.0523729 -0.0437201 -0.0399506 -0.0402317 -0.0418471 -0.0412575 -0.0417227 -0.0488135 -0.0574741 -0.0607785 -0.0608581 -0.0610783 -0.0621333 -0.0638864 -0.0655162 -0.0664151 -0.0663892 -0.0666324 -0.0691124 -0.0731982 -0.0769641 -0.0789369 -0.0787691 -0.0795256 -0.0832009 -0.0875991 -0.09068 -0.0915722 -0.0902006
-0.101995 -0.103724 -0.104689 -0.10437 -0.102479 -0.099809 -0.0966654 -0.0923281 -0.0862894 -0.0784062 -0.069089 -0.0592345 -0.0505232 -0.0446232 -0.0412149 -0.0392102 -0.0370792 -0.0330568 -0.0251479 -0.0152398 -0.0106548 -0.0158082 -0.0313933 -0.0520348 -0.0692926 -0.080456 -0.0853981 -0.0842911 -0.0776935 -0.0670561 -0.0548156 -0.0449262 -0.0393378 -0.0371408 -0.0360399 -0.0333509 -0.0330623 -0.0412102 -0.0520627 -0.0576372 -0.0592527 -0.0599072 -0.0609157 -0.0626978 -0.0646052 -0.0660352 -0.0666478 -0.0674734 -0.0703359 -0.0746925 -0.0788329 -0.0815264 -0.082673 -0.0855702 -0.091899 -0.0979208 -0.100978 -0.101243 -0.0992784
-0.101848 -0.104516 -0.10679 -0.107865 -0.107288 -0.105994 -0.104184 -0.100602 -0.0945995 -0.0863332 -0.076083 -0.0642922 -0.0522337 -0.0414699 -0.0329856 -0.0272181 -0.0234157 -0.0197747 -0.0128515 -0.00322575 0.0025467 -0.000947062 -0.0168767 -0.0401592 -0.0611887 -0.0761526 -0.0840547 -0.0850726 -0.0799816 -0.0703446 -0.0583706 -0.0471919 -0.0385137 -0.0320674 -0.0273113 -0.0239514 -0.0255041 -0.0360305 -0.0490062 -0.0561767 -0.0588077 -0.0599829 -0.0613196 -0.0634971 -0.0659797 -0.0678512 -0.0680388 -0.0676913 -0.0694115 -0.0732355 -0.0778472 -0.0820234 -0.0854365 -0.0907955 -0.0990217 -0.105422 -0.107297 -0.106176 -0.103139
-0.102191 -0.106332 -0.110114 -0.112558 -0.113113 -0.112774 -0.111722 -0.108522 -0.102497 -0.0939339 -0.0830654 -0.0701224 -0.0559196 -0.0416347 -0.0288472 -0.0189037 -0.0119673 -0.00670981 0.000781843 0.0108041 0.0179956 0.0162511 4.28895E-05 -0.0257835 -0.0504376 -0.0689826 -0.0795373 -0.0823054 -0.0782924 -0.0691353 -0.0568496 -0.0439337 -0.0320833 -0.0219422 -0.0149804 -0.0134048 -0.0190111 -0.0322151 -0.0463665 -0.0542932 -0.0576732 -0.0597056 -0.0617918 -0.0644712 -0.0672784 -0.0690862 -0.0683125 -0.0663264 -0.0665259 -0.06966 -0.0749509 -0.0810238 -0.0869948 -0.0944229 -0.103358 -0.109181 -0.109656 -0.107154 -0.103178
-0.103596 -0.109638 -0.114978 -0.118671 -0.120165 -0.120258 -0.119115 -0.115605 -0.109141 -0.0998571 -0.0880951 -0.0743342 -0.0591761 -0.0433826 -0.0282371 -0.015028 -0.0045111 0.00397957 0.0138459 0.0255995 0.0350268 0.0355568 0.0197152 -0.00788219 -0.0354766 -0.0569055 -0.0692427 -0.0729332 -0.0693924 -0.060103 -0.0469938 -0.0328011 -0.0195953 -0.00855839 -0.0023301 -0.00447413 -0.0145367 -0.029307 -0.0431654 -0.0512645 -0.0555277 -0.0587893 -0.0618585 -0.0649133 -0.0675828 -0.0688523 -0.0672242 -0.0642112 -0.0634382 -0.0662087 -0.0723211 -0.08015 -0.0881139 -0.0965058 -0.104745 -0.109325 -0.108789 -0.105413 -0.100946
-0.10653 -0.114402 -0.121034 -0.125732 -0.128041 -0.128322 -0.126495 -0.121609 -0.113406 -0.102469 -0.0895312 -0.0753414 -0.0601518 -0.044102 -0.0279977 -0.012877 0.000164581 0.0113374 0.023609 0.0376198 0.0500262 0.053885 0.0401715 0.0128467 -0.0161793 -0.0392371 -0.0518235 -0.0551263 -0.0515774 -0.0425699 -0.0300807 -0.0175232 -0.00714395 0.000426938 0.00305123 -0.00234649 -0.0140884 -0.0278249 -0.0400483 -0.0484499 -0.0541597 -0.0587227 -0.0625353 -0.0656987 -0.0681028 -0.0690373 -0.0672985 -0.0643431 -0.0635275 -0.0664262 -0.0732521 -0.0820046 -0.0904271 -0.0980455 -0.104222 -0.107062 -0.105895 -0.102207 -0.0975848
-0.110387 -0.119695 -0.127377 -0.133087 -0.136379 -0.136734 -0.133537 -0.126082 -0.114839 -0.101509 -0.0873023 -0.0729113 -0.0580949 -0.0423644 -0.0262591 -0.0107218 0.00306806 0.0152638 0.0289158 0.0449667 0.0606296 0.0688206 0.0596435 0.0357366 0.00776181 -0.0153617 -0.0273336 -0.029984 -0.026782 -0.0193037 -0.00971579 -0.00190638 0.00220834 0.0034127 0.0012078 -0.0058874 -0.016428 -0.0274962 -0.03782 -0.0468246 -0.0541407 -0.0596358 -0.063658 -0.0665844 -0.0686897 -0.0696117 -0.0684089 -0.066332 -0.0662196 -0.0695765 -0.0767054 -0.0852509 -0.0925456 -0.0980541 -0.101571 -0.102574 -0.100978 -0.0974525 -0.093139
-0.11367 -0.123941 -0.132793 -0.140051 -0.144861 -0.145121 -0.139528 -0.128394 -0.113475 -0.0977944 -0.0826522 -0.0679903 -0.0532826 -0.0379944 -0.0226343 -0.00806735 0.00477157 0.0163518 0.0301192 0.0474167 0.0658511 0.0787694 0.0765527 0.0598717 0.0363672 0.0148586 0.00273898 -0.00112296 0.000106385 0.00433458 0.00909483 0.0109025 0.00867327 0.00446326 -0.00107192 -0.00857086 -0.0176387 -0.0273281 -0.0371862 -0.0467559 -0.0547848 -0.0603643 -0.0639876 -0.0663285 -0.0679662 -0.0687961 -0.0680575 -0.0668316 -0.0675215 -0.0712367 -0.0779567 -0.0852676 -0.0906268 -0.0939505 -0.0955152 -0.0951817 -0.0931184 -0.0900584 -0.0868373
-0.115689 -0.126876 -0.137648 -0.146954 -0.152837 -0.152478 -0.144133 -0.128083 -0.107957 -0.0903567 -0.0760233 -0.0616703 -0.0468188 -0.0323165 -0.0185691 -0.00591309 0.00507873 0.0151708 0.0280376 0.0454109 0.0655368 0.0826268 0.0879008 0.080206 0.0638695 0.0461737 0.0341686 0.0282251 0.0265608 0.0266204 0.0257809 0.0216197 0.0141359 0.00628856 -0.000952026 -0.00849023 -0.0170121 -0.0268657 -0.0373102 -0.0471447 -0.055013 -0.0600995 -0.0630829 -0.064786 -0.0658516 -0.066317 -0.0656419 -0.0648157 -0.0658883 -0.0694933 -0.0751885 -0.080776 -0.0841735 -0.0858429 -0.0863903 -0.085469 -0.0832773 -0.0810286 -0.0793839
-0.116543 -0.129244 -0.143089 -0.154437 -0.159469 -0.157059 -0.145791 -0.123481 -0.096165 -0.0777162 -0.0674146 -0.0549066 -0.0401391 -0.0273278 -0.0163005 -0.00594656 0.00331686 0.0120385 0.0234615 0.0395748 0.0598896 0.0796056 0.0904864 0.0907165 0.0830386 0.0721203 0.0626871 0.0560914 0.0520382 0.0482201 0.0423715 0.0330606 0.0212148 0.0105059 0.00179267 -0.00660553 -0.0157553 -0.0261073 -0.0368141 -0.0465518 -0.0540952 -0.0587947 -0.0614208 -0.0627587 -0.0632236 -0.0629386 -0.0618008 -0.0607556 -0.0614376 -0.0642363 -0.0686302 -0.0727243 -0.0748112 -0.0755167 -0.0755761 -0.074799 -0.0734036 -0.0724069 -0.0721987
-0.118177 -0.133109 -0.148963 -0.161037 -0.164044 -0.154762 -0.1332 -0.104178 -0.0766588 -0.0624316 -0.0573243 -0.0473225 -0.0336767 -0.0235893 -0.016094 -0.00853716 -0.00129456 0.00579125 0.015318 0.0293011 0.0483075 0.06916 0.0855504 0.0956211 0.100385 0.0999789 0.0946532 0.0869777 0.0791751 0.070556 0.0599629 0.0464059 0.0310821 0.0177842 0.00705283 -0.00339977 -0.014396 -0.0257778 -0.0369728 -0.0471459 -0.0550368 -0.0598379 -0.0621838 -0.0627498 -0.0618889 -0.0599558 -0.0573838 -0.0552314 -0.0549079 -0.0566241 -0.0597824 -0.0628179 -0.0643411 -0.0647564 -0.0646997 -0.064426 -0.0642224 -0.064494 -0.0653495
-0.122634 -0.13994 -0.15439 -0.163894 -0.163163 -0.140093 -0.0977742 -0.0643231 -0.0509234 -0.0481959 -0.0466543 -0.0388103 -0.0280792 -0.0215061 -0.017633 -0.0133571 -0.009076 -0.0046749 0.00255778 0.0145598 0.0316483 0.0531975 0.0777145 0.102807 0.125091 0.138117 0.136421 0.124968 0.110265 0.0947337 0.0790309 0.0619063 0.043893 0.0279295 0.0142168 0.000616035 -0.013218 -0.0266178 -0.0394491 -0.0514442 -0.0609539 -0.0665837 -0.0684903 -0.0672653 -0.0638198 -0.0590288 -0.0537281 -0.0493384 -0.0475398 -0.0482365 -0.0503685 -0.0527248 -0.0543014 -0.0550053 -0.0551041 -0.0552266 -0.0557947 -0.0568338 -0.0583355
-0.129157 -0.1464 -0.157673 -0.157878 -0.141808 -0.105735 -0.0593899 -0.0326111 -0.031692 -0.036494 -0.0371433 -0.0327176 -0.0266542 -0.0233294 -0.0215661 -0.0194193 -0.0182138 -0.017639 -0.0125298 -7.61044E-05 0.0183897 0.0436486 0.0782518 0.11794 0.153782 0.175599 0.175843 0.161144 0.140661 0.119255 0.0990996 0.0787499 0.0580076 0.0386989 0.021053 0.00391222 -0.0126967 -0.0281815 -0.0429281 -0.0571632 -0.0689458 -0.0762896 -0.0785017 -0.0758886 -0.0700998 -0.062476 -0.0539104 -0.0462132 -0.0416732 -0.0402869 -0.0409 -0.04269 -0.0448609 -0.0462963 -0.0465188 -0.0466755 -0.0475093 -0.0488071 -0.0506052
-0.135462 -0.147487 -0.153111 -0.136699 -0.0938142 -0.0547978 -0.037253 -0.0306465 -0.0279459 -0.0284727 -0.0303907 -0.0310874 -0.0303423 -0.0289763 -0.0271274 -0.0254325 -0.0268538 -0.0306617 -0.027347 -0.0117828 0.0133979 0.0474175 0.0912143 0.138063 0.176643 0.198923 0.200525 0.186958 0.16576 0.142254 0.119311 0.095922 0.0718298 0.0482781 0.0261053 0.00568726 -0.0128648 -0.0297042 -0.0457299 -0.0615453 -0.0754202 -0.0852041 -0.089184 -0.087038 -0.0806804 -0.0714931 -0.0600843 -0.0484381 -0.0394266 -0.0339572 -0.0318565 -0.0327472 -0.035706 -0.0381184 -0.0384247 -0.0383373 -0.0390266 -0.0401562 -0.041983
-0.137065 -0.137145 -0.12472 -0.0927252 -0.0459114 -0.0203305 -0.0277894 -0.0351745 -0.030085 -0.0259549 -0.0269954 -0.0298434 -0.031637 -0.0306168 -0.0289772 -0.0297509 -0.034578 -0.0413905 -0.0408745 -0.0258714 0.00605375 0.0502241 0.0959331 0.138231 0.175493 0.201812 0.211037 0.204438 0.186187 0.162761 0.138454 0.112625 0.0851966 0.0575331 0.0312359 0.00788685 -0.0123969 -0.0304178 -0.0473642 -0.0640627 -0.0793136 -0.0912885 -0.0978605 -0.0980734 -0.0930432 -0.0836922 -0.0705728 -0.0555567 -0.0414924 -0.0306058 -0.0245193 -0.0233948 -0.0262061 -0.0295027 -0.0307966 -0.0310427 -0.0312397 -0.0317346 -0.0333645
