data_raster/melanesia/PNMC_current_2021/202103_North.grd
DSAA																																																																																																																																																																																																																																																																																																																																																																																																																											
412	268																																																																																																																																																																																																																																																																																																																																																																																																																										
156	174.5																																																																																																																																																																																																																																																																																																																																																																																																																										
-26.5	-14.5																																																																																																																																																																																																																																																																																																																																																																																																																										
-0.445606	0.253092																																																																																																																																																																																																																																																																																																																																																																																																																										
[rows 0 to 25 of 268, columns 236 to 294 of 412]
-0.115814 -0.111085 -0.10529 -0.0992976 -0.0940843 -0.0901062 -0.0870429 -0.0834917 -0.0788082 -0.0732424 -0.0667283 -0.0590044 -0.0503515 -0.0413046 -0.0323341 -0.0238837 -0.0163784 -0.010249 -0.00594342 -0.00378929 -0.00390495 -0.00564985 -0.00775228 -0.00995628 -0.0126721 -0.016206 -0.0206329 -0.0252084 -0.0290482 -0.0315387 -0.0327047 -0.0336828 -0.035187 -0.0372062 -0.0392945 -0.0407211 -0.041284 -0.0411597 -0.0409143 -0.0411202 -0.0417771 -0.0426777 -0.0434547 -0.0439455 -0.0443685 -0.0445681 -0.0439202 -0.0418709 -0.0379544 -0.0318191 -0.0232985 -0.0129273 -0.00172245 0.00844652 0.0154671 0.0171372 0.0132588 0.00670443 -3.98896E-05
-0.107567 -0.103713 -0.0995613 -0.0954579 -0.0917222 -0.088338 -0.0849756 -0.0809027 -0.0758244 -0.0699444 -0.0633445 -0.0560063 -0.0479612 -0.0393395 -0.0306418 -0.0224553 -0.0152644 -0.00960284 -0.00614447 -0.00513745 -0.00617551 -0.00836723 -0.0105068 -0.0126363 -0.0155321 -0.0193316 -0.0237512 -0.0278866 -0.0309239 -0.0328202 -0.0339797 -0.0353774 -0.0374251 -0.0397244 -0.0417573 -0.0430122 -0.0436374 -0.044122 -0.0446677 -0.0453314 -0.0460433 -0.046687 -0.0471082 -0.0472169 -0.0470367 -0.0464054 -0.0449422 -0.0423909 -0.0385857 -0.0332139 -0.0260056 -0.0173647 -0.00814749 9.24663E-06 0.00526915 0.00576892 0.00167798 -0.00376753 -0.00853072
-0.10065 -0.0977044 -0.0949415 -0.0922434 -0.089435 -0.0862582 -0.0824753 -0.0779055 -0.0725097 -0.066398 -0.0597298 -0.0526573 -0.0450272 -0.0366854 -0.0282334 -0.0204412 -0.0138412 -0.00901335 -0.00672769 -0.0070266 -0.00888179 -0.0112694 -0.0133498 -0.0154763 -0.0186209 -0.022641 -0.0268583 -0.0303846 -0.0326414 -0.0341166 -0.0354775 -0.0373494 -0.0397711 -0.0420513 -0.0437748 -0.044851 -0.0456283 -0.0466112 -0.0477048 -0.0486336 -0.0493308 -0.04978 -0.0499599 -0.0498204 -0.0492627 -0.0481479 -0.0463038 -0.0436601 -0.040206 -0.035733 -0.0300043 -0.0232044 -0.0159243 -0.00967915 -0.00607341 -0.00641641 -0.0102439 -0.0145044 -0.0176921
-0.0958627 -0.0937826 -0.091937 -0.0898634 -0.0871467 -0.083612 -0.0792446 -0.0742246 -0.068634 -0.0624417 -0.0557589 -0.0487575 -0.0412302 -0.0329795 -0.0248079 -0.0176997 -0.0121935 -0.00879696 -0.00812626 -0.00983886 -0.0122419 -0.0143968 -0.0162524 -0.0184578 -0.0218947 -0.0260064 -0.0297136 -0.0324134 -0.0339879 -0.0353321 -0.0371649 -0.0395116 -0.0419903 -0.0438357 -0.0449644 -0.0458886 -0.0469287 -0.0482178 -0.0494932 -0.0504267 -0.0510396 -0.0514116 -0.0515471 -0.0513947 -0.0508294 -0.049771 -0.0481969 -0.0460658 -0.043321 -0.0399284 -0.0358516 -0.0309745 -0.025519 -0.0209985 -0.0188271 -0.0195144 -0.0224344 -0.0254673 -0.0277156
-0.0926252 -0.0910081 -0.0894924 -0.0874497 -0.0843919 -0.0802949 -0.0753431 -0.0699341 -0.0642344 -0.0581437 -0.0515837 -0.0445015 -0.0368392 -0.0287135 -0.0211468 -0.0152426 -0.0114259 -0.00993637 -0.0108958 -0.0135355 -0.0159034 -0.0174128 -0.0188806 -0.0210992 -0.0246057 -0.028496 -0.0314864 -0.0334053 -0.0346114 -0.0360843 -0.0383461 -0.0408342 -0.0429647 -0.0443173 -0.0451089 -0.0460479 -0.0473028 -0.0487015 -0.049981 -0.0509147 -0.0515555 -0.0520017 -0.0522881 -0.0523726 -0.0521033 -0.0514311 -0.0504305 -0.0490557 -0.0471824 -0.0448668 -0.0422007 -0.0389394 -0.0351048 -0.0320731 -0.0309869 -0.0317554 -0.0337537 -0.0358326 -0.0375538
-0.0901097 -0.0883787 -0.086661 -0.0843279 -0.0808953 -0.0764152 -0.0711484 -0.0655538 -0.0598457 -0.0539424 -0.0475594 -0.04035 -0.0325781 -0.0248971 -0.0184275 -0.0141834 -0.0123481 -0.0127418 -0.0147648 -0.0173801 -0.0190722 -0.0197929 -0.0208889 -0.0230393 -0.0262962 -0.0296165 -0.0318124 -0.0331748 -0.0343986 -0.0361348 -0.0385078 -0.0406661 -0.0421722 -0.0432627 -0.0442445 -0.0454183 -0.0467819 -0.0481635 -0.0494388 -0.0505195 -0.0513837 -0.0520586 -0.0526534 -0.0531615 -0.0533622 -0.0531892 -0.0527701 -0.0521028 -0.0510863 -0.049718 -0.048023 -0.0458888 -0.0434137 -0.041609 -0.0412417 -0.0420487 -0.0435394 -0.0451096 -0.046522
-0.0874605 -0.0852672 -0.0831347 -0.0804729 -0.0768333 -0.0724132 -0.0674787 -0.0622481 -0.0567525 -0.050827 -0.044305 -0.037103 -0.0297685 -0.0231607 -0.0181651 -0.0154508 -0.0149534 -0.0161765 -0.0180259 -0.0195958 -0.0203987 -0.020826 -0.0220155 -0.0242637 -0.0272083 -0.0298535 -0.0312958 -0.032272 -0.0336852 -0.0355743 -0.0376453 -0.0392799 -0.0403641 -0.0414575 -0.0427974 -0.044298 -0.0458227 -0.047235 -0.0485471 -0.0498041 -0.0509523 -0.0519657 -0.0529513 -0.0538994 -0.0545708 -0.0548965 -0.0550227 -0.0549949 -0.0547671 -0.0542557 -0.0533777 -0.0521556 -0.0507854 -0.0499482 -0.0501092 -0.0509901 -0.052246 -0.0535948 -0.0548981
-0.0843591 -0.0816594 -0.0791414 -0.0763245 -0.0728367 -0.068944 -0.0648057 -0.0602603 -0.0550588 -0.0489267 -0.0421047 -0.0352154 -0.0289285 -0.0238778 -0.0204177 -0.0187011 -0.0185122 -0.0192942 -0.0199375 -0.0200097 -0.0201395 -0.0208826 -0.0225955 -0.0250512 -0.0276276 -0.0295717 -0.0304066 -0.0311456 -0.0327079 -0.0345214 -0.0360195 -0.0371643 -0.0381625 -0.0394389 -0.0410745 -0.0428433 -0.0445592 -0.0460955 -0.0475143 -0.0489275 -0.0503539 -0.0517904 -0.053235 -0.0546197 -0.0557673 -0.056625 -0.0572943 -0.0578546 -0.0583437 -0.0586409 -0.0585786 -0.0581892 -0.057661 -0.057489 -0.0579941 -0.05894 -0.0600937 -0.0613477 -0.0626201
-0.081095 -0.0781835 -0.0754354 -0.0727561 -0.0699467 -0.0667959 -0.0631047 -0.058698 -0.0534538 -0.0473405 -0.0408184 -0.0346824 -0.0295634 -0.0258956 -0.0235357 -0.0221824 -0.0216163 -0.0214766 -0.0210796 -0.0204072 -0.0204233 -0.0215538 -0.0235977 -0.02594 -0.0277868 -0.0288753 -0.0293362 -0.030024 -0.0315285 -0.0330816 -0.0341168 -0.0349203 -0.035871 -0.0373195 -0.0391773 -0.041008 -0.0427036 -0.0443465 -0.0459609 -0.0475737 -0.0493149 -0.0512618 -0.0532893 -0.0552642 -0.0570938 -0.0586938 -0.059996 -0.061121 -0.062294 -0.0633707 -0.064061 -0.0643491 -0.0643739 -0.0644848 -0.0649601 -0.0658051 -0.0669145 -0.0680748 -0.0691465
-0.0775223 -0.0748839 -0.0722939 -0.070044 -0.0680631 -0.0654868 -0.0617659 -0.0570416 -0.0516164 -0.0459009 -0.0403135 -0.0352765 -0.0312248 -0.0284665 -0.0266279 -0.0252201 -0.0240844 -0.0231342 -0.0222978 -0.021759 -0.0220444 -0.0232599 -0.0250528 -0.026736 -0.0275612 -0.0278129 -0.0281523 -0.0289081 -0.0301183 -0.0312533 -0.0319951 -0.0326248 -0.0335069 -0.0349961 -0.0368916 -0.038576 -0.0400984 -0.0418388 -0.0437505 -0.0456995 -0.0478719 -0.0504031 -0.0530919 -0.0557671 -0.0583954 -0.0608413 -0.0628599 -0.0645884 -0.0664062 -0.0681555 -0.069453 -0.0702509 -0.0706517 -0.0708794 -0.0711877 -0.0718333 -0.0728204 -0.073772 -0.0744739
-0.0731768 -0.0713447 -0.0695413 -0.0678881 -0.0661617 -0.0636026 -0.0598252 -0.0551653 -0.0500798 -0.0450758 -0.0405159 -0.0366392 -0.0335523 -0.0312536 -0.029511 -0.0280457 -0.0266643 -0.0253561 -0.0244585 -0.0242003 -0.0245809 -0.0253902 -0.0262332 -0.0267276 -0.0266143 -0.0264242 -0.0268319 -0.0276131 -0.0283716 -0.0289515 -0.029378 -0.0299378 -0.0308514 -0.0322017 -0.0337927 -0.0352474 -0.0367364 -0.0386773 -0.0410006 -0.0435175 -0.0463221 -0.0494776 -0.0527839 -0.056078 -0.0593289 -0.0624241 -0.0651604 -0.0676036 -0.0699912 -0.0721786 -0.073871 -0.0750642 -0.0758703 -0.0764545 -0.0769763 -0.0775528 -0.0781903 -0.0787363 -0.07909
-0.0681587 -0.0675051 -0.0665868 -0.0652818 -0.0633412 -0.060631 -0.0571951 -0.053331 -0.0493 -0.045307 -0.0416546 -0.0386643 -0.0362205 -0.0340519 -0.0321809 -0.0306504 -0.0292637 -0.0279822 -0.0272013 -0.0270287 -0.0270851 -0.0270354 -0.0266482 -0.0259804 -0.0252929 -0.0249755 -0.0253086 -0.0258334 -0.0260741 -0.026113 -0.0261844 -0.0266147 -0.0274888 -0.0285766 -0.0297749 -0.0311259 -0.0328482 -0.0352057 -0.0381131 -0.0413761 -0.0449077 -0.0486375 -0.052468 -0.0563064 -0.0600753 -0.0637042 -0.0671304 -0.0703162 -0.0732326 -0.075759 -0.0777656 -0.0793383 -0.0806272 -0.0817458 -0.0827129 -0.0833502 -0.0836218 -0.0837463 -0.0838184
-0.0628471 -0.0634461 -0.0627821 -0.0612108 -0.0591215 -0.0567635 -0.0543283 -0.0519406 -0.049523 -0.046816 -0.0439545 -0.0413241 -0.0389617 -0.0367572 -0.0347323 -0.0329454 -0.0314348 -0.0302696 -0.0295859 -0.0292065 -0.0285175 -0.0273677 -0.0260822 -0.0249445 -0.0241647 -0.0237122 -0.0234512 -0.0232398 -0.0229728 -0.0226567 -0.0224064 -0.0224991 -0.0230312 -0.0238526 -0.0249683 -0.0265365 -0.0287613 -0.0318158 -0.0355239 -0.0395896 -0.0437765 -0.0479544 -0.0522273 -0.0566327 -0.0610326 -0.0653103 -0.0693938 -0.0732077 -0.0766686 -0.0796628 -0.0821033 -0.0841396 -0.0859481 -0.0875096 -0.0887326 -0.0894604 -0.0896865 -0.0896447 -0.0894785
-0.0574201 -0.0589013 -0.0584237 -0.0568123 -0.0550031 -0.0533434 -0.0520066 -0.0510152 -0.050091 -0.0486789 -0.0466558 -0.0442362 -0.0417427 -0.0394712 -0.0373314 -0.0352233 -0.0334157 -0.0321106 -0.0312015 -0.030331 -0.0288726 -0.0268915 -0.0251037 -0.0237905 -0.0228897 -0.0220349 -0.0208772 -0.0197309 -0.0189293 -0.0183189 -0.017812 -0.0176119 -0.0178594 -0.0185765 -0.0198432 -0.0217997 -0.0246208 -0.0284369 -0.0329842 -0.0378609 -0.042724 -0.0474086 -0.052169 -0.0571466 -0.0621771 -0.0670923 -0.0717582 -0.0761008 -0.0800838 -0.0836024 -0.0865612 -0.0891182 -0.091435 -0.0933759 -0.0948001 -0.0957076 -0.0961342 -0.0961427 -0.0958364
-0.0520663 -0.0537454 -0.0540804 -0.0534992 -0.0525717 -0.0516121 -0.0508541 -0.0504513 -0.0502617 -0.0498381 -0.0487968 -0.0468906 -0.0445203 -0.0422722 -0.0400745 -0.0377616 -0.0355463 -0.0336219 -0.0319713 -0.0304006 -0.0285209 -0.0263453 -0.0242694 -0.0224555 -0.020866 -0.0192007 -0.017198 -0.0152799 -0.0138732 -0.0128599 -0.0121675 -0.0119945 -0.0124163 -0.0133233 -0.0148092 -0.0171445 -0.0204959 -0.0249173 -0.0301559 -0.0358301 -0.0415156 -0.0469587 -0.0523725 -0.0578914 -0.063389 -0.0687478 -0.0738888 -0.0787254 -0.0831654 -0.087138 -0.0906082 -0.0936788 -0.0964417 -0.0987819 -0.100583 -0.101828 -0.102521 -0.102674 -0.102384
-0.047288 -0.0488576 -0.0500551 -0.050789 -0.0510443 -0.0508719 -0.0504615 -0.0501974 -0.0502044 -0.0502906 -0.0499982 -0.0487841 -0.046898 -0.0448715 -0.0426996 -0.0402599 -0.0376085 -0.034888 -0.0323432 -0.030052 -0.0278366 -0.0255342 -0.0230299 -0.0203841 -0.0177452 -0.0150789 -0.012344 -0.00983022 -0.00783115 -0.00637977 -0.00554161 -0.00552777 -0.00633123 -0.00766417 -0.0095885 -0.0124636 -0.0164217 -0.0214304 -0.0272984 -0.0337334 -0.0402813 -0.0466062 -0.0527808 -0.0588606 -0.0647634 -0.0704686 -0.0760331 -0.0813643 -0.0862671 -0.0906987 -0.0946915 -0.0982404 -0.101333 -0.103979 -0.106158 -0.107782 -0.108789 -0.109173 -0.109015
-0.0433809 -0.0449275 -0.0465291 -0.0481122 -0.0495088 -0.0502685 -0.0503079 -0.0501821 -0.0501978 -0.0503173 -0.0502678 -0.0496621 -0.0484729 -0.0468266 -0.0447326 -0.0421666 -0.0391185 -0.0357376 -0.0325018 -0.0296292 -0.0269054 -0.0240442 -0.0207531 -0.0171007 -0.0133763 -0.00975999 -0.00638258 -0.0033756 -0.000878622 0.000945825 0.00191631 0.00182875 0.000686852 -0.00125053 -0.00397708 -0.00770296 -0.0124605 -0.0181666 -0.0246941 -0.031844 -0.0391953 -0.0463869 -0.0533568 -0.0600677 -0.0664473 -0.0725495 -0.0785605 -0.0844084 -0.089837 -0.0947973 -0.0993222 -0.10328 -0.106557 -0.109315 -0.111686 -0.113599 -0.11495 -0.115631 -0.115663
-0.0399565 -0.0416053 -0.0435372 -0.0457745 -0.0481002 -0.049681 -0.0501929 -0.0502536 -0.0502625 -0.0502837 -0.0502209 -0.0498725 -0.0490332 -0.0475337 -0.0453917 -0.0426539 -0.0392687 -0.0353977 -0.031691 -0.0283975 -0.0251068 -0.0214632 -0.0172441 -0.0126084 -0.00794411 -0.00352173 0.000467211 0.00395005 0.0068458 0.00895206 0.0100321 0.00983004 0.00826759 0.0054956 0.00165754 -0.00312517 -0.00875782 -0.0151688 -0.022336 -0.0301814 -0.0383271 -0.0463932 -0.0541895 -0.0616001 -0.0685888 -0.0752502 -0.0818023 -0.0881923 -0.094169 -0.0996482 -0.104604 -0.108831 -0.11218 -0.114917 -0.117297 -0.119342 -0.120953 -0.121904 -0.12212
-0.0368661 -0.0387231 -0.0410702 -0.0438934 -0.0468637 -0.0490032 -0.0498944 -0.0501528 -0.0502256 -0.0502621 -0.0501525 -0.0496224 -0.0485063 -0.0467208 -0.0443198 -0.0413521 -0.0377067 -0.0335159 -0.0294882 -0.0258371 -0.0219764 -0.0175417 -0.0124693 -0.00701563 -0.00161431 0.00347221 0.00806584 0.0120268 0.0152206 0.0174968 0.0186235 0.0182238 0.0161059 0.0123487 0.00727539 0.00137714 -0.00514382 -0.0122742 -0.0201021 -0.02866 -0.0376057 -0.0465458 -0.0551974 -0.0634029 -0.0711898 -0.0786445 -0.0858891 -0.0928647 -0.0993779 -0.105311 -0.110571 -0.114968 -0.118389 -0.121107 -0.123407 -0.125395 -0.127024 -0.128046 -0.128326
-0.034511 -0.0366559 -0.0390888 -0.0420807 -0.0454577 -0.0479882 -0.049097 -0.0494888 -0.0496816 -0.04984 -0.0496982 -0.0487531 -0.0470119 -0.044707 -0.0419364 -0.0387114 -0.0349006 -0.0305668 -0.0262384 -0.022047 -0.0174854 -0.0123019 -0.00655428 -0.000484967 0.00555885 0.0112852 0.0164354 0.020788 0.0241627 0.0264672 0.0274979 0.0268142 0.0241628 0.0195854 0.0134971 0.00657852 -0.000922236 -0.00901885 -0.0177432 -0.0270734 -0.0367484 -0.0464687 -0.0559899 -0.0651661 -0.074004 -0.082502 -0.090627 -0.0982818 -0.105326 -0.111673 -0.117252 -0.121937 -0.125652 -0.12857 -0.13087 -0.132622 -0.133839 -0.134477 -0.1345
-0.0329597 -0.0354757 -0.0377017 -0.0404759 -0.0440333 -0.0468392 -0.0480919 -0.0485567 -0.0488197 -0.0490789 -0.048889 -0.0474689 -0.0450018 -0.042063 -0.0388121 -0.0352407 -0.0312281 -0.0267497 -0.0220322 -0.0171252 -0.0117888 -0.00594599 0.000299738 0.00682097 0.0134496 0.0198035 0.025439 0.0300542 0.0334484 0.0355963 0.036363 0.035349 0.0323014 0.0272153 0.0204812 0.012775 0.00431942 -0.00490361 -0.0147186 -0.0248947 -0.0352842 -0.0457599 -0.0561944 -0.0664869 -0.0765809 -0.0863605 -0.0956369 -0.104223 -0.111952 -0.118804 -0.124821 -0.129951 -0.134136 -0.137398 -0.13975 -0.14115 -0.141665 -0.141543 -0.140957
-0.0318644 -0.0348713 -0.0371675 -0.0398182 -0.0432973 -0.0462428 -0.0478041 -0.0483739 -0.0484779 -0.0485966 -0.0482462 -0.0463957 -0.0432571 -0.0395661 -0.0356049 -0.0314408 -0.0269133 -0.0219345 -0.0166675 -0.0111548 -0.00522784 0.00113591 0.00780821 0.0147254 0.0218203 0.0286719 0.034723 0.0394992 0.0427027 0.0444772 0.0448628 0.0435514 0.0402817 0.034928 0.0278304 0.0196744 0.0106134 0.000547035 -0.010218 -0.0212907 -0.0325781 -0.0440282 -0.0555022 -0.0669207 -0.0783226 -0.0895909 -0.100412 -0.110427 -0.119287 -0.126961 -0.133568 -0.139126 -0.143615 -0.146982 -0.149189 -0.150244 -0.150248 -0.149435 -0.148069
-0.0310381 -0.0346904 -0.0374789 -0.040253 -0.043467 -0.0464008 -0.0483854 -0.0491273 -0.0489433 -0.0486832 -0.0480111 -0.045849 -0.0422529 -0.0378116 -0.0329673 -0.0279788 -0.0226632 -0.0169163 -0.0109896 -0.00494586 0.00147604 0.00833202 0.0154605 0.0227579 0.0301301 0.0372392 0.0436034 0.0485712 0.0516886 0.0532137 0.0533222 0.0517882 0.0483608 0.0428429 0.0355516 0.0271884 0.0178515 0.00734945 -0.00405546 -0.0159899 -0.0283446 -0.041022 -0.053785 -0.0665369 -0.0794493 -0.0924398 -0.105095 -0.116865 -0.127165 -0.135878 -0.143127 -0.148987 -0.153502 -0.156678 -0.158564 -0.159335 -0.159102 -0.15786 -0.155812
-0.0304721 -0.0349238 -0.038408 -0.0414307 -0.0443444 -0.0471126 -0.0493668 -0.0503333 -0.0500407 -0.0493502 -0.0482014 -0.0458918 -0.0421936 -0.0372075 -0.031493 -0.0255837 -0.0194528 -0.0130409 -0.00646012 0.000298234 0.00743696 0.0149521 0.0226271 0.0302631 0.0376845 0.0447616 0.0512909 0.0566462 0.0602787 0.0622078 0.062444 0.0607863 0.0570997 0.0513823 0.0439664 0.0354231 0.0258731 0.0151978 0.00346238 -0.00919389 -0.0226266 -0.0366684 -0.0510965 -0.0657738 -0.0807162 -0.0957036 -0.11022 -0.123624 -0.135247 -0.144907 -0.152688 -0.158694 -0.16305 -0.165934 -0.167538 -0.168075 -0.167649 -0.166202 -0.163845
-0.0304933 -0.0356207 -0.0396228 -0.0428362 -0.0455617 -0.0480568 -0.0502245 -0.0514316 -0.051454 -0.0505523 -0.0489138 -0.0465868 -0.0430694 -0.037807 -0.0313394 -0.0244169 -0.0173363 -0.0101952 -0.00286376 0.00478048 0.0127982 0.0210273 0.0291132 0.0369152 0.0444281 0.051574 0.0581951 0.0639205 0.0683278 0.0710204 0.0716785 0.0701252 0.066369 0.0606407 0.0532652 0.044616 0.0348597 0.0240183 0.0119721 -0.00139298 -0.0159534 -0.0315225 -0.0479037 -0.0648567 -0.0820659 -0.0990955 -0.115375 -0.130258 -0.143093 -0.153652 -0.161956 -0.168133 -0.172388 -0.175042 -0.176393 -0.176619 -0.175851 -0.174173 -0.17164
-0.0313804 -0.0367554 -0.0407933 -0.0440048 -0.0467447 -0.048923 -0.0505649 -0.0519584 -0.0527796 -0.0521067 -0.0501688 -0.0478696 -0.0446173 -0.0393493 -0.0323603 -0.0243643 -0.0160276 -0.0077539 0.000591483 0.00915992 0.0180105 0.0268189 0.0349701 0.0426991 0.0506528 0.058391 0.0651622 0.0709612 0.0757813 0.0790017 0.0801105 0.0790179 0.0757634 0.0704961 0.0634447 0.0548877 0.044972 0.0337406 0.0210792 0.00684539 -0.00896985 -0.0262532 -0.0446602 -0.063755 -0.0830085 -0.101887 -0.119852 -0.136253 -0.150392 -0.161974 -0.170957 -0.177516 -0.181915 -0.184472 -0.18549 -0.185207 -0.183854 -0.181661 -0.178689
