data_raster/melanesia/PNMC_current_2021/202109_North.grd
DSAA																																																																																																																																																																																																																																																																																																																																																																																																																											
412	268																																																																																																																																																																																																																																																																																																																																																																																																																										
156	174.5																																																																																																																																																																																																																																																																																																																																																																																																																										
-26.5	-14.5																																																																																																																																																																																																																																																																																																																																																																																																																										
-0.490809	0.428334																																																																																																																																																																																																																																																																																																																																																																																																																										
[rows 182 to 207 of 268, columns 300 to 359 of 412]
-0.0117019 -0.0199275 -0.0241129 -0.0193068 -0.00922981 0.00182208 0.0102254 0.0123355 0.00488775 -0.0103696 -0.0289241 -0.0489122 -0.0699317 -0.0930253 -0.118271 -0.141975 -0.160846 -0.173569 -0.180297 -0.182728 -0.182394 -0.180493 -0.177042 -0.171548 -0.164413 -0.156119 -0.146166 -0.13405 -0.119855 -0.103821 -0.0863006 -0.0676343 -0.0481273 -0.0279008 -0.00698818 0.0141507 0.0347479 0.053549 0.069467 0.0825316 0.09312 0.101847 0.109069 0.114708 0.118628 0.120684 0.120946 0.119653 0.117209 0.113955 0.109592 0.103452 0.0943371 0.0815579 0.0656294 0.0468695 0.0252662 0.00306765 -0.0156913 -0.0298439
-0.0159848 -0.0174402 -0.0153967 -0.00764243 0.00301324 0.0127578 0.0173149 0.0137554 0.00080379 -0.0186971 -0.0398899 -0.0616273 -0.0843921 -0.108933 -0.134623 -0.156809 -0.172257 -0.181623 -0.18626 -0.187837 -0.187529 -0.185983 -0.182863 -0.177457 -0.170102 -0.161286 -0.150559 -0.137626 -0.123115 -0.107354 -0.0899597 -0.0708425 -0.050333 -0.0290831 -0.00789146 0.013111 0.0339243 0.0534367 0.0704532 0.084753 0.0965018 0.106256 0.114201 0.119901 0.123156 0.124071 0.12301 0.120514 0.117157 0.113367 0.108802 0.102831 0.0946479 0.0835366 0.0690252 0.0507594 0.0286482 0.00540645 -0.0140865 -0.0286362
-0.0144348 -0.0100631 -0.00345512 0.00530777 0.0148056 0.0218291 0.0210988 0.0106365 -0.00810743 -0.0313026 -0.0543861 -0.0774806 -0.102137 -0.127565 -0.151601 -0.170058 -0.180872 -0.186504 -0.189283 -0.190711 -0.191219 -0.190362 -0.187472 -0.181942 -0.174219 -0.164895 -0.153625 -0.140289 -0.125873 -0.110708 -0.0937865 -0.074448 -0.0526571 -0.0297438 -0.00780594 0.0130859 0.0336536 0.0533278 0.0711748 0.0864868 0.0990412 0.109571 0.118338 0.124718 0.128161 0.128335 0.125862 0.121946 0.117379 0.112609 0.107358 0.101139 0.0934702 0.0835748 0.0701021 0.0523596 0.0307435 0.00809026 -0.0109672 -0.025353
-0.00838271 -0.00126258 0.00676363 0.0145387 0.0213848 0.0244371 0.0179856 0.00122114 -0.0218841 -0.0471318 -0.071 -0.0947799 -0.120613 -0.1456 -0.165955 -0.179272 -0.185436 -0.188072 -0.18996 -0.192234 -0.194322 -0.194402 -0.191603 -0.185749 -0.177512 -0.167642 -0.156005 -0.142641 -0.128548 -0.113929 -0.0974541 -0.0779835 -0.054922 -0.030143 -0.00701332 0.0140481 0.034014 0.0532238 0.0714846 0.0875227 0.100604 0.111689 0.12126 0.128752 0.133136 0.133169 0.129568 0.124272 0.118379 0.112441 0.106293 0.0995632 0.091884 0.0824004 0.0693222 0.0520727 0.0318973 0.0113273 -0.00629557 -0.0201334
-0.00210066 0.00516697 0.0121102 0.017551 0.0204888 0.0183575 0.00665136 -0.0142189 -0.039257 -0.0649106 -0.0890999 -0.112837 -0.137339 -0.159138 -0.174607 -0.183248 -0.186476 -0.188192 -0.190874 -0.194819 -0.198597 -0.199616 -0.196946 -0.19073 -0.181789 -0.171022 -0.158646 -0.144958 -0.130848 -0.116357 -0.0999804 -0.0803633 -0.0566653 -0.0308698 -0.00674036 0.0147542 0.0341879 0.0526991 0.0709665 0.0874847 0.101192 0.113028 0.123493 0.13202 0.137371 0.137892 0.134012 0.127566 0.120227 0.11326 0.106399 0.0990511 0.090995 0.0814398 0.0683772 0.0515112 0.0330066 0.0150246 -0.00056892 -0.0134003
0.00213565 0.00780018 0.0121146 0.0144349 0.0127898 0.00503745 -0.0108093 -0.0333711 -0.0583124 -0.0832217 -0.107087 -0.129687 -0.150644 -0.1675 -0.178272 -0.183875 -0.186414 -0.189212 -0.193872 -0.199647 -0.204621 -0.206193 -0.203443 -0.196542 -0.186474 -0.174389 -0.160931 -0.146696 -0.132449 -0.118021 -0.101677 -0.0820089 -0.0583078 -0.0323894 -0.00771359 0.0142395 0.0333409 0.0512125 0.0692369 0.0860209 0.100423 0.113156 0.124511 0.133779 0.139852 0.141407 0.138335 0.131524 0.12311 0.115263 0.107702 0.09966 0.0910688 0.0812562 0.0681466 0.0517293 0.0348924 0.019424 0.00587958 -0.00585996
0.0037268 0.00701021 0.00819291 0.00704416 0.000970444 -0.0115316 -0.030005 -0.0527068 -0.0769019 -0.100693 -0.12283 -0.142719 -0.159826 -0.172703 -0.180562 -0.185157 -0.188697 -0.193374 -0.199805 -0.206621 -0.211822 -0.213115 -0.209533 -0.201092 -0.189199 -0.175582 -0.161216 -0.146845 -0.133082 -0.119448 -0.103728 -0.0843514 -0.0608006 -0.0349184 -0.0100889 0.0119665 0.030812 0.0482725 0.0660524 0.0829098 0.0977378 0.111105 0.123119 0.132882 0.139568 0.14252 0.141233 0.135555 0.127224 0.118452 0.109682 0.100826 0.0917576 0.0817241 0.0688026 0.053236 0.0382197 0.024988 0.0128684 0.0016287
0.00145633 0.00202114 0.00001165 -0.00467653 -0.0144831 -0.030169 -0.0498097 -0.0718044 -0.0949686 -0.117355 -0.136824 -0.153287 -0.167175 -0.177466 -0.183707 -0.188137 -0.192916 -0.199151 -0.206631 -0.213634 -0.218202 -0.218362 -0.213237 -0.202885 -0.189287 -0.174759 -0.160166 -0.146044 -0.132962 -0.120294 -0.105465 -0.086657 -0.0632853 -0.0374254 -0.0128604 0.00876889 0.0272982 0.0445373 0.0621243 0.0789006 0.0938425 0.107528 0.120015 0.130293 0.137726 0.142104 0.142793 0.139072 0.131757 0.122357 0.112351 0.102765 0.0933063 0.0830814 0.0705493 0.0561663 0.0430053 0.031592 0.0201669 0.00878362
-0.00584807 -0.00816372 -0.0132719 -0.0213406 -0.0338805 -0.0510097 -0.0707395 -0.0917663 -0.113454 -0.133887 -0.150727 -0.164374 -0.175881 -0.184155 -0.188677 -0.192141 -0.196885 -0.203529 -0.211309 -0.21798 -0.221436 -0.219896 -0.212957 -0.201273 -0.187226 -0.173231 -0.159351 -0.145463 -0.132354 -0.119736 -0.105334 -0.0871989 -0.0641845 -0.038544 -0.0146998 0.00601879 0.0240936 0.0411674 0.0585502 0.0751289 0.0899909 0.103797 0.116692 0.127762 0.136277 0.141778 0.143714 0.141564 0.135519 0.126345 0.115981 0.106058 0.0962451 0.0857435 0.0736022 0.0604549 0.0489147 0.038784 0.0275032 0.0156187
-0.0169831 -0.0220053 -0.0297286 -0.0405752 -0.0549942 -0.0726796 -0.092288 -0.11258 -0.132444 -0.150292 -0.164549 -0.175765 -0.184927 -0.19104 -0.193768 -0.196105 -0.200416 -0.206818 -0.214101 -0.219744 -0.221724 -0.218649 -0.210553 -0.198483 -0.184776 -0.171542 -0.158177 -0.14408 -0.13026 -0.116938 -0.102621 -0.0854383 -0.0635358 -0.0389071 -0.0160505 0.00390165 0.0216691 0.0385949 0.0556567 0.071903 0.0865747 0.100238 0.11315 0.124829 0.134449 0.140944 0.143808 0.142934 0.138317 0.130295 0.12063 0.110894 0.100822 0.0899426 0.0780769 0.0660095 0.0556155 0.0460928 0.0345339 0.022024
-0.0301001 -0.0373949 -0.0470161 -0.059765 -0.0755093 -0.0937503 -0.113607 -0.133487 -0.151259 -0.165948 -0.177395 -0.185971 -0.192116 -0.195634 -0.197018 -0.199169 -0.203873 -0.210086 -0.216131 -0.219968 -0.220297 -0.216516 -0.208561 -0.196892 -0.18332 -0.16962 -0.155477 -0.140579 -0.125844 -0.111713 -0.0974992 -0.0816351 -0.0619178 -0.0394577 -0.0176436 0.00221439 0.0200704 0.0368563 0.053411 0.0691649 0.0835695 0.0967857 0.109081 0.1207 0.131011 0.138566 0.14267 0.143193 0.140197 0.13402 0.1259 0.116912 0.106841 0.0956089 0.0839017 0.0726232 0.0627384 0.0530874 0.0409854 0.0279418
-0.044162 -0.0535415 -0.0650226 -0.0794573 -0.0962455 -0.114658 -0.13398 -0.152452 -0.167527 -0.17882 -0.18724 -0.193099 -0.19655 -0.198176 -0.19912 -0.201734 -0.206953 -0.212728 -0.217257 -0.219474 -0.218795 -0.214966 -0.207374 -0.195546 -0.181135 -0.166145 -0.150904 -0.135524 -0.120573 -0.106307 -0.092321 -0.0774164 -0.0597317 -0.0395783 -0.018877 0.000918365 0.0188783 0.0355009 0.0514856 0.0666096 0.0805686 0.0933169 0.10507 0.116336 0.126734 0.134998 0.140297 0.14219 0.140749 0.136379 0.12998 0.122245 0.112824 0.101792 0.0904374 0.0796954 0.0697684 0.0595105 0.0469433 0.0336843
-0.0589057 -0.0705137 -0.0842859 -0.100487 -0.117903 -0.135452 -0.152456 -0.167656 -0.179368 -0.187542 -0.193112 -0.196661 -0.198679 -0.19992 -0.201369 -0.204422 -0.209313 -0.214034 -0.217264 -0.218812 -0.218163 -0.21443 -0.206354 -0.193008 -0.176704 -0.160375 -0.144707 -0.129837 -0.115874 -0.10255 -0.0889844 -0.0742347 -0.0574212 -0.0387128 -0.0190994 0.000148468 0.0178717 0.034204 0.0495682 0.0639138 0.0772083 0.0896802 0.101465 0.112501 0.122472 0.130817 0.136853 0.13989 0.139749 0.136654 0.131656 0.125553 0.117654 0.107764 0.0972049 0.0867991 0.0764342 0.0653712 0.0525895 0.0394695
-0.0754783 -0.0896944 -0.105613 -0.122541 -0.139066 -0.15416 -0.167438 -0.178531 -0.187087 -0.193198 -0.197258 -0.199813 -0.20149 -0.203007 -0.204977 -0.207648 -0.210891 -0.214017 -0.21649 -0.217987 -0.217412 -0.213047 -0.203601 -0.188579 -0.170808 -0.15369 -0.138119 -0.124224 -0.111732 -0.0998435 -0.0870144 -0.0723168 -0.055622 -0.0373422 -0.0183024 0.000368392 0.0175781 0.0332247 0.0475504 0.0608521 0.0734494 0.0856792 0.0975283 0.108469 0.118132 0.126326 0.132665 0.136622 0.137691 0.135699 0.131986 0.127664 0.121821 0.113842 0.104433 0.0941546 0.083141 0.0712253 0.0581324 0.0450742
-0.0938011 -0.110222 -0.127152 -0.143074 -0.156966 -0.168392 -0.177642 -0.185195 -0.191611 -0.196977 -0.201114 -0.204088 -0.206152 -0.207934 -0.209781 -0.21099 -0.211507 -0.212756 -0.21493 -0.216471 -0.215373 -0.209501 -0.198254 -0.182243 -0.164137 -0.146894 -0.131622 -0.11868 -0.107647 -0.0973316 -0.0855055 -0.0709893 -0.0539261 -0.0351973 -0.0161699 0.00195952 0.0182444 0.0325814 0.0453032 0.0572734 0.0691656 0.0809781 0.0925039 0.103365 0.113124 0.121325 0.127814 0.132548 0.134799 0.133975 0.131587 0.12901 0.125341 0.119629 0.111686 0.101675 0.0900979 0.0773024 0.0635754 0.0502819
-0.111432 -0.127315 -0.142782 -0.156351 -0.167309 -0.175716 -0.18256 -0.188621 -0.194367 -0.199657 -0.204037 -0.207522 -0.210284 -0.212333 -0.213428 -0.212748 -0.210739 -0.210273 -0.211914 -0.213046 -0.211105 -0.20394 -0.191453 -0.17489 -0.156664 -0.139319 -0.124234 -0.11212 -0.1027 -0.0943285 -0.0834324 -0.0684295 -0.0502127 -0.0305749 -0.0117618 0.0050746 0.0194836 0.031773 0.0426222 0.0531239 0.0640117 0.0750305 0.0858932 0.09645 0.106312 0.114873 0.121934 0.127473 0.130691 0.130925 0.129819 0.128869 0.127082 0.12336 0.117313 0.108628 0.0970261 0.0831715 0.068592 0.0550062
-0.125644 -0.138421 -0.150709 -0.161775 -0.1708 -0.1779 -0.184442 -0.190972 -0.197164 -0.202501 -0.206518 -0.209797 -0.212983 -0.215061 -0.214916 -0.212412 -0.208696 -0.206875 -0.207493 -0.207677 -0.204826 -0.196934 -0.183899 -0.166876 -0.148192 -0.130404 -0.11531 -0.10403 -0.0964253 -0.090174 -0.0797997 -0.0634332 -0.0435722 -0.023188 -0.00519876 0.00950166 0.0211788 0.0308182 0.0395712 0.0483499 0.0577054 0.0675013 0.0775161 0.0875375 0.0973148 0.106544 0.114735 0.121258 0.125327 0.126539 0.126592 0.126981 0.126714 0.124796 0.121134 0.11478 0.103663 0.0886516 0.0732017 0.0594394
-0.133936 -0.144038 -0.154404 -0.164662 -0.173626 -0.18108 -0.188237 -0.195416 -0.201993 -0.207172 -0.210337 -0.212632 -0.215274 -0.216596 -0.214946 -0.210906 -0.20608 -0.203166 -0.20256 -0.201665 -0.197955 -0.189317 -0.175587 -0.157878 -0.138434 -0.119887 -0.104746 -0.0946132 -0.088865 -0.0842039 -0.0736814 -0.0556373 -0.0346163 -0.0144239 0.0021879 0.0146153 0.0234844 0.0302498 0.0364325 0.0428548 0.0500664 0.0583356 0.0675379 0.0770442 0.0866591 0.0965865 0.106099 0.113888 0.119106 0.121494 0.122556 0.123763 0.124929 0.125474 0.124629 0.120471 0.109813 0.0939087 0.0778428 0.0640683
-0.138157 -0.147131 -0.157342 -0.168259 -0.178301 -0.186805 -0.194531 -0.201714 -0.207972 -0.21249 -0.214515 -0.215447 -0.216822 -0.216851 -0.213821 -0.208739 -0.203282 -0.199436 -0.197463 -0.195425 -0.190856 -0.181207 -0.166377 -0.147756 -0.127419 -0.107907 -0.0926089 -0.083634 -0.0793832 -0.0755426 -0.0644986 -0.0451584 -0.0238738 -0.00490159 0.00959612 0.0193401 0.0251591 0.028843 0.0322044 0.0360582 0.0410372 0.047827 0.0563632 0.0655041 0.0750421 0.0856654 0.0965104 0.10575 0.112411 0.116211 0.118283 0.120053 0.122589 0.125857 0.127762 0.125377 0.115267 0.0991177 0.0829373 0.0693294
-0.143042 -0.151975 -0.162437 -0.1738 -0.184306 -0.19309 -0.200685 -0.207217 -0.212327 -0.215482 -0.216302 -0.216142 -0.216378 -0.215349 -0.211526 -0.206057 -0.200395 -0.195671 -0.19209 -0.188672 -0.18308 -0.172218 -0.156117 -0.136583 -0.11542 -0.0948959 -0.0791027 -0.0705917 -0.0669715 -0.0633221 -0.0520531 -0.0325184 -0.011892 0.00516154 0.0164611 0.0222336 0.0240488 0.0243029 0.0251757 0.0271908 0.0307128 0.0365162 0.0445468 0.0534953 0.063215 0.0746631 0.0868241 0.0974731 0.105575 0.110873 0.114202 0.116853 0.12053 0.125568 0.129432 0.128764 0.119849 0.104426 0.0888123 0.0755372
-0.149692 -0.159011 -0.169541 -0.180785 -0.190934 -0.199101 -0.205859 -0.211284 -0.214912 -0.21655 -0.216324 -0.215296 -0.214423 -0.212524 -0.208497 -0.203084 -0.197195 -0.191462 -0.186206 -0.181281 -0.174525 -0.16247 -0.1452 -0.124755 -0.102735 -0.0812042 -0.0646468 -0.0558696 -0.0520424 -0.0481395 -0.0371778 -0.0188791 -0.000449092 0.0133673 0.0203525 0.0214944 0.0194041 0.0168599 0.0160575 0.0170358 0.0197357 0.0248815 0.0324892 0.04142 0.051581 0.0638585 0.077154 0.0891559 0.0987497 0.10558 0.11027 0.113973 0.118572 0.124649 0.129908 0.130975 0.123778 0.109804 0.0952197 0.0823783
-0.157308 -0.166804 -0.177059 -0.187868 -0.197313 -0.204464 -0.210016 -0.2142 -0.216719 -0.21744 -0.216434 -0.21439 -0.212039 -0.209165 -0.2053 -0.199994 -0.193319 -0.186294 -0.17961 -0.173307 -0.165351 -0.15235 -0.134228 -0.112787 -0.0896962 -0.0671782 -0.0497804 -0.0402956 -0.0357568 -0.0314397 -0.0213949 -0.00584075 0.00822823 0.0167872 0.0186817 0.0158552 0.0115829 0.00807378 0.00667974 0.0070544 0.00899827 0.0134227 0.0206006 0.0296715 0.0404301 0.0533054 0.0673383 0.0806773 0.091971 0.100367 0.106261 0.110788 0.116208 0.123397 0.130063 0.132782 0.1274 0.115112 0.101647 0.089248
-0.165164 -0.174561 -0.184104 -0.1938 -0.201961 -0.207835 -0.21222 -0.215477 -0.217424 -0.217597 -0.215554 -0.212178 -0.208696 -0.205416 -0.201918 -0.196451 -0.188493 -0.180176 -0.172622 -0.165269 -0.156099 -0.142223 -0.123393 -0.100955 -0.0767716 -0.0533702 -0.0350968 -0.0246189 -0.0193379 -0.0151723 -0.00711767 0.00437336 0.0129349 0.0157756 0.0132815 0.00795695 0.00297593 -0.000419869 -0.00189015 -0.00197244 -0.000773571 0.00295177 0.00979028 0.0190971 0.0304163 0.0435432 0.0578229 0.0722145 0.0851347 0.0951019 0.102253 0.107692 0.113989 0.122252 0.130139 0.134257 0.130619 0.120107 0.107756 0.0957099
-0.172504 -0.181492 -0.189764 -0.197307 -0.20334 -0.207742 -0.211389 -0.214454 -0.216332 -0.215881 -0.212097 -0.207132 -0.203702 -0.201272 -0.198179 -0.192113 -0.182737 -0.173488 -0.165716 -0.157672 -0.147231 -0.13231 -0.11269 -0.0893703 -0.0643237 -0.0402289 -0.0210894 -0.00952549 -0.00391608 -0.0010561 0.00363595 0.0101323 0.0133834 0.0118668 0.00700557 0.00097365 -0.00400939 -0.00730802 -0.00896114 -0.00951111 -0.00893002 -0.00570628 0.000950917 0.0104679 0.0221095 0.0351245 0.0491962 0.0641142 0.0782637 0.0897639 0.0984785 0.105298 0.112648 0.12165 0.13025 0.135377 0.133332 0.124614 0.11334 0.101475
-0.178371 -0.186025 -0.192187 -0.196913 -0.200443 -0.203432 -0.207008 -0.210807 -0.213042 -0.211879 -0.206226 -0.200031 -0.197762 -0.196988 -0.194067 -0.187233 -0.17698 -0.167276 -0.159305 -0.150392 -0.138482 -0.122358 -0.101911 -0.0778559 -0.0521762 -0.0275914 -0.00783446 0.00442372 0.00977388 0.010604 0.0113094 0.0126413 0.0112899 0.00680138 0.000987696 -0.00474123 -0.00934254 -0.0124938 -0.0142415 -0.0150756 -0.0148885 -0.0120582 -0.0056867 0.00373866 0.0153443 0.0280618 0.0418153 0.0569583 0.0719917 0.0849141 0.095323 0.103775 0.112288 0.12185 0.13084 0.136647 0.135933 0.128818 0.118447 0.106564
-0.181762 -0.18664 -0.189695 -0.191491 -0.192926 -0.195181 -0.199637 -0.205036 -0.207777 -0.205731 -0.198614 -0.192006 -0.191557 -0.192616 -0.189612 -0.182217 -0.171986 -0.162192 -0.153495 -0.143159 -0.129539 -0.112126 -0.0908858 -0.0662753 -0.0401959 -0.0153445 0.00459553 0.016811 0.0212596 0.0198076 0.0166692 0.0133915 0.00843835 0.00207919 -0.0040446 -0.00923603 -0.0133054 -0.0161287 -0.0177305 -0.0185688 -0.0185364 -0.016086 -0.0102767 -0.00137099 0.00984706 0.0222587 0.0358587 0.0511615 0.0668537 0.081052 0.0931013 0.103178 0.112868 0.122983 0.132258 0.138506 0.13878 0.132887 0.123095 0.110964
