data_raster/melanesia/PNMC_current_2021/202108_North.grd
DSAA																																																																																																																																																																																																																																																																																																																																																																																																																											
412	268																																																																																																																																																																																																																																																																																																																																																																																																																										
156	174.5																																																																																																																																																																																																																																																																																																																																																																																																																										
-26.5	-14.5																																																																																																																																																																																																																																																																																																																																																																																																																										
-0.505694	0.500036																																																																																																																																																																																																																																																																																																																																																																																																																										
[rows 108 to 134 of 268, columns 0 to 58 of 412]
-0.0585807 -0.0680425 -0.0770284 -0.0854749 -0.0943643 -0.103406 -0.109896 -0.112446 -0.111488 -0.108053 -0.103435 -0.0978481 -0.0909679 -0.0826691 -0.0729478 -0.0619831 -0.0498963 -0.036581 -0.0217747 -0.00502045 0.0142643 0.0366564 0.0611835 0.085582 0.106005 0.118749 0.12441 0.125597 0.127114 0.132081 0.139267 0.146485 0.151029 0.151476 0.147722 0.140672 0.131508 0.119176 0.102165 0.0810535 0.0574715 0.0343342 0.00839579 -0.0348152 -0.092719 -0.141012 -0.169525 -0.181633 -0.186184 -0.193371 -0.204266 -0.215561 -0.220242 -0.214767 -0.20637 -0.198859 -0.187772 -0.17038 -0.146813
-0.0402979 -0.0531845 -0.064613 -0.0742498 -0.0846354 -0.0965555 -0.107051 -0.114008 -0.116792 -0.115992 -0.113009 -0.108562 -0.102928 -0.0960061 -0.0875661 -0.0773673 -0.0653909 -0.0521254 -0.0377171 -0.0216698 -0.00324689 0.0184103 0.0432445 0.0700754 0.094021 0.109717 0.117909 0.121429 0.123786 0.127599 0.133359 0.140115 0.145331 0.147326 0.145488 0.141138 0.136245 0.129047 0.116846 0.0996703 0.0782397 0.0530992 0.021536 -0.0247259 -0.0814427 -0.128826 -0.158353 -0.172292 -0.178201 -0.185258 -0.195543 -0.207083 -0.212532 -0.207454 -0.197781 -0.187364 -0.174026 -0.155735 -0.131423
-0.026044 -0.0402514 -0.0530962 -0.0642507 -0.0760349 -0.0894686 -0.10263 -0.11348 -0.120277 -0.122874 -0.122353 -0.119781 -0.11598 -0.110549 -0.102822 -0.0926764 -0.080433 -0.0671343 -0.0530997 -0.0374 -0.0194459 0.000926803 0.0243543 0.0511706 0.0766687 0.0950556 0.106806 0.114264 0.119614 0.124446 0.129181 0.133555 0.136577 0.137713 0.136974 0.135196 0.133264 0.128928 0.119264 0.104098 0.0834434 0.055738 0.0194559 -0.0261916 -0.0758976 -0.117325 -0.14502 -0.160073 -0.167544 -0.17405 -0.182717 -0.193622 -0.20016 -0.197325 -0.18804 -0.175221 -0.159731 -0.14094 -0.116966
-0.0141074 -0.0280757 -0.0416157 -0.0547002 -0.0683283 -0.0829923 -0.0980115 -0.111806 -0.122013 -0.128066 -0.130845 -0.131281 -0.130031 -0.126169 -0.118682 -0.108183 -0.0956224 -0.08189 -0.0672182 -0.0508775 -0.0328454 -0.0137875 0.00731411 0.0320452 0.0570334 0.0774768 0.0930085 0.104756 0.114258 0.122145 0.127031 0.128574 0.128186 0.127014 0.125784 0.124629 0.12305 0.118724 0.109049 0.0935034 0.0718497 0.0430666 0.00735289 -0.0325572 -0.0722299 -0.105653 -0.129959 -0.145246 -0.154017 -0.16004 -0.166845 -0.176168 -0.18322 -0.183372 -0.176304 -0.163255 -0.146867 -0.127715 -0.104071
0.000867539 -0.0141939 -0.0291837 -0.0443136 -0.0605158 -0.0779041 -0.094996 -0.110143 -0.1218 -0.130132 -0.136501 -0.141011 -0.142972 -0.141046 -0.134249 -0.123625 -0.110442 -0.0954514 -0.0791351 -0.0616838 -0.0434201 -0.0247405 -0.00488606 0.0173334 0.0401263 0.0607761 0.0789173 0.0948331 0.108571 0.119404 0.125152 0.125748 0.124201 0.122032 0.119169 0.115504 0.110784 0.103667 0.0925418 0.0766116 0.0553981 0.0287023 -0.00249838 -0.0351592 -0.0663371 -0.0935246 -0.114836 -0.12916 -0.138094 -0.144634 -0.151073 -0.158549 -0.164807 -0.167 -0.162851 -0.15185 -0.136179 -0.116238 -0.0904501
0.0167803 -0.0020506 -0.0205469 -0.0388156 -0.0580826 -0.0780743 -0.0957124 -0.109592 -0.12059 -0.13016 -0.139813 -0.148435 -0.153653 -0.15376 -0.147876 -0.137207 -0.123178 -0.106647 -0.0885314 -0.0699277 -0.0512256 -0.0320794 -0.0123273 0.00797176 0.0282246 0.047782 0.0669391 0.0857502 0.102606 0.115621 0.12305 0.125202 0.125056 0.123129 0.11768 0.109402 0.100252 0.0899614 0.0774164 0.0619219 0.0430041 0.0204945 -0.00505463 -0.0318607 -0.0580073 -0.0815671 -0.100476 -0.112962 -0.121223 -0.129056 -0.136425 -0.142165 -0.146295 -0.148463 -0.146685 -0.139261 -0.125354 -0.10395 -0.0742455
0.0289363 0.00362488 -0.0211011 -0.0447452 -0.0670282 -0.0867466 -0.101169 -0.110795 -0.119876 -0.130482 -0.14258 -0.154003 -0.161648 -0.163308 -0.157835 -0.146742 -0.13185 -0.114338 -0.0953033 -0.0758277 -0.0563078 -0.0364706 -0.0165499 0.00289971 0.021766 0.0402502 0.0590565 0.0783647 0.0962284 0.110711 0.120774 0.126447 0.128965 0.127279 0.118618 0.105683 0.0938284 0.082675 0.0699414 0.055595 0.0397764 0.0214104 -0.000121273 -0.0241732 -0.0487625 -0.0704847 -0.087017 -0.0974415 -0.10498 -0.114067 -0.122508 -0.126802 -0.127971 -0.127757 -0.126944 -0.123565 -0.11148 -0.0878395 -0.0544441
0.0397466 0.00784555 -0.02359 -0.0532709 -0.0778024 -0.0949896 -0.105345 -0.112058 -0.120822 -0.133063 -0.146708 -0.159154 -0.167635 -0.169733 -0.164027 -0.152176 -0.136319 -0.118121 -0.0987634 -0.0787798 -0.0585334 -0.0382772 -0.0184014 0.000665702 0.0189763 0.0368649 0.0549406 0.073363 0.0906196 0.105424 0.117623 0.126856 0.132218 0.131231 0.120638 0.104512 0.090434 0.0782822 0.0654066 0.0523024 0.039445 0.0248726 0.0068626 -0.0150208 -0.0386158 -0.0588724 -0.0732943 -0.082051 -0.0889611 -0.0985362 -0.107313 -0.110453 -0.109276 -0.106904 -0.107166 -0.107848 -0.0968943 -0.07005 -0.0332375
0.0499668 0.0144113 -0.0212776 -0.0552533 -0.0806245 -0.0947654 -0.103668 -0.112534 -0.124461 -0.139021 -0.153215 -0.164838 -0.172112 -0.173133 -0.166664 -0.153992 -0.137071 -0.118097 -0.0984775 -0.0783736 -0.0580567 -0.0380191 -0.0186754 -0.000295204 0.0175036 0.0353079 0.0532161 0.0708661 0.0869263 0.100703 0.113174 0.1242 0.131759 0.13257 0.122915 0.105895 0.0882513 0.0721184 0.0576961 0.0452794 0.0345747 0.0235696 0.010131 -0.00745875 -0.0277505 -0.0455863 -0.0583419 -0.0660654 -0.0722654 -0.0810879 -0.0890101 -0.0913401 -0.0899 -0.088463 -0.0916447 -0.0959999 -0.0850405 -0.0541873 -0.0138074
0.0459631 0.0111261 -0.0244836 -0.0589659 -0.0836146 -0.0958239 -0.105111 -0.117156 -0.131742 -0.146943 -0.159898 -0.169079 -0.173637 -0.172549 -0.165112 -0.151988 -0.134575 -0.115248 -0.0956093 -0.0758712 -0.0562604 -0.0371379 -0.0188263 -0.00149716 0.0156054 0.0334138 0.0515953 0.069202 0.0845792 0.0971661 0.108895 0.120234 0.129143 0.132092 0.1248 0.108288 0.0870004 0.0658334 0.0489376 0.0364994 0.0272763 0.0190381 0.00949898 -0.0033392 -0.0187835 -0.0329442 -0.0434532 -0.0497351 -0.0546281 -0.0617865 -0.0683373 -0.0706333 -0.0714218 -0.0744522 -0.0820396 -0.0886932 -0.0769277 -0.0428058 0.00102216
0.0209548 -0.00914313 -0.0403475 -0.0712323 -0.0939185 -0.105984 -0.115933 -0.128319 -0.141865 -0.154559 -0.164196 -0.16976 -0.170886 -0.167376 -0.159131 -0.146226 -0.129345 -0.110477 -0.0912398 -0.0723861 -0.0542717 -0.0369174 -0.0203497 -0.0044854 0.0117272 0.0294616 0.0482623 0.0668182 0.0827084 0.0949489 0.10592 0.116758 0.126221 0.130929 0.126028 0.110647 0.087084 0.0618625 0.0419113 0.0283136 0.0198201 0.0131091 0.00551268 -0.00373924 -0.0140336 -0.0233313 -0.0301244 -0.0337373 -0.0365408 -0.0417146 -0.0470209 -0.0499855 -0.0549986 -0.0654777 -0.078271 -0.0852985 -0.0724363 -0.0371529 0.00923533
-0.00875884 -0.033742 -0.0600042 -0.0866618 -0.107311 -0.119555 -0.129242 -0.139639 -0.150054 -0.158936 -0.164395 -0.165934 -0.16381 -0.15838 -0.149841 -0.137723 -0.122006 -0.10405 -0.0854536 -0.0678424 -0.0519996 -0.0377853 -0.0244605 -0.010859 0.00447131 0.022699 0.0429647 0.0633581 0.0806283 0.093232 0.10365 0.113643 0.123172 0.129374 0.127115 0.113847 0.0896663 0.061204 0.0366947 0.0195172 0.0100251 0.00382826 -0.00240358 -0.00853439 -0.0138651 -0.0174966 -0.0191412 -0.0192145 -0.0198937 -0.0235426 -0.0277274 -0.0306574 -0.0398757 -0.0591914 -0.0775943 -0.0838008 -0.0700586 -0.0359812 0.0105054
-0.0305054 -0.0523446 -0.0756251 -0.0997812 -0.119116 -0.13096 -0.139154 -0.146384 -0.153157 -0.158348 -0.159885 -0.15784 -0.153321 -0.146877 -0.138597 -0.127612 -0.113372 -0.0965625 -0.0787383 -0.0624728 -0.0491822 -0.0388693 -0.0299026 -0.0195927 -0.00559517 0.0135841 0.036116 0.0588923 0.0779918 0.0914524 0.101652 0.110843 0.120209 0.127666 0.128234 0.117809 0.094094 0.0628676 0.0327657 0.0101749 -0.00191289 -0.00824967 -0.0128767 -0.0160437 -0.0170051 -0.0144413 -0.00964464 -0.00597634 -0.00532241 -0.00811984 -0.0113186 -0.0137996 -0.0268099 -0.0547309 -0.0776405 -0.0813026 -0.066974 -0.0372062 0.0049162
-0.0423483 -0.062648 -0.0845796 -0.107739 -0.126507 -0.137797 -0.144239 -0.148287 -0.151411 -0.153108 -0.15161 -0.147296 -0.141523 -0.134722 -0.126803 -0.116971 -0.104505 -0.0892382 -0.0724095 -0.0572384 -0.0455693 -0.0375332 -0.0317531 -0.0256298 -0.0148585 0.00428846 0.0288434 0.0539046 0.0749467 0.0896567 0.100117 0.108822 0.117925 0.126119 0.128823 0.120547 0.0967975 0.0632183 0.0293319 0.00306467 -0.0112363 -0.0179775 -0.0213882 -0.022527 -0.0201288 -0.0108884 0.00151025 0.0082582 0.00876076 0.00682711 0.00427892 -0.00048485 -0.0192582 -0.0541289 -0.0772416 -0.073993 -0.0587985 -0.0380372 -0.0070489
-0.0445903 -0.0649503 -0.0868646 -0.109866 -0.128307 -0.138887 -0.14371 -0.145168 -0.145258 -0.144223 -0.14109 -0.136119 -0.130117 -0.123231 -0.115377 -0.106483 -0.0960982 -0.0829266 -0.0674247 -0.0528551 -0.0411751 -0.0327255 -0.0275974 -0.0250422 -0.0187281 -0.00174084 0.0228761 0.0492097 0.0719303 0.08802 0.0989892 0.107333 0.115955 0.124079 0.127328 0.119687 0.0958416 0.0617155 0.027352 0.000244706 -0.0154871 -0.023189 -0.0263941 -0.0265059 -0.021361 -0.0053859 0.0147913 0.0238566 0.0233134 0.0224729 0.0194865 0.00803524 -0.019214 -0.0581832 -0.076205 -0.0618986 -0.045357 0 -0.0215404
-0.0389973 -0.0614734 -0.0845987 -0.107415 -0.124853 -0.13407 -0.13715 -0.136687 -0.135183 -0.133292 -0.130281 -0.1259 -0.120163 -0.113028 -0.104716 -0.0964374 -0.0883728 -0.0778693 -0.0640888 -0.0495546 -0.0362314 -0.0252421 -0.0181128 -0.0157948 -0.012346 -0.000187375 0.0204397 0.045921 0.0695957 0.0867414 0.0978761 0.105348 0.112917 0.119892 0.121377 0.112887 0.0913715 0.0611292 0.0293612 0.00253197 -0.0151595 -0.0252668 -0.0296838 -0.0290093 -0.0205554 0.00138534 0.0277047 0.0390149 0.0383899 0.0385644 0.0328861 0.0106289 -0.026608 -0.0661136 -0.0753551 -0.0491022 -0.0308962 -0.0334367 -0.0314619
-0.0283391 -0.0531563 -0.0774453 -0.0996524 -0.115609 -0.123352 -0.125394 -0.124581 -0.1235 -0.12261 -0.120761 -0.117154 -0.111344 -0.103697 -0.0951053 -0.0873307 -0.0807619 -0.0722193 -0.0599941 -0.0454072 -0.0301481 -0.0160605 -0.00548319 -0.000409261 0.00252721 0.00889681 0.022754 0.0449799 0.0679749 0.0852447 0.0960255 0.102138 0.107753 0.11227 0.110764 0.101464 0.0847631 0.0615667 0.0338736 0.00755481 -0.0122527 -0.0253816 -0.0318066 -0.0301475 -0.0177251 0.00875342 0.0387392 0.0524478 0.0535522 0.0550633 0.0453771 0.0104513 -0.03767 -0.0769901 -0.0768253 -0.0386298 -0.0174299 -0.0273634 -0.0333895
-0.0160516 -0.0403598 -0.0638783 -0.0849824 -0.0999268 -0.10735 -0.110514 -0.11212 -0.113591 -0.114577 -0.113477 -0.109445 -0.102388 -0.0941156 -0.0865192 -0.0794647 -0.0721101 -0.0630285 -0.0514038 -0.0374986 -0.0220518 -0.00629802 0.00726318 0.0157188 0.0197306 0.0223462 0.0300593 0.0470097 0.0666558 0.0825084 0.0925333 0.0972507 0.099798 0.10046 0.0968901 0.0890547 0.0779487 0.0612017 0.0368909 0.0111826 -0.00955991 -0.0245331 -0.032435 -0.0293301 -0.0128946 0.0162622 0.0474127 0.0635903 0.068262 0.0721242 0.0591693 0.0129 -0.0466569 -0.0894203 -0.0826729 -0.0321438 -0.00561057 -0.0192877 -0.028158
-0.00550863 -0.026803 -0.0476846 -0.0670083 -0.0817678 -0.0909519 -0.097416 -0.102794 -0.106829 -0.108552 -0.106639 -0.1009 -0.092138 -0.0833574 -0.0769122 -0.0701885 -0.0609705 -0.0504747 -0.0394961 -0.0274458 -0.0136467 0.0023386 0.0182021 0.030018 0.0362135 0.0375428 0.0406722 0.0511462 0.0653157 0.0784394 0.0872727 0.0905301 0.0893943 0.0856458 0.0813072 0.0767336 0.0707577 0.0590307 0.0380031 0.0133313 -0.00833993 -0.0245637 -0.0323242 -0.0263542 -0.00572748 0.0245572 0.0550115 0.0740816 0.083799 0.0898075 0.0730215 0.0165056 -0.0529061 -0.0986869 -0.0869565 0 0.000645559 -0.0187058 -0.0287706
0.000843261 -0.0168094 -0.0343669 -0.0514542 -0.0669801 -0.0801745 -0.0909928 -0.0989205 -0.10286 -0.10233 -0.0974663 -0.0893807 -0.0797902 -0.0709683 -0.0642127 -0.0566977 -0.046586 -0.0363866 -0.0274608 -0.0184531 -0.0072775 0.00833545 0.0262785 0.0415597 0.0507052 0.0523921 0.052209 0.0560088 0.0638309 0.0734785 0.0805367 0.0820063 0.0773924 0.0699521 0.065723 0.0645877 0.062417 0.0546437 0.0379213 0.0148826 -0.00934326 -0.0271996 -0.0322404 -0.0209927 0.00428037 0.0347383 0.0635129 0.086089 0.101445 0.107513 0.0842696 0.017733 -0.0571713 -0.099432 -0.0826761 -0.0236994 -0.00411103 -0.035254 -0.0479148
0.00513229 -0.00937382 -0.0248831 -0.0418887 -0.0595591 -0.0762006 -0.089042 -0.0963073 -0.0975514 -0.0933046 -0.0849308 -0.0749442 -0.0660162 -0.0584052 -0.0512628 -0.0427778 -0.0324411 -0.0231968 -0.0164569 -0.0104903 -0.00211651 0.0126383 0.0320952 0.050634 0.0630585 0.065951 0.0634457 0.0612654 0.0628484 0.0684638 0.0728265 0.0719379 0.0647632 0.0555299 0.0523529 0.0541671 0.0543511 0.0485137 0.0339974 0.0114588 -0.0145924 -0.0314512 -0.0302454 -0.0118842 0.0175893 0.0474936 0.0740765 0.099017 0.117935 0.121486 0.0916459 0.0197362 -0.054666 -0.0913008 -0.0774039 -0.0333546 -0.0249662 -0.0571605 -0.0664327
0.00950354 -0.00347434 -0.0197021 -0.0403085 -0.0609609 -0.0774357 -0.0872439 -0.0898911 -0.0869618 -0.0797096 -0.0692806 -0.0589668 -0.0522459 -0.0473698 -0.0412822 -0.0326899 -0.022021 -0.0127313 -0.00666874 -0.00247517 0.00358924 0.0169747 0.0369189 0.0580574 0.0735938 0.0778583 0.0737775 0.0669517 0.0630922 0.0642449 0.0649296 0.0612238 0.0528459 0.0441795 0.0428395 0.0466501 0.0476327 0.040872 0.0239969 -5.92548E-05 -0.0243576 -0.0348674 -0.0239383 0.00204776 0.0341493 0.0626342 0.0864925 0.110863 0.129123 0.127922 0.0940958 0.0248602 -0.0431064 -0.0772414 -0.0788698 -0.0634133 -0.0599865 -0.070045 -0.064806
0.0112973 -0.00369615 -0.0225001 -0.0457919 -0.066203 -0.0782337 -0.0818143 -0.0786499 -0.0717919 -0.0629914 -0.0531254 -0.0448615 -0.0408478 -0.038343 -0.0335147 -0.0252582 -0.0143009 -0.00417001 0.00277612 0.00670865 0.0112772 0.0230443 0.0424553 0.0651048 0.0829991 0.0884632 0.0834136 0.0732013 0.0647171 0.0612914 0.0583631 0.0526341 0.0440649 0.0365123 0.036384 0.0404171 0.0398303 0.0302242 0.0106471 -0.0130169 -0.0317519 -0.0330545 -0.0122761 0.019718 0.0522548 0.0774989 0.0968836 0.117903 0.132784 0.126183 0.0897785 0.0256537 -0.0343806 -0.0658002 -0.0798212 -0.0863867 -0.0844101 -0.0736604 -0.0561802
0.00762852 -0.012554 -0.0337862 -0.0549807 -0.0695828 -0.0739513 -0.0709056 -0.0635157 -0.0543783 -0.0455614 -0.038648 -0.0343946 -0.0326974 -0.031051 -0.0266612 -0.0186416 -0.00753552 0.00380392 0.0127528 0.0177183 0.0216677 0.0317821 0.0497768 0.0726713 0.0918767 0.0982462 0.0925864 0.0796871 0.0672484 0.0597592 0.0539685 0.0471725 0.0388916 0.0320121 0.0316045 0.0337126 0.0296111 0.0172457 -0.00157221 -0.0205263 -0.0314193 -0.0242874 0.00298674 0.0376053 0.0682771 0.0881534 0.100698 0.115967 0.126208 0.115246 0.077525 0.0177905 -0.0350233 -0.0604353 -0.0732398 -0.0830304 -0.0822154 -0.069293 -0.0513348
-0.00265301 -0.0255177 -0.0457629 -0.0605944 -0.0668039 -0.0639995 -0.0566576 -0.0478414 -0.0384967 -0.0304585 -0.0260444 -0.0248711 -0.02504 -0.0241529 -0.0200504 -0.0120181 -0.000458348 0.0123854 0.0236618 0.0301984 0.0340679 0.0424783 0.058385 0.0806213 0.100474 0.107641 0.101201 0.0850467 0.0691121 0.0592877 0.0507946 0.0412122 0.0331218 0.0282765 0.0269847 0.0258013 0.0196337 0.00807134 -0.00668695 -0.019681 -0.024596 -0.0134928 0.0146973 0.0479481 0.0752079 0.0890436 0.0936067 0.100778 0.104899 0.0919433 0.0580292 0.00810505 -0.0336762 -0.0511768 -0.0594709 -0.0675271 -0.0666917 -0.0553186 -0.0413385
-0.017628 -0.0375347 -0.0524027 -0.0587641 -0.0572189 -0.0501821 -0.0419778 -0.0344555 -0.0265483 -0.0194305 -0.0158391 -0.0157127 -0.0172851 -0.0176081 -0.0138968 -0.00537594 0.00746621 0.0222453 0.035705 0.0438743 0.0480259 0.0547348 0.0680768 0.0889801 0.10887 0.116434 0.108665 0.088507 0.0695285 0.0591764 0.0482251 0.0341335 0.0259559 0.0245385 0.0227547 0.0187047 0.0136558 0.00668506 -0.0030241 -0.011754 -0.014179 -0.0039756 0.0197224 0.0474366 0.0691896 0.0764876 0.0732583 0.0722086 0.0708242 0.059071 0.0343815 0.00033736 -0.0267131 -0.0368981 -0.0438823 -0.0530756 -0.0508754 -0.036766 -0.0260591
-0.0312913 -0.0442797 -0.0520046 -0.0514212 -0.0452104 -0.0369381 -0.0300255 -0.0248549 -0.0185777 -0.0121798 -0.00937229 -0.0102168 -0.0126223 -0.0134014 -0.00949254 0.000398376 0.0158353 0.0333004 0.0488534 0.0587484 0.0636789 0.068897 0.0793608 0.0981906 0.11696 0.123494 0.113754 0.0903847 0.0691252 0.0583833 0.0464695 0.0304672 0.0223515 0.0227803 0.0216658 0.0180548 0.0160084 0.0127234 0.00454937 -0.00321846 -0.00414651 0.00456567 0.0217348 0.0400108 0.0516715 0.0500501 0.0403876 0.036245 0.0354662 0.0281924 0.0125728 -0.00842796 -0.0249706 -0.0315494 -0.037395 -0.0448263 -0.0415663 -0.0284438 -0.0214467
