data_raster/melanesia/PNMC_current_2021/202108_North.grd
DSAA																																																																																																																																																																																																																																																																																																																																																																																																																											
412	268																																																																																																																																																																																																																																																																																																																																																																																																																										
156	174.5																																																																																																																																																																																																																																																																																																																																																																																																																										
-26.5	-14.5																																																																																																																																																																																																																																																																																																																																																																																																																										
-0.505694	0.500036																																																																																																																																																																																																																																																																																																																																																																																																																										
[rows 162 to 188 of 268, columns 177 to 235 of 412]
-0.140421 -0.137821 -0.131151 -0.117819 -0.0984595 -0.0770851 -0.0543924 -0.0283337 0.00108728 0.0327519 0.0661028 0.0995111 0.126407 0.137755 0.121488 0.0760463 0.0176942 -0.0431486 -0.103927 -0.155137 -0.183285 -0.18814 -0.176237 -0.154105 -0.127654 -0.100746 -0.0756755 -0.0522585 -0.0314984 -0.0164547 -0.00585349 0.00556543 0.0166933 0.0226007 0.0229239 0.0192147 0.0121704 0.00347728 -0.00145719 -0.000553187 0.000316464 -0.00456733 -0.0192574 -0.0435327 -0.0731908 -0.101466 -0.121437 -0.13482 -0.148057 -0.172767 -0.213673 -0.253464 -0.277806 -0.284256 -0.275374 -0.258093 -0.237203 -0.215396 -0.193947
-0.133199 -0.129835 -0.123125 -0.109692 -0.0902143 -0.0700979 -0.0497045 -0.0253025 0.00311998 0.033705 0.0664301 0.100605 0.130305 0.146648 0.136664 0.0968689 0.0403008 -0.0229006 -0.0872197 -0.142669 -0.176953 -0.188401 -0.181186 -0.161839 -0.136937 -0.110597 -0.0856404 -0.0631616 -0.0435877 -0.0267119 -0.0125638 -0.00139687 0.00732865 0.0143372 0.0176749 0.0151053 0.00876954 0.00190181 -0.00286187 -0.00428236 -0.00371551 -0.00486052 -0.0138915 -0.0326131 -0.0583467 -0.0841491 -0.102401 -0.117416 -0.138314 -0.174171 -0.224687 -0.264588 -0.278281 -0.274598 -0.261758 -0.244181 -0.225034 -0.206435 -0.188499
-0.128221 -0.124119 -0.115933 -0.101829 -0.083246 -0.0653305 -0.0474444 -0.0244524 0.00342373 0.033315 0.0651261 0.0986587 0.129295 0.148886 0.143291 0.107219 0.0514448 -0.0133163 -0.0780783 -0.133843 -0.172125 -0.189457 -0.18611 -0.168739 -0.145035 -0.11903 -0.0935399 -0.0703805 -0.0502104 -0.0322329 -0.0169455 -0.00604345 0.00142967 0.0077896 0.011827 0.0114833 0.00825979 0.00430444 0.000555911 -0.00167539 -1.46387E-05 0.00304902 -0.00131193 -0.0166095 -0.0407042 -0.0663628 -0.0857928 -0.107033 -0.141352 -0.18685 -0.23441 -0.264874 -0.269335 -0.259869 -0.245544 -0.229218 -0.212767 -0.197393 -0.182689
-0.126633 -0.121203 -0.111145 -0.0965449 -0.0796742 -0.0649391 -0.0501341 -0.0281932 0.000188148 0.0304687 0.0618835 0.0942538 0.124168 0.14444 0.140569 0.106243 0.0505395 -0.0150139 -0.0780964 -0.131274 -0.170703 -0.191478 -0.190092 -0.173572 -0.150862 -0.125553 -0.0998636 -0.0754906 -0.053693 -0.0351737 -0.0203243 -0.00921987 -0.00131282 0.00428413 0.00791696 0.00970086 0.00983115 0.00860661 0.00657559 0.00552591 0.00944478 0.0159207 0.014071 -0.0001505 -0.0238015 -0.0506094 -0.0747039 -0.105136 -0.151512 -0.200691 -0.237029 -0.254117 -0.252331 -0.241252 -0.227651 -0.213744 -0.200547 -0.188256 -0.176484
-0.124723 -0.118053 -0.107777 -0.094203 -0.0798317 -0.069188 -0.0583423 -0.0373343 -0.0075613 0.0239589 0.0556716 0.0872451 0.115117 0.132613 0.127363 0.0937581 0.038891 -0.0258958 -0.0863791 -0.135958 -0.17342 -0.193538 -0.191357 -0.174525 -0.152823 -0.129066 -0.104575 -0.0806348 -0.0585116 -0.039418 -0.0239051 -0.0118439 -0.00281902 0.00371253 0.00794994 0.010076 0.0109334 0.0114154 0.0119902 0.0140374 0.0207393 0.0289126 0.0270837 0.0120655 -0.0114541 -0.0398184 -0.0711496 -0.110001 -0.159185 -0.203512 -0.228821 -0.236314 -0.231052 -0.220336 -0.208921 -0.198181 -0.188393 -0.179125 -0.170203
-0.121389 -0.11511 -0.106384 -0.094787 -0.0826507 -0.0750037 -0.0670014 -0.0467897 -0.0162815 0.0157947 0.0472797 0.0775201 0.102114 0.114407 0.104489 0.0693895 0.0183769 -0.0390453 -0.0945295 -0.141881 -0.176439 -0.193165 -0.188882 -0.171447 -0.150303 -0.127862 -0.105053 -0.0828354 -0.0620755 -0.0434896 -0.0276545 -0.0149396 -0.00473249 0.00395572 0.0100042 0.0120895 0.0124397 0.0136918 0.0165651 0.0218115 0.0308264 0.039598 0.0372618 0.020964 -0.00466159 -0.0365495 -0.073071 -0.114697 -0.159985 -0.196036 -0.212597 -0.214524 -0.208438 -0.199579 -0.191058 -0.183561 -0.176925 -0.170499 -0.164412
-0.116805 -0.113136 -0.107056 -0.0975171 -0.0865146 -0.0791368 -0.0712106 -0.0519195 -0.0229794 0.00759518 0.0372255 0.0645196 0.0847444 0.0912683 0.0748833 0.0363151 -0.00712553 -0.0492601 -0.0971015 -0.144639 -0.176745 -0.188723 -0.182297 -0.164667 -0.143416 -0.121299 -0.0997714 -0.0796667 -0.0614358 -0.0450882 -0.0307398 -0.0185617 -0.00764876 0.0031625 0.0115107 0.0146109 0.0151966 0.0168647 0.0209136 0.0279838 0.0381595 0.0470863 0.0449091 0.0275092 -0.00327474 -0.0407357 -0.076837 -0.113383 -0.152641 -0.182247 -0.192554 -0.191408 -0.186614 -0.180734 -0.175156 -0.170456 -0.166489 -0.162671 -0.159435
-0.112718 -0.111235 -0.107476 -0.0997912 -0.089327 -0.0803161 -0.0706887 -0.0536535 -0.0294924 -0.00244907 0.0239522 0.0464535 0.0617196 0.0646327 0.0458635 0.00758704 -0.0286925 -0.0596078 -0.102266 -0.149368 -0.176897 -0.182 -0.17247 -0.154616 -0.133557 -0.112133 -0.0921159 -0.0739815 -0.0578534 -0.0435901 -0.0310467 -0.0200284 -0.00949116 0.00169372 0.0110093 0.0154494 0.017466 0.0204539 0.0257995 0.0340366 0.0446568 0.0529287 0.048981 0.0286525 -0.00604064 -0.0453583 -0.0774987 -0.107052 -0.140623 -0.165627 -0.171914 -0.169231 -0.166091 -0.162972 -0.159983 -0.15774 -0.156244 -0.155074 -0.154757
-0.109625 -0.108374 -0.105807 -0.0996913 -0.089842 -0.0788013 -0.0672497 -0.054071 -0.0372295 -0.0152387 0.00713588 0.0240895 0.0347723 0.036908 0.0218586 -0.0100797 -0.0428024 -0.0736869 -0.115199 -0.157601 -0.176751 -0.173474 -0.160104 -0.14205 -0.122175 -0.102591 -0.0845843 -0.0679591 -0.052698 -0.039322 -0.0279758 -0.0183335 -0.00943478 -0.000217397 0.00804216 0.0137016 0.0183789 0.0241758 0.0317535 0.0410847 0.0512105 0.0568702 0.0477193 0.0225143 -0.0113863 -0.045582 -0.0730289 -0.0984994 -0.127452 -0.14839 -0.152393 -0.14925 -0.147121 -0.145782 -0.144877 -0.144887 -0.145861 -0.147516 -0.150129
-0.105281 -0.10383 -0.101877 -0.0971387 -0.0885211 -0.0769983 -0.0650293 -0.0555677 -0.0453014 -0.0289388 -0.0106568 0.00316586 0.011296 0.0122093 0.000649202 -0.0246026 -0.0572668 -0.0932777 -0.131229 -0.161349 -0.169602 -0.160232 -0.145232 -0.128286 -0.110396 -0.0928736 -0.0765242 -0.0609109 -0.0462298 -0.0338176 -0.0240763 -0.0163595 -0.00974625 -0.00323152 0.00365791 0.0111484 0.0194395 0.0286641 0.0387708 0.0487491 0.0557104 0.0546551 0.0386052 0.0106998 -0.0174794 -0.0427597 -0.0671189 -0.0915797 -0.115202 -0.130602 -0.133294 -0.131026 -0.129995 -0.130052 -0.130933 -0.132991 -0.136314 -0.140739 -0.146035
-0.0990094 -0.0977415 -0.0961701 -0.0925755 -0.0857874 -0.0759628 -0.0657271 -0.0590092 -0.0529242 -0.0419028 -0.0275474 -0.0142142 -0.00650773 -0.00796145 -0.0193074 -0.041218 -0.0747018 -0.113216 -0.142342 -0.155672 -0.153755 -0.142378 -0.128786 -0.114376 -0.0989074 -0.083173 -0.0678598 -0.052942 -0.0391391 -0.0283443 -0.0209186 -0.0156051 -0.0112677 -0.00680839 -0.00045259 0.0092826 0.0210656 0.0331049 0.0447053 0.053727 0.0548172 0.0446603 0.0234709 -0.00224305 -0.0218228 -0.0384816 -0.0617459 -0.0866425 -0.104176 -0.113109 -0.115211 -0.114872 -0.115253 -0.116572 -0.118959 -0.122789 -0.128184 -0.134987 -0.142437
-0.0923934 -0.091264 -0.0897631 -0.0868549 -0.0818196 -0.074815 -0.0677127 -0.0633004 -0.0597318 -0.0530897 -0.0428629 -0.0309279 -0.0234114 -0.0255517 -0.0378407 -0.0597181 -0.0898598 -0.120666 -0.138434 -0.140912 -0.134537 -0.124097 -0.112857 -0.100991 -0.0879173 -0.0739661 -0.0596576 -0.0455174 -0.0327868 -0.023678 -0.0184548 -0.0153605 -0.0127138 -0.00891662 -0.00216709 0.00876333 0.0219693 0.0347789 0.0449801 0.0496664 0.04449 0.0292516 0.00949343 -0.0089582 -0.0213813 -0.0338168 -0.0560578 -0.0797506 -0.0927814 -0.097948 -0.100551 -0.102172 -0.103685 -0.105794 -0.109157 -0.114353 -0.12139 -0.12977 -0.138583
-0.0861851 -0.0851316 -0.0835723 -0.0810066 -0.0773293 -0.0731752 -0.0694452 -0.0670382 -0.0650387 -0.0615871 -0.0553187 -0.0463999 -0.040152 -0.0420784 -0.055001 -0.0770278 -0.0992753 -0.115314 -0.122416 -0.121449 -0.115738 -0.107637 -0.0987023 -0.0890101 -0.07821 -0.0661647 -0.0531005 -0.039961 -0.0283473 -0.0205969 -0.0169429 -0.0154271 -0.0137452 -0.00962133 -0.00225682 0.0081841 0.0201492 0.0312465 0.0377865 0.0369371 0.0281221 0.01401 0.000997095 -0.00879522 -0.0175562 -0.0299682 -0.0502841 -0.070617 -0.0813461 -0.0860134 -0.089749 -0.0927453 -0.09499 -0.0975581 -0.101506 -0.107667 -0.1158 -0.124854 -0.134255
-0.080298 -0.0796211 -0.0782723 -0.0760989 -0.0734278 -0.0712216 -0.0697875 -0.0688407 -0.0680092 -0.0667069 -0.0632918 -0.0572487 -0.0538977 -0.0582242 -0.0708526 -0.0883156 -0.101696 -0.107236 -0.107448 -0.104394 -0.0994806 -0.0935119 -0.086897 -0.0795119 -0.0710173 -0.0609405 -0.0493041 -0.0373 -0.026705 -0.0198381 -0.0169578 -0.0161672 -0.0149408 -0.0107504 -0.0037479 0.00473281 0.013502 0.0209747 0.0242524 0.0217285 0.0148648 0.00622842 -0.000822949 -0.0067129 -0.0151545 -0.0281221 -0.0456152 -0.0620883 -0.0717558 -0.0770981 -0.0815201 -0.0851316 -0.0880276 -0.0912449 -0.0958347 -0.102668 -0.111272 -0.120259 -0.129733
-0.074539 -0.0745256 -0.0737825 -0.0723115 -0.0705577 -0.0694377 -0.0691146 -0.0691211 -0.0692481 -0.0692407 -0.0676207 -0.0640272 -0.0641369 -0.0718098 -0.0828055 -0.0926692 -0.0986896 -0.0999476 -0.097388 -0.0927302 -0.0880064 -0.0835665 -0.078906 -0.0735236 -0.0669099 -0.058519 -0.0483289 -0.0375036 -0.0277844 -0.0214445 -0.0187819 -0.0180335 -0.0168982 -0.0131502 -0.00739209 -0.00133896 0.00407298 0.00812566 0.0100671 0.0096926 0.00788084 0.00508772 0.00100742 -0.00528192 -0.0150518 -0.0278856 -0.0421538 -0.0550531 -0.0641269 -0.0703049 -0.0750621 -0.078971 -0.0825844 -0.0866845 -0.0920203 -0.0992002 -0.107653 -0.116089 -0.125363
-0.0687002 -0.0694334 -0.0696438 -0.0693032 -0.0686784 -0.0683212 -0.0684801 -0.0691132 -0.0699668 0 -0.0703023 -0.0692063 -0.0716016 -0.0795958 -0.0875205 -0.0916341 -0.0932899 -0.0931444 -0.0906499 -0.0866777 -0.0830169 -0.0797565 -0.0761525 -0.0716676 -0.0658743 -0.0584793 -0.0495392 -0.0398344 -0.0308545 -0.0249053 -0.0222912 -0.0212435 -0.0199206 -0.0167712 -0.0123236 -0.00787725 -0.00394674 -0.000656611 0.002342 0.00501266 0.00638302 0.00552951 0.00175398 -0.00535601 -0.0158126 -0.027942 -0.0393164 -0.0492305 -0.0576632 -0.0645317 -0.0699338 -0.0744955 -0.0789261 -0.0839201 -0.0899206 -0.097037 -0.104801 -0.112512 -0.121548
-0.0627692 -0.0643397 -0.0657267 -0.0666901 -0.0671914 -0.0674234 -0.0677742 -0.0687079 -0.0699549 -0.0709302 -0.0716593 -0.072732 -0.0760213 -0.0819393 -0.0865387 -0.0877677 -0.0877461 -0.0874808 -0.0863563 -0.0844294 -0.0822535 -0.0797486 -0.0765214 -0.0722472 -0.0666868 -0.0598111 -0.0517538 -0.0429243 -0.0345186 -0.0287555 -0.0259149 -0.0242853 -0.0225184 -0.0197142 -0.0160407 -0.0120601 -0.00793472 -0.00365071 0.000973928 0.00532465 0.00717894 0.00546532 0.000868483 -0.00632634 -0.0161433 -0.0269015 -0.0362665 -0.0444615 -0.0524242 -0.0597575 -0.0660113 -0.0715292 -0.0768567 -0.082649 -0.089095 -0.0958279 -0.102695 -0.109882 -0.118869
-0.0569246 -0.0594537 -0.0620362 -0.0640904 -0.0653472 -0.0659664 -0.0664084 -0.0672924 -0.0685385 -0.0697835 -0.0713561 -0.0737345 -0.0769747 -0.080589 -0.0830068 -0.0836153 -0.0836302 -0.0837555 -0.0839125 -0.0836726 -0.0824407 -0.080195 -0.0771392 -0.0731227 -0.0679211 -0.0614617 -0.0538442 -0.0454896 -0.0374343 -0.0314921 -0.0279209 -0.0253894 -0.0229264 -0.0199109 -0.0161666 -0.0117463 -0.00684889 -0.00178837 0.00289938 0.00630651 0.00689895 0.00422167 -0.000675643 -0.0071968 -0.0151928 -0.023932 -0.0324504 -0.0406453 -0.048671 -0.0562988 -0.0633144 -0.0698121 -0.0760541 -0.0824947 -0.0891137 -0.0953552 -0.101521 -0.108646 -0.117863
-0.0518098 -0.0552086 -0.0586011 -0.061187 -0.0626457 -0.0633125 -0.0636859 -0.0643258 -0.065392 -0.0668659 -0.0690241 -0.0720072 -0.0750066 -0.0773029 -0.0789645 -0.080161 -0.0810339 -0.081789 -0.082657 -0.0831437 -0.0823262 -0.0802955 -0.0775444 -0.0739448 -0.0691944 -0.0631049 -0.055719 -0.0475446 -0.0394907 -0.0329212 -0.0281507 -0.0244152 -0.0210351 -0.0174489 -0.0133137 -0.00851021 -0.00351232 0.00101424 0.0043506 0.00585896 0.00509427 0.00213321 -0.00229508 -0.00764245 -0.0136191 -0.0205249 -0.0288207 -0.0377067 -0.046136 -0.0541541 -0.0619576 -0.0693859 -0.0764091 -0.0833214 -0.0900514 -0.0961186 -0.102097 -0.109361 -0.118599
-0.04805 -0.0519889 -0.0554948 -0.0579053 -0.0590509 -0.0594039 -0.0594899 -0.0598233 -0.0606936 -0.0622601 -0.0646621 -0.0678343 -0.0709522 -0.0734003 -0.0755314 -0.0775946 -0.0794256 -0.0808742 -0.081841 -0.0821246 -0.0814825 -0.0799989 -0.0778419 -0.0747457 -0.0703628 -0.0645604 -0.0573945 -0.0492447 -0.0408332 -0.0332959 -0.027107 -0.0220318 -0.0176562 -0.013492 -0.00924658 -0.0048794 -0.0011141 0.00137908 0.00276719 0.00314061 0.00213528 -0.000284984 -0.00365937 -0.0076899 -0.0123268 -0.0182801 -0.026421 -0.0356877 -0.0446115 -0.0532829 -0.0619526 -0.0702135 -0.0778458 -0.0851449 -0.0921512 -0.0985847 -0.104916 -0.11218 -0.120836
-0.0459185 -0.0499032 -0.0528906 -0.0547583 -0.0555689 -0.0555913 -0.0552762 -0.0551944 -0.0557016 -0.0570137 -0.0592448 -0.0623447 -0.0657739 -0.0690555 -0.0721585 -0.0750575 -0.0776203 -0.0795745 -0.0805383 -0.0806329 -0.0803075 -0.0795392 -0.0780383 -0.0753863 -0.0712272 -0.0655582 -0.0584984 -0.0502762 -0.0414795 -0.0331834 -0.0259864 -0.0199517 -0.014917 -0.0105927 -0.0067699 -0.00342969 -0.0012709 -0.000729723 -0.000817343 -0.000867626 -0.00137778 -0.00270489 -0.00484208 -0.00784272 -0.0118784 -0.0175651 -0.0255486 -0.0349167 -0.0443864 -0.0537471 -0.0629843 -0.0718601 -0.0802371 -0.0882171 -0.0957611 -0.102665 -0.109226 -0.116131 -0.123823
-0.0452708 -0.0488207 -0.0509338 -0.0522237 -0.0529417 -0.0528273 -0.0521356 -0.0515515 -0.0514804 -0.0521636 -0.0538536 -0.0566848 -0.0603202 -0.0643168 -0.0682508 -0.0717972 -0.0747881 -0.0770243 -0.0782874 -0.0788113 -0.0790966 -0.0790061 -0.0780705 -0.0757915 -0.0717965 -0.0661704 -0.0591079 -0.050838 -0.0419318 -0.0334405 -0.0259863 -0.0197145 -0.0146498 -0.0107294 -0.00774456 -0.00553311 -0.00445753 -0.00465052 -0.00508901 -0.00505192 -0.00484925 -0.00500336 -0.00614349 -0.00863024 -0.0125929 -0.018344 -0.0261794 -0.0355218 -0.0454893 -0.0553975 -0.0648733 -0.0742385 -0.0836257 -0.0926301 -0.100847 -0.107974 -0.114275 -0.120452 -0.127041
-0.0453472 -0.0482794 -0.0496914 -0.0505478 -0.0511634 -0.0509847 -0.0500886 -0.0491046 -0.0484566 -0.048454 -0.0494717 -0.0517872 -0.0552067 -0.0593439 -0.0636185 -0.0675559 -0.0709093 -0.0735515 -0.075474 -0.0768045 -0.077734 -0.0781604 -0.0777831 -0.07604 -0.0724459 -0.0670728 -0.0601702 -0.0521235 -0.0435383 -0.0353081 -0.028087 -0.0222382 -0.0177701 -0.0144593 -0.0120793 -0.0104503 -0.00960944 -0.00945344 -0.00926672 -0.00860178 -0.00777452 -0.00735779 -0.00812633 -0.0104743 -0.0144513 -0.0202216 -0.0279411 -0.037209 -0.0473784 -0.0577131 -0.0677723 -0.0779653 -0.0883523 -0.0981329 -0.106693 -0.113777 -0.119667 -0.125048 -0.130503
-0.0456815 -0.0480606 -0.049135 -0.0497387 -0.0501615 -0.0499807 -0.0491652 -0.0480529 -0.0470102 -0.0464223 -0.0467303 -0.0482863 -0.0510218 -0.0546694 -0.0587193 -0.062717 -0.0663649 -0.0695362 -0.0722689 -0.074468 -0.0759588 -0.0767972 -0.0770341 -0.0760677 -0.07325 -0.0685135 -0.0620913 -0.0546083 -0.0467298 -0.0391046 -0.0324409 -0.0274348 -0.0238867 -0.0210624 -0.0187651 -0.0170145 -0.0156815 -0.0145371 -0.0131849 -0.0115506 -0.0102572 -0.00987646 -0.0107931 -0.0131777 -0.0170461 -0.0226928 -0.0304566 -0.0398342 -0.0500835 -0.060882 -0.0720311 -0.0833665 -0.0944646 -0.104444 -0.112807 -0.119582 -0.125051 -0.129685 -0.134026
-0.046241 -0.0482807 -0.0491551 -0.0495795 -0.0498934 -0.0499201 -0.0495276 -0.0486697 -0.0475105 -0.046375 -0.0458506 -0.0464903 -0.0483432 -0.051227 -0.0546875 -0.0583234 -0.0618932 -0.065291 -0.0685276 -0.0713635 -0.0734221 -0.0748061 -0.0757237 -0.0756462 -0.073903 -0.0701759 -0.0645482 -0.0578248 -0.0507867 -0.0440403 -0.0382624 -0.0341282 -0.0312305 -0.0285542 -0.0260179 -0.0238675 -0.0218769 -0.0197414 -0.0173413 -0.014876 -0.0131018 -0.0125783 -0.0135074 -0.0158901 -0.0196283 -0.0252512 -0.0334549 -0.0435122 -0.0543599 -0.0659277 -0.0781565 -0.0903222 -0.101612 -0.111269 -0.119028 -0.125204 -0.130073 -0.133878 -0.137128
-0.0472453 -0.0492199 -0.0499956 -0.0503083 -0.0506364 -0.0510397 -0.0512763 -0.0509084 -0.0498385 -0.0482612 -0.0469504 -0.0467111 -0.0476416 -0.0495663 -0.0520537 -0.0548287 -0.0579341 -0.0613005 -0.0646955 -0.0678074 -0.0703189 -0.0723228 -0.0739997 -0.0748927 -0.0743649 -0.0718911 -0.0673724 -0.0616023 -0.0554479 -0.0496991 -0.0449428 -0.0415019 -0.0388678 -0.036107 -0.0332584 -0.0306765 -0.0281141 -0.0252757 -0.0222554 -0.0193395 -0.0170491 -0.0159199 -0.0164507 -0.0187529 -0.0226608 -0.0287492 -0.0377934 -0.0488915 -0.0607413 -0.0731937 -0.0860798 -0.0983741 -0.109162 -0.117993 -0.124844 -0.130138 -0.134152 -0.137058 -0.139346
-0.0490593 -0.0512143 -0.0521068 -0.0524415 -0.0528175 -0.0535641 -0.0543577 -0.0543984 -0.0534491 -0.0517054 -0.0500044 -0.0491941 -0.0492505 -0.0499191 -0.0508981 -0.0522632 -0.0546957 -0.0581238 -0.0616086 -0.0646755 -0.0672733 -0.0696865 -0.0721929 -0.0741619 -0.0747699 -0.073565 -0.0704487 -0.0659341 -0.0607818 -0.0559768 -0.0520695 -0.0491148 -0.0466321 -0.0438933 -0.0409147 -0.0379673 -0.034926 -0.0316683 -0.0284329 -0.0254293 -0.0226861 -0.0206855 -0.0205136 -0.0227605 -0.0275343 -0.0349561 -0.0450294 -0.0568686 -0.0694068 -0.0823122 -0.0951575 -0.10675 -0.116272 -0.123788 -0.129504 -0.133678 -0.13662 -0.138684 -0.140304
