data_raster/melanesia/PNMC_current_2021/202107_North.grd
DSAA																																																																																																																																																																																																																																																																																																																																																																																																																											
412	268																																																																																																																																																																																																																																																																																																																																																																																																																										
156	174.5																																																																																																																																																																																																																																																																																																																																																																																																																										
-26.5	-14.5																																																																																																																																																																																																																																																																																																																																																																																																																										
-0.423863	0.48696																																																																																																																																																																																																																																																																																																																																																																																																																										
[rows 26 to 51 of 268, columns 177 to 235 of 412]
0.0870555 0.0889378 0.0933758 0.0996438 0.106728 0.1134 0.118891 0.122363 0.118443 0.100479 0.0695242 0.030463 -0.00818291 -0.0404393 -0.0687687 -0.0927056 -0.105117 -0.106254 -0.104902 -0.104553 -0.10444 -0.104404 -0.104723 -0.106081 -0.108425 -0.108723 -0.106005 -0.105172 -0.107072 -0.105793 -0.104523 -0.114785 -0.131858 -0.141449 -0.141776 -0.136285 -0.126004 -0.112237 -0.0992842 -0.090267 -0.0848203 -0.0809671 -0.0752027 -0.0653176 -0.0504205 -0.0302428 -0.00553334 0.0185836 0.0367048 0.049592 0.0600984 0.0723385 0.0870616 0.098774 0.104584 0.105202 0.0970494 0.0746054 0.0481288
0.0899722 0.0938324 0.0997103 0.107266 0.114693 0.118531 0.117456 0.111623 0.0973119 0.0702778 0.0364549 0.00342281 -0.0295149 -0.0619913 -0.0861257 -0.0977406 -0.100652 -0.0992071 -0.0973616 -0.0969267 -0.0980492 -0.100364 -0.103191 -0.105441 -0.106074 -0.104669 -0.101899 -0.100508 -0.100896 -0.0998868 -0.101267 -0.114709 -0.132978 -0.139493 -0.13471 -0.125383 -0.111261 -0.0926671 -0.0778817 -0.0728396 -0.0757972 -0.0812432 -0.0801827 -0.0696727 -0.0523229 -0.0295653 -0.00269038 0.0224536 0.0400004 0.0516705 0.0612762 0.0729015 0.0872227 0.0988653 0.104228 0.102485 0.0914953 0.0692376 0.0459385
0.0942777 0.0993949 0.105447 0.111707 0.11603 0.114679 0.106441 0.0921322 0.0710311 0.0425751 0.0126382 -0.0133267 -0.0406904 -0.0710467 -0.0903025 -0.0930254 -0.0917402 -0.0928046 -0.0940166 -0.0954159 -0.0988043 -0.103723 -0.108431 -0.110567 -0.108671 -0.105026 -0.101719 -0.0986493 -0.0961084 -0.0954794 -0.100054 -0.113967 -0.129188 -0.131511 -0.122289 -0.108653 -0.0915286 -0.0726887 -0.0619482 -0.0649581 -0.0760814 -0.0866401 -0.0861285 -0.0725851 -0.0516329 -0.0265638 0.00047265 0.024443 0.0407986 0.0518824 0.0615028 0.0725565 0.0852486 0.0953129 0.0991854 0.0947873 0.081677 0.0614889 0.0435147
0.0987939 0.103655 0.107838 0.109358 0.106788 0.0995192 0.0875932 0.0715597 0.0519985 0.0295311 0.00498072 -0.0207487 -0.0467279 -0.070216 -0.0840843 -0.0874447 -0.0905244 -0.0966167 -0.100532 -0.102517 -0.10668 -0.112294 -0.116296 -0.116486 -0.111933 -0.105021 -0.097957 -0.0910182 -0.0859853 -0.0871051 -0.0954994 -0.108578 -0.118931 -0.117369 -0.104977 -0.0874613 -0.070335 -0.0591459 -0.0596953 -0.0721899 -0.0857384 -0.0914615 -0.085146 -0.0677212 -0.0443612 -0.0192457 0.00427111 0.0236742 0.0377183 0.0490524 0.0603026 0.0713067 0.0810004 0.0875284 0.0885815 0.0816262 0.0676786 0.0510271 0.0395815
0.0991811 0.101567 0.101987 0.0989253 0.0920622 0.0825555 0.0711052 0.0579209 0.04291 0.0255634 0.00384175 -0.0228524 -0.0473979 -0.0640597 -0.0751491 -0.0840909 -0.0939779 -0.103873 -0.108843 -0.110438 -0.114436 -0.119642 -0.121796 -0.119385 -0.112303 -0.102093 -0.0906884 -0.080139 -0.0739292 -0.0773457 -0.0889701 -0.100675 -0.106096 -0.100994 -0.0866193 -0.0677562 -0.0542158 -0.0539733 -0.0649922 -0.0809422 -0.0908607 -0.0891778 -0.0782068 -0.0604382 -0.038169 -0.0151555 0.0044831 0.0200967 0.0327165 0.0445397 0.0567176 0.0667962 0.0730013 0.0757822 0.0743972 0.0666657 0.0545027 0.0432434 0.0385716
0.0935295 0.0923117 0.0888973 0.0841564 0.0784483 0.0713345 0.0630762 0.05429 0.0429284 0.0259668 0.00360814 -0.0216104 -0.042839 -0.0564105 -0.0690719 -0.0845665 -0.0990969 -0.109191 -0.112879 -0.113399 -0.116926 -0.121679 -0.122548 -0.118299 -0.109226 -0.0964118 -0.0818841 -0.0694064 -0.0634337 -0.0687411 -0.081887 -0.0916648 -0.0927984 -0.0846964 -0.0700244 -0.0540122 -0.0472072 -0.0562405 -0.0712311 -0.0821206 -0.0847295 -0.0788208 -0.0683388 -0.0547237 -0.0371847 -0.0179581 -0.000699202 0.0140197 0.026929 0.0389697 0.0501911 0.0581215 0.0615171 0.0620031 0.0598343 0.0535125 0.0452941 0.0403172 0.0414805
0.08445 0.0822267 0.0789138 0.075741 0.0725805 0.0675631 0.0612931 0.0559369 0.0477803 0.0311026 0.00828811 -0.0153607 -0.0349972 -0.0495676 -0.0670615 -0.0893391 -0.106116 -0.112816 -0.11262 -0.110997 -0.113867 -0.11892 -0.120395 -0.116364 -0.10653 -0.0917906 -0.0747313 -0.0610984 -0.0558797 -0.06197 -0.0742669 -0.0805437 -0.0773255 -0.0675058 -0.0556816 -0.0473304 -0.0486989 -0.0616685 -0.0743036 -0.0778046 -0.0747097 -0.0680625 -0.0597235 -0.049912 -0.0375882 -0.0232656 -0.00836225 0.00614524 0.0195292 0.031335 0.0409522 0.0471745 0.049777 0.0504012 0.0492165 0.0446603 0.0392215 0.0382838 0.0428772
0.0763096 0.0759567 0.0759611 0.0754341 0.0730541 0.0672172 0.0600986 0.0561614 0.051126 0.0372773 0.0162207 -0.00707866 -0.0281787 -0.0462853 -0.0692171 -0.0965561 -0.112582 -0.112891 -0.107128 -0.103211 -0.106241 -0.113113 -0.117212 -0.115167 -0.105501 -0.0894889 -0.0706866 -0.056355 -0.0514752 -0.0566422 -0.0658323 -0.0675833 -0.0607084 -0.0511448 -0.0448515 -0.0465103 -0.0550366 -0.0664134 -0.0729225 -0.0708596 -0.065765 -0.0607003 -0.054077 -0.0457776 -0.0371234 -0.02757 -0.0157411 -0.00244879 0.0106481 0.0220607 0.0307349 0.036666 0.0403254 0.0426717 0.0431293 0.0395439 0.0347672 0.0351296 0.0409149
0.0742544 0.0751866 0.0761491 0.0750424 0.0702451 0.0611233 0.0514197 0.0474504 0.0453338 0.0365154 0.0192957 -0.00435328 -0.0282695 -0.0493738 -0.0745953 -0.101981 -0.113023 -0.10502 -0.0941098 -0.0900009 -0.0958611 -0.106739 -0.114358 -0.114172 -0.104301 -0.0876882 -0.0690977 -0.0549996 -0.0492723 -0.0514225 -0.0561646 -0.0545292 -0.046929 -0.0400838 -0.0395295 -0.0482557 -0.0600431 -0.0675969 -0.0685603 -0.0638488 -0.0589209 -0.0555968 -0.0503351 -0.0428602 -0.0358897 -0.0291532 -0.0207356 -0.0102727 0.00165289 0.0131606 0.0225695 0.0296427 0.0345374 0.0376502 0.0382754 0.0346756 0.030165 0.0314245 0.0379499
0.0744114 0.0744737 0.0730667 0.0679265 0.0582001 0.0451322 0.033495 0.0298652 0.0306177 0.0270656 0.0149607 -0.00645547 -0.0309916 -0.0539882 -0.0786163 -0.100862 -0.103567 -0.087418 -0.0735419 -0.0722147 -0.0837551 -0.100244 -0.110899 -0.111221 -0.100512 -0.0838836 -0.06699 -0.0539216 -0.0468242 -0.0451537 -0.0454102 -0.0419173 -0.0359936 -0.0334511 -0.0377931 -0.0496457 -0.061193 -0.0650773 -0.0628102 -0.0577468 -0.053518 -0.0507992 -0.0464462 -0.0400509 -0.0337529 -0.0280598 -0.0223211 -0.0151567 -0.00544374 0.00567092 0.0164877 0.0254161 0.0313837 0.0342002 0.0335982 0.029355 0.0252025 0.0272619 0.0341162
0.067279 0.0643959 0.0597321 0.0499674 0.0352037 0.0201338 0.00996717 0.00915845 0.0128905 0.0122952 0.00560009 -0.00672624 -0.02584 -0.0508988 -0.0751027 -0.0893483 -0.0828253 -0.0611881 -0.0476147 -0.0515195 -0.0702238 -0.0923343 -0.10426 -0.103383 -0.0918689 -0.0757482 -0.0605208 -0.0486729 -0.0411239 -0.037018 -0.0341583 -0.0295683 -0.0254854 -0.0271317 -0.0354732 -0.0484174 -0.0586591 -0.0603932 -0.0569518 -0.0522599 -0.0479866 -0.0444042 -0.0403319 -0.0355059 -0.030536 -0.0255894 -0.0205207 -0.0150248 -0.00859415 -0.000140687 0.0105343 0.0208424 0.0282575 0.0312233 0.0295534 0.0247268 0.0206507 0.0223819 0.0281115
0.0506935 0.0441362 0.0371111 0.0256278 0.0101535 -0.00292959 -0.00928667 -0.00728974 -0.001971 -0.000514998 -0.000672011 -0.000365584 -0.0117177 -0.0401258 -0.065915 -0.0732518 -0.0593859 -0.0349086 -0.0228367 -0.031044 -0.0545009 -0.0797158 -0.0917934 -0.0903117 -0.0798363 -0.0655557 -0.0518126 -0.040761 -0.0330687 -0.0276384 -0.0232511 -0.0189901 -0.0174299 -0.0227316 -0.0333185 -0.0448701 -0.0524322 -0.0529695 -0.0497826 -0.0460134 -0.0421303 -0.0383026 -0.0347076 -0.0312883 -0.0277424 -0.0234101 -0.0177545 -0.0124333 -0.00890056 -0.00407895 0.00454697 0.0148135 0.0234966 0.0269661 0.0246616 0.019771 0.0160933 0.0171682 0.0211714
0.0280357 0.0190646 0.0118136 0.00394627 -0.00476194 -0.0115423 -0.0146629 -0.0136034 -0.00966867 -0.00456684 0.00365 0.0136403 0.00622021 -0.0268567 -0.0562185 -0.0609473 -0.0438458 -0.0183744 -0.0063241 -0.0141904 -0.0358952 -0.059307 -0.0717395 -0.0730253 -0.0669481 -0.0566023 -0.0447913 -0.0339777 -0.025417 -0.0186787 -0.013989 -0.0123927 -0.0152603 -0.0235384 -0.0335482 -0.0403675 -0.0430471 -0.0422648 -0.0400712 -0.0381265 -0.036791 -0.0356724 -0.0336361 -0.0305638 -0.0271792 -0.0229352 -0.0169659 -0.0114963 -0.00882006 -0.00631589 -0.00107672 0.00711183 0.0159662 0.0197171 0.0171992 0.0130857 0.0108025 0.012105 0.0151761
0.0125132 0.00459786 -0.000461969 -0.00385479 -0.00676393 -0.00998164 -0.0132711 -0.0153981 -0.0136173 -0.00505678 0.00887644 0.0218215 0.0145687 -0.0194487 -0.047963 -0.0498489 -0.0322845 -0.00908994 0.0023707 -0.0021557 -0.016732 -0.0340267 -0.0469768 -0.0530295 -0.0519005 -0.0459332 -0.0376752 -0.0288793 -0.0206887 -0.0135672 -0.00942075 -0.0113316 -0.0183973 -0.0269866 -0.0335098 -0.0353699 -0.0344419 -0.0332955 -0.0326314 -0.0328917 -0.0346601 -0.036815 -0.0361099 -0.0323482 -0.0280086 -0.0234134 -0.0178449 -0.0127456 -0.00988928 -0.0087735 -0.00766054 -0.0031307 0.00479058 0.00962145 0.00911749 0.00682551 0.00547395 0.00656391 0.00889281
0.0140006 0.0113006 0.0100423 0.00724421 0.00149233 -0.00623253 -0.0139807 -0.0190514 -0.0181313 -0.00876713 0.00430149 0.0126747 0.00422292 -0.02258 -0.040921 -0.0358622 -0.0191065 -0.00241589 0.00569649 0.00475729 -0.000293487 -0.00895162 -0.0216551 -0.0315534 -0.0325868 -0.0296086 -0.0271831 -0.024112 -0.019474 -0.0140056 -0.0109524 -0.0152852 -0.0239022 -0.0291373 -0.0304533 -0.030328 -0.0300699 -0.0304335 -0.0315523 -0.0335835 -0.0369163 -0.040067 -0.0392288 -0.0343691 -0.0288031 -0.0237815 -0.0192634 -0.0154444 -0.0128728 -0.0131352 -0.0160142 -0.0157696 -0.0097696 -0.00247755 0.00238708 0.00306547 0.0011279 0.000385145 0.00128013
0.0209159 0.0230222 0.0237867 0.0194371 0.00939279 -0.00268889 -0.0137214 -0.0212606 -0.0223127 -0.0149744 -0.0058536 -0.00340003 -0.0109399 -0.0254123 -0.0311051 -0.0215693 -0.00860889 0.000321914 0.00469352 0.00686829 0.0101873 0.0100825 0.000795258 -0.0084068 -0.0083463 -0.00709801 -0.0111596 -0.0154586 -0.0162388 -0.0141078 -0.0126905 -0.0175555 -0.0253076 -0.0277413 -0.0264925 -0.0266208 -0.0281579 -0.0299992 -0.0320895 -0.0346087 -0.0377752 -0.0403345 -0.0392343 -0.0345159 -0.0289987 -0.0242445 -0.0208479 -0.0184736 -0.0169628 -0.0184317 -0.0234109 -0.0266101 -0.0239623 -0.0153966 -0.00486531 -0.000168552 -0.00166108 -0.00386098 -0.00476053
0.023079 0.0264617 0.0260103 0.0204557 0.0107046 0.000167869 -0.00983777 -0.0194626 -0.0247717 -0.0213044 -0.0155041 -0.0152353 -0.0181796 -0.0199413 -0.0170895 -0.00978029 -0.00369391 -0.000818967 0.00152714 0.0059685 0.014063 0.0202361 0.0179675 0.0148401 0.0181911 0.0186279 0.00970995 -0.000652726 -0.00667746 -0.00866945 -0.00940472 -0.0131899 -0.0187426 -0.0216339 -0.0225442 -0.0239671 -0.0259274 -0.0278707 -0.0296965 -0.0314898 -0.0335132 -0.035176 -0.034807 -0.0322426 -0.0287232 -0.0252796 -0.0227018 -0.0212375 -0.0210791 -0.0230934 -0.0275338 -0.0325193 -0.0344568 -0.0275942 -0.0140328 -0.00499273 -0.00344627 -0.00538778 -0.00802668
0.0230332 0.0265489 0.0255026 0.0202871 0.0122408 0.00346528 -0.00594546 -0.0170559 -0.0254181 -0.0252172 -0.0213027 -0.0199575 -0.0176667 -0.0113267 -0.00467955 -0.000786896 0.000189263 -0.000148795 0.00137661 0.0067143 0.0162531 0.0255205 0.029388 0.0322259 0.0380036 0.0386283 0.0291232 0.0170348 0.00805091 0.00256659 -0.000639112 -0.00383829 -0.00757973 -0.0112745 -0.0147876 -0.0181087 -0.0208034 -0.0226238 -0.0242588 -0.0261653 -0.0279957 -0.0294269 -0.0302888 -0.0303147 -0.0292074 -0.0273738 -0.0256087 -0.0244383 -0.024269 -0.0254694 -0.0285689 -0.0345106 -0.0404363 -0.0369256 -0.0237321 -0.0119898 -0.00700801 -0.00848055 -0.0127456
0.0231114 0.0271983 0.0277969 0.0242191 0.016748 0.00670714 -0.00479904 -0.0166443 -0.0251632 -0.0263788 -0.0230845 -0.0192062 -0.0133137 -0.00469882 0.00238966 0.00528658 0.00521171 0.00441028 0.00577017 0.0108118 0.0196374 0.0292696 0.0361684 0.041998 0.0482342 0.049851 0.0437888 0.0343798 0.0252901 0.0177049 0.0120024 0.00791701 0.00473145 0.00147399 -0.00258475 -0.00764929 -0.0119812 -0.0143213 -0.0165711 -0.0199523 -0.0231881 -0.0257066 -0.0282077 -0.0303779 -0.0310416 -0.0304087 -0.0294069 -0.0280216 -0.0262147 -0.0254489 -0.0275169 -0.0340002 -0.0422592 -0.0424903 -0.0326805 -0.0208931 -0.0137521 -0.0152945 -0.0207584
0.0229386 0.0273805 0.0292348 0.0265419 0.0186902 0.00683925 -0.00663258 -0.018479 -0.026059 -0.027629 -0.0247 -0.0194273 -0.0117917 -0.00246986 0.00486453 0.00814728 0.00873792 0.00869891 0.010438 0.0151884 0.0230793 0.0324977 0.041319 0.0493136 0.0561322 0.0588831 0.0558947 0.049383 0.0413541 0.0327515 0.0249075 0.0194685 0.0160878 0.0131097 0.00925375 0.00391285 -0.00120451 -0.00466222 -0.00789435 -0.0120971 -0.0169308 -0.0220623 -0.027359 -0.0317815 -0.0336574 -0.033408 -0.0324828 -0.0306349 -0.0275064 -0.0251501 -0.0260607 -0.0321899 -0.0415162 -0.0453177 -0.0402691 -0.0304618 -0.0226088 -0.0238957 -0.0294207
0.023416 0.027469 0.0289776 0.0257241 0.0169353 0.00382598 -0.0105494 -0.0219375 -0.0284366 -0.0297643 -0.0272604 -0.0223402 -0.0144122 -0.0039553 0.00472779 0.00915977 0.0108427 0.0118003 0.0141523 0.0189838 0.0264998 0.036088 0.0466863 0.0569787 0.0653048 0.0691213 0.0672739 0.06208 0.0550715 0.0460123 0.0364805 0.0297456 0.0257954 0.0224985 0.0188762 0.0146044 0.00990297 0.00515829 0.000773368 -0.00362419 -0.0099061 -0.0183537 -0.0269044 -0.03347 -0.03631 -0.036097 -0.0347051 -0.0323158 -0.0288131 -0.0257137 -0.0252176 -0.0301731 -0.0397029 -0.0462542 -0.045654 -0.038877 -0.0317722 -0.0325871 -0.0374222
0.0266443 0.0293869 0.0294877 0.0250165 0.01514 0.000643645 -0.014833 -0.0257734 -0.0308865 -0.0313831 -0.0289581 -0.0247522 -0.0171284 -0.00578243 0.0046549 0.01113 0.0144538 0.0163459 0.0190653 0.0238618 0.0311538 0.0409424 0.0527795 0.0648956 0.0749288 0.0799966 0.0788914 0.0743295 0.0677771 0.0581955 0.0472426 0.0391682 0.0344147 0.0309168 0.0277206 0.024345 0.0200718 0.0145491 0.00873639 0.00270066 -0.00569009 -0.016497 -0.0267387 -0.0343221 -0.0382678 -0.0389419 -0.0374479 -0.0345171 -0.0307845 -0.027128 -0.0252534 -0.0288733 -0.0380344 -0.0457905 -0.0478056 -0.0440058 -0.0390925 -0.0403619 -0.045152
0.031065 0.0319519 0.0300883 0.0242497 0.0135116 -0.0023717 -0.0191501 -0.0295247 -0.0328941 -0.0323146 -0.0297453 -0.0259404 -0.0186618 -0.00698601 0.00498161 0.0139849 0.0194834 0.0225646 0.0257722 0.0306213 0.0377587 0.0475292 0.0598322 0.0729497 0.0843901 0.0908595 0.0907541 0.0865624 0.0796781 0.0691901 0.0569655 0.0475478 0.0419106 0.0385343 0.0359303 0.0327826 0.0284227 0.0225396 0.015326 0.00665301 -0.00438582 -0.016904 -0.0276167 -0.0351648 -0.040016 -0.0420436 -0.0409282 -0.0377117 -0.0337492 -0.0294097 -0.0260354 -0.028219 -0.0366374 -0.0441863 -0.0469793 -0.0460654 -0.0448675 -0.0478231 -0.053098
0.0330486 0.0322332 0.0282899 0.021195 0.0101052 -0.00654155 -0.0240217 -0.0332668 -0.0346114 -0.0332 -0.0306685 -0.0268317 -0.019622 -0.00810617 0.00471887 0.0159604 0.0239551 0.0290612 0.0336895 0.0392874 0.0464915 0.0559094 0.0678501 0.0810599 0.0933532 0.101145 0.102245 0.098198 0.0902142 0.0783666 0.0649439 0.0543035 0.047842 0.0447029 0.0426447 0.0392711 0.0343145 0.0279646 0.0198985 0.00954713 -0.00389492 -0.0188046 -0.0304852 -0.0377509 -0.0425916 -0.0451218 -0.0445097 -0.0416501 -0.0377766 -0.0326159 -0.0272958 -0.0276998 -0.0351791 -0.0418202 -0.044516 -0.046912 -0.0508714 -0.0563149 -0.0614957
0.0324799 0.0304648 0.0248587 0.0167952 0.00559435 -0.0114097 -0.0291016 -0.0369475 -0.03622 -0.0339726 -0.031301 -0.0269668 -0.0194038 -0.00802994 0.00510099 0.0177017 0.0278275 0.0353589 0.0421113 0.049058 0.0565187 0.0653041 0.0762367 0.0888345 0.101519 0.110459 0.11278 0.108787 0.0994108 0.0859424 0.0712136 0.059368 0.0520509 0.0488417 0.0468324 0.0427682 0.0369725 0.0302858 0.0219287 0.0108178 -0.00405623 -0.0207171 -0.0334584 -0.0407453 -0.0449138 -0.0470606 -0.047414 -0.0459938 -0.0426311 -0.0367035 -0.029635 -0.028588 -0.035414 -0.0410922 -0.0432905 -0.0485935 -0.0573239 -0.0646239 -0.0685377
0.0310034 0.028388 0.0219571 0.0133121 0.00177439 -0.0158879 -0.0340153 -0.0407678 -0.038048 -0.0343862 -0.0307836 -0.0254953 -0.0171311 -0.0053369 0.00788857 0.0206471 0.0318341 0.0413984 0.050325 0.0588377 0.0666803 0.0747448 0.0843497 0.095957 0.108758 0.118595 0.121894 0.117963 0.107428 0.0923387 0.0760512 0.0628977 0.0545751 0.0505953 0.04771 0.0424195 0.035826 0.0292952 0.020908 0.00910909 -0.00567581 -0.0213359 -0.0339494 -0.041792 -0.0453929 -0.0470323 -0.0493455 -0.0506377 -0.048118 -0.0417153 -0.0339905 -0.0325882 -0.0392977 -0.0443058 -0.0458043 -0.0523699 -0.0632345 -0.0702525 -0.0716063
