data_raster/melanesia/PNMC_current_2021/202110_North.grd
DSAA																																																																																																																																																																																																																																																																																																																																																																																																																											
412	268																																																																																																																																																																																																																																																																																																																																																																																																																										
156	174.5																																																																																																																																																																																																																																																																																																																																																																																																																										
-26.5	-14.5																																																																																																																																																																																																																																																																																																																																																																																																																										
-0.460595	0.387506																																																																																																																																																																																																																																																																																																																																																																																																																										
[rows 54 to 80 of 268, columns 295 to 353 of 412]
-0.0309209 -0.0215732 -0.0117268 -0.00136278 0.00933751 0.0202094 0.0314377 0.0442789 0.0587664 0.0720132 0.0819822 0.0883834 0.0926957 0.0977399 0.104216 0.111196 0.115977 0.116319 0.115157 0.11559 0.117243 0.119207 0.120716 0.121666 0.122729 0.124118 0.125615 0.126912 0.12752 0.126146 0.121523 0.113634 0.102788 0.0893212 0.0718846 0.0464635 0.0121958 -0.0279203 -0.0697254 -0.10825 -0.137785 -0.15378 -0.15976 -0.161122 -0.160521 -0.159845 -0.160564 -0.163546 -0.168823 -0.175609 -0.182408 -0.188178 -0.192296 -0.194782 -0.196 -0.196557 -0.197001 -0.197487 -0.198025
-0.0249375 -0.0159387 -0.00656853 0.00319896 0.0131359 0.023407 0.0342766 0.0459379 0.0577482 0.0674085 0.0739683 0.0786358 0.0831531 0.0894224 0.097196 0.104755 0.109616 0.11008 0.109213 0.109791 0.1102 0.109147 0.107334 0.105531 0.104328 0.104194 0.105418 0.107375 0.108853 0.108179 0.103926 0.0962652 0.0854016 0.0706547 0.0499169 0.0191316 -0.0208369 -0.0634457 -0.102032 -0.130601 -0.147726 -0.154814 -0.156133 -0.155998 -0.155687 -0.156187 -0.159257 -0.165628 -0.174339 -0.183855 -0.192293 -0.198838 -0.203442 -0.206246 -0.207529 -0.207829 -0.207694 -0.207469 -0.207271
-0.0228602 -0.0145836 -0.00562033 0.00386771 0.0133453 0.0230774 0.0333162 0.0435006 0.052568 0.0587961 0.0622859 0.0657129 0.0708927 0.0784846 0.0871141 0.0942983 0.0985492 0.0994008 0.0989791 0.0989495 0.097748 0.0946055 0.0912244 0.0888827 0.0879921 0.0887223 0.0909949 0.093852 0.0957912 0.0950035 0.0900522 0.0813605 0.0688574 0.0501475 0.0234622 -0.0112547 -0.0512724 -0.0908644 -0.123193 -0.141753 -0.149001 -0.15132 -0.151898 -0.15247 -0.153497 -0.155749 -0.161263 -0.170606 -0.181925 -0.193238 -0.202715 -0.209581 -0.213819 -0.215712 -0.215792 -0.215114 -0.214579 -0.214155 -0.213644
-0.0245197 -0.0170437 -0.00868871 0.00027906 0.0092859 0.0185252 0.0280697 0.0368738 0.0437257 0.0475651 0.0492652 0.0522415 0.058103 0.0664292 0.0748505 0.0802719 0.0827112 0.083395 0.0831149 0.0822341 0.080261 0.0773768 0.0752528 0.0750133 0.0768601 0.0801574 0.0836343 0.0862064 0.0868352 0.0840576 0.0766828 0.065174 0.0490492 0.024547 -0.00864669 -0.0444226 -0.0785696 -0.109484 -0.133122 -0.144528 -0.147478 -0.149113 -0.150862 -0.152499 -0.154641 -0.158437 -0.165796 -0.176981 -0.189687 -0.201809 -0.211706 -0.218394 -0.221465 -0.221575 -0.219978 -0.218504 -0.218418 -0.218756 -0.218658
-0.0269685 -0.0203087 -0.0126884 -0.00437607 0.00414515 0.0127542 0.021159 0.0281823 0.0329289 0.0354629 0.0370775 0.0404936 0.0464233 0.0535319 0.0596092 0.0624497 0.0633172 0.0643528 0.0651944 0.0651247 0.0643359 0.0634956 0.0638376 0.0660075 0.0697927 0.0740294 0.0768888 0.0773986 0.0750647 0.0692849 0.0594822 0.0453386 0.0259414 -0.00120386 -0.0352769 -0.0696632 -0.099233 -0.121259 -0.135212 -0.142311 -0.145344 -0.147473 -0.149707 -0.152366 -0.155843 -0.161006 -0.169718 -0.182179 -0.195946 -0.208641 -0.218257 -0.223869 -0.225495 -0.224735 -0.223687 -0.223436 -0.22426 -0.224908 -0.224641
-0.0293113 -0.023296 -0.016346 -0.00870826 -0.000787221 0.00689601 0.0136918 0.0186633 0.0215712 0.0237221 0.0264052 0.0305547 0.0356552 0.0399383 0.0424591 0.0431005 0.0436491 0.0459923 0.049017 0.0513403 0.0530987 0.0548328 0.0573227 0.060681 0.0641458 0.0666451 0.0669578 0.0645052 0.0591184 0.0508952 0.0396638 0.0238442 0.00227924 -0.0242911 -0.0543014 -0.0852134 -0.111912 -0.12716 -0.133037 -0.137864 -0.142597 -0.145098 -0.147028 -0.150594 -0.155548 -0.161984 -0.17187 -0.18555 -0.200588 -0.214132 -0.22332 -0.227608 -0.228217 -0.227801 -0.228923 -0.230745 -0.231773 -0.231565 -0.230424
-0.0327376 -0.026911 -0.0203109 -0.0132916 -0.00629244 4.65808E-05 0.00509975 0.00848339 0.0105342 0.0129486 0.0165286 0.0205989 0.0241073 0.025886 0.0262944 0.0266781 0.0285239 0.032791 0.0379235 0.0422786 0.0458752 0.049058 0.0522216 0.0550633 0.0564494 0.0558752 0.0534106 0.0491674 0.0431759 0.034897 0.0232919 0.00622121 -0.0172639 -0.0445011 -0.072383 -0.0979514 -0.117538 -0.127154 -0.129856 -0.133194 -0.137663 -0.140803 -0.143729 -0.148208 -0.154157 -0.16184 -0.173117 -0.188259 -0.204842 -0.219692 -0.229363 -0.233582 -0.234331 -0.23429 -0.235624 -0.236677 -0.235635 -0.233595 -0.231924
-0.0378183 -0.0318711 -0.0252877 -0.0188048 -0.0131923 -0.00874105 -0.0054786 -0.00306425 -0.000824558 0.00242235 0.00669721 0.0103739 0.0125281 0.013113 0.0133351 0.0150133 0.0188951 0.0249109 0.0314153 0.036849 0.0410841 0.0442791 0.0466462 0.0478104 0.0467354 0.0436017 0.0395765 0.0351667 0.0302098 0.0228632 0.0108082 -0.00770021 -0.0329245 -0.0617654 -0.0892262 -0.108242 -0.117592 -0.122596 -0.126092 -0.128822 -0.131782 -0.135887 -0.140781 -0.146057 -0.152571 -0.161517 -0.174215 -0.190605 -0.208514 -0.224775 -0.235666 -0.240795 -0.242065 -0.241575 -0.240934 -0.239119 -0.23534 -0.231826 -0.230318
-0.0446505 -0.0386862 -0.0320193 -0.0260699 -0.0223118 -0.0202263 -0.0187147 -0.0167746 -0.0136353 -0.00898553 -0.00353514 0.000740315 0.00307424 0.00399975 0.0050287 0.00801603 0.0131563 0.0198002 0.0266668 0.0325215 0.0367389 0.0391076 0.0399745 0.0394083 0.0371094 0.0336313 0.0301278 0.0264395 0.0214726 0.0130411 -0.00107507 -0.0216704 -0.0479785 -0.0761834 -0.100427 -0.112595 -0.113962 -0.11586 -0.120732 -0.124476 -0.127718 -0.132904 -0.139004 -0.144719 -0.151782 -0.161938 -0.175535 -0.192163 -0.210503 -0.227706 -0.239704 -0.245464 -0.246174 -0.24399 -0.241056 -0.237514 -0.233432 -0.23045 -0.229588
-0.0531752 -0.0476131 -0.0416169 -0.036803 -0.0346874 -0.034006 -0.0328907 -0.0302546 -0.0256 -0.0193391 -0.0125649 -0.0070934 -0.00355891 -0.00138001 0.000756737 0.00437869 0.00951982 0.0155706 0.0218512 0.0275358 0.0314493 0.032961 0.0325524 0.0307879 0.0281894 0.025324 0.0226397 0.0190264 0.0125351 0.00145462 -0.0154689 -0.0380839 -0.0644222 -0.0888514 -0.105908 -0.111592 -0.109335 -0.11005 -0.115525 -0.120904 -0.125847 -0.131927 -0.138288 -0.144107 -0.151442 -0.16204 -0.175608 -0.191713 -0.210016 -0.227973 -0.241039 -0.247265 -0.246868 -0.242634 -0.237996 -0.234044 -0.231124 -0.229438 -0.228944
-0.0632894 -0.0586372 -0.0545606 -0.0516948 -0.0500706 -0.0483554 -0.0451555 -0.0401955 -0.0336323 -0.0260684 -0.0184635 -0.0121482 -0.00753073 -0.00411207 -0.00113333 0.0022222 0.00619561 0.0107589 0.0157642 0.0207283 0.0243272 0.0256847 0.0250208 0.0228636 0.0199535 0.0166485 0.0128596 0.00736988 -0.00157918 -0.0152171 -0.0341935 -0.057692 -0.0825096 -0.100458 -0.107499 -0.107706 -0.106084 -0.107535 -0.112628 -0.118855 -0.125319 -0.131902 -0.138093 -0.143783 -0.150678 -0.160271 -0.172733 -0.188143 -0.206592 -0.225525 -0.239922 -0.247027 -0.246223 -0.240852 -0.235383 -0.231238 -0.22867 -0.227104 -0.226069
-0.0749823 -0.0710025 -0.0677483 -0.0650392 -0.0619752 -0.0578399 -0.0522102 -0.0454031 -0.0378229 -0.029763 -0.0218461 -0.0151305 -0.00995948 -0.00598692 -0.0029476 -0.000594535 0.00165649 0.00443895 0.00798576 0.0120835 0.0155795 0.0174984 0.0174994 0.0156591 0.0124659 0.00806606 0.00223816 -0.00581854 -0.0172219 -0.0330653 -0.0536889 -0.0765768 -0.0972102 -0.107891 -0.107053 -0.103874 -0.103593 -0.105948 -0.110549 -0.117046 -0.124455 -0.131575 -0.137763 -0.143014 -0.148836 -0.15678 -0.167757 -0.182352 -0.200667 -0.220103 -0.23556 -0.243897 -0.243943 -0.238768 -0.232795 -0.227879 -0.224692 -0.222631 -0.221148
-0.0871944 -0.0829385 -0.0776421 -0.0716568 -0.0653688 -0.0589968 -0.0526372 -0.0461621 -0.0393531 -0.0319118 -0.0242099 -0.0175209 -0.0124641 -0.00897909 -0.00690961 -0.00597276 -0.00532337 -0.00400195 -0.00157215 0.00195151 0.00569263 0.00863236 0.00977851 0.00863995 0.00534045 -5.62926E-06 -0.00737593 -0.0172578 -0.0304807 -0.0482069 -0.0702657 -0.0908972 -0.104437 -0.108836 -0.105716 -0.101729 -0.100713 -0.102818 -0.107594 -0.11428 -0.122061 -0.129995 -0.136602 -0.141068 -0.145448 -0.151942 -0.161702 -0.175339 -0.192767 -0.211626 -0.227456 -0.237253 -0.239488 -0.235802 -0.229233 -0.222711 -0.218367 -0.216012 -0.214967
-0.095733 -0.0903371 -0.0824212 -0.0732358 -0.0646602 -0.0572168 -0.0508966 -0.0453287 -0.0399566 -0.0340074 -0.0275179 -0.0216601 -0.0173275 -0.0150107 -0.0144496 -0.0148839 -0.0152961 -0.014697 -0.0126697 -0.00919508 -0.00493329 -0.000960037 0.00112108 0.000379218 -0.003199 -0.00934783 -0.0177115 -0.0288758 -0.0438356 -0.0628363 -0.0843226 -0.100914 -0.107252 -0.106474 -0.10256 -0.0987154 -0.0972215 -0.0993006 -0.104509 -0.111297 -0.119033 -0.127258 -0.133893 -0.137464 -0.140393 -0.145395 -0.153983 -0.166722 -0.182955 -0.200712 -0.216838 -0.228534 -0.233583 -0.232011 -0.225353 -0.217461 -0.211838 -0.208864 -0.207982
-0.0983886 -0.0916448 -0.082567 -0.072752 -0.0642736 -0.0570801 -0.0507011 -0.0453965 -0.0411529 -0.0371138 -0.0328648 -0.0287657 -0.0256772 -0.0247414 -0.0256089 -0.0270012 -0.0277653 -0.0269861 -0.0245276 -0.0205906 -0.0157309 -0.0110973 -0.00878577 -0.00990651 -0.0142123 -0.0212075 -0.0304063 -0.0427628 -0.0595075 -0.0786293 -0.0964329 -0.107412 -0.108496 -0.10373 -0.097656 -0.0937789 -0.0936532 -0.0967488 -0.102164 -0.108851 -0.116228 -0.123707 -0.129431 -0.132106 -0.133799 -0.137142 -0.144412 -0.156339 -0.171435 -0.18811 -0.204758 -0.218582 -0.226293 -0.226935 -0.221277 -0.213235 -0.206679 -0.202552 -0.200876
-0.0978885 -0.0910406 -0.0823535 -0.0731912 -0.0652938 -0.058458 -0.0522296 -0.0472341 -0.0438409 -0.0414607 -0.0395018 -0.0375742 -0.0361567 -0.0363983 -0.038023 -0.0398215 -0.0404516 -0.0388605 -0.0354639 -0.0309707 -0.0258034 -0.0210839 -0.0192699 -0.0214582 -0.0268993 -0.035033 -0.045648 -0.0594506 -0.0769215 -0.0940913 -0.106064 -0.11076 -0.108069 -0.10109 -0.0937144 -0.0902159 -0.0916607 -0.0955951 -0.100788 -0.107021 -0.113664 -0.119783 -0.124007 -0.125555 -0.126147 -0.128144 -0.134126 -0.14494 -0.158845 -0.174559 -0.191308 -0.206367 -0.216 -0.21892 -0.215521 -0.208881 -0.202297 -0.197346 -0.194849
-0.0961743 -0.0906763 -0.0834523 -0.0753255 -0.0677578 -0.0611189 -0.0555119 -0.0512563 -0.0485423 -0.0472027 -0.0468454 -0.0468558 -0.0471443 -0.048087 -0.0496312 -0.0512939 -0.0515753 -0.0490988 -0.044857 -0.0401382 -0.0352703 -0.0312654 -0.0306506 -0.0343776 -0.0412915 -0.0509141 -0.0633874 -0.0782911 -0.0943638 -0.107259 -0.112802 -0.111892 -0.106654 -0.0992412 -0.0924063 -0.0897733 -0.0918398 -0.0956657 -0.100139 -0.105541 -0.111104 -0.11558 -0.118036 -0.118216 -0.117777 -0.11884 -0.123621 -0.132944 -0.145568 -0.160404 -0.176559 -0.191622 -0.202416 -0.207725 -0.207571 -0.2036 -0.19796 -0.192879 -0.189984
-0.0933994 -0.0892249 -0.0836278 -0.0770862 -0.0708319 -0.0653433 -0.0608411 -0.0574652 -0.0553221 -0.0544771 -0.0547829 -0.0558053 -0.0570784 -0.0581736 -0.0591984 -0.0603716 -0.0603669 -0.0577757 -0.0536447 -0.049396 -0.0456475 -0.043416 -0.0446696 -0.0501033 -0.0587353 -0.0699548 -0.083406 -0.0973317 -0.109157 -0.116179 -0.116633 -0.112527 -0.106333 -0.0994294 -0.0936044 -0.091503 -0.0932373 -0.096147 -0.0994742 -0.103812 -0.108116 -0.110738 -0.111306 -0.110184 -0.108785 -0.10886 -0.112375 -0.120214 -0.131596 -0.145496 -0.160717 -0.175368 -0.187229 -0.195095 -0.198395 -0.197383 -0.193083 -0.188127 -0.184843
-0.0894764 -0.0862259 -0.0821663 -0.0776721 -0.0736852 -0.0702105 -0.0671084 -0.0646904 -0.0632011 -0.0625684 -0.0627368 -0.0637064 -0.0650532 -0.0660281 -0.0667183 -0.0675573 -0.0676876 -0.0660828 -0.0633403 -0.0605148 -0.0587069 -0.0590233 -0.0625451 -0.0695842 -0.0794915 -0.091372 -0.104025 -0.114801 -0.120719 -0.121729 -0.118958 -0.113855 -0.107763 -0.101578 -0.0965135 -0.0943528 -0.0950424 -0.0965456 -0.0985069 -0.101665 -0.104606 -0.105259 -0.10391 -0.101599 -0.0992556 -0.0981459 -0.100306 -0.106812 -0.117143 -0.130205 -0.144478 -0.158642 -0.171513 -0.181813 -0.188295 -0.190061 -0.187185 -0.182376 -0.178506
-0.0842734 -0.0822077 -0.0799113 -0.0775531 -0.0755943 -0.0738319 -0.0720788 -0.0708356 -0.0703381 -0.0700125 -0.069699 -0.0699214 -0.0707609 -0.0718616 -0.0731095 -0.0744933 -0.0755869 -0.0759318 -0.0756873 -0.0753935 -0.0761845 -0.0790974 -0.08478 -0.0930308 -0.102668 -0.112782 -0.122559 -0.129398 -0.130413 -0.127133 -0.122236 -0.116471 -0.110282 -0.104499 -0.0999735 -0.0974622 -0.0967823 -0.0967918 -0.0974618 -0.0993716 -0.100812 -0.0994959 -0.0962562 -0.0926649 -0.0892777 -0.0869699 -0.0877863 -0.0930352 -0.102654 -0.115374 -0.128933 -0.142413 -0.155703 -0.167738 -0.176933 -0.181302 -0.179899 -0.175275 -0.170676
-0.0783302 -0.0776865 -0.0771976 -0.0767774 -0.0763884 -0.0758382 -0.0751124 -0.0749011 -0.0753978 -0.0755115 -0.0748263 -0.0740743 -0.0740436 -0.075412 -0.0779136 -0.0807749 -0.0838084 -0.0870412 -0.0903537 -0.0937773 -0.0978756 -0.103213 -0.110161 -0.118303 -0.126308 -0.133467 -0.139462 -0.142283 -0.139656 -0.133541 -0.126863 -0.120173 -0.113689 -0.10821 -0.104172 -0.101278 -0.0992359 -0.0978626 -0.0972896 -0.0976583 -0.0972149 -0.0938564 -0.0887258 -0.0836366 -0.0790205 -0.0755694 -0.0751915 -0.0793794 -0.0886817 -0.101586 -0.114798 -0.12753 -0.140572 -0.153384 -0.164515 -0.171105 -0.171226 -0.167018 -0.161799
-0.0724632 -0.0730645 -0.0739976 -0.0751174 -0.0761699 -0.0766957 -0.076541 -0.0767035 -0.0776225 -0.0781399 -0.0775493 -0.0760857 -0.0750326 -0.0764027 -0.0801382 -0.0850171 -0.0909058 -0.0980002 -0.105914 -0.114136 -0.122248 -0.129829 -0.136444 -0.142301 -0.148315 -0.153835 -0.156886 -0.155803 -0.149655 -0.140747 -0.132041 -0.124392 -0.118109 -0.113395 -0.109977 -0.106852 -0.103721 -0.101112 -0.0991117 -0.0973285 -0.0943573 -0.0887721 -0.0817249 -0.0748909 -0.0688193 -0.0642644 -0.0629609 -0.0664709 -0.0757885 -0.0891631 -0.102409 -0.114611 -0.126991 -0.139644 -0.151645 -0.159769 -0.161441 -0.158095 -0.152674
-0.0665915 -0.0681778 -0.070161 -0.0724109 -0.074629 -0.0761172 -0.0765153 -0.0769035 -0.0779103 -0.0786628 -0.0783894 -0.0767947 -0.0752604 -0.0764992 -0.0809656 -0.0877953 -0.0970551 -0.108899 -0.122127 -0.135224 -0.146816 -0.15577 -0.161411 -0.164985 -0.169799 -0.174777 -0.175388 -0.170277 -0.160285 -0.148323 -0.137566 -0.129288 -0.123798 -0.120156 -0.117241 -0.113978 -0.110102 -0.106203 -0.102307 -0.0979421 -0.0922955 -0.0846816 -0.0759732 -0.0674208 -0.0598045 -0.0541095 -0.0519943 -0.0550008 -0.064236 -0.0778189 -0.0911912 -0.103207 -0.115029 -0.127182 -0.139298 -0.148238 -0.151196 -0.148827 -0.143515
-0.060291 -0.0626981 -0.0655302 -0.0685325 -0.0713342 -0.073517 -0.0748941 -0.076046 -0.0772897 -0.0780956 -0.0780385 -0.0770361 -0.0761545 -0.0774241 -0.0819488 -0.0902357 -0.102866 -0.119819 -0.138305 -0.155219 -0.168675 -0.177846 -0.183494 -0.187513 -0.192694 -0.196964 -0.194639 -0.185124 -0.170965 -0.155918 -0.143583 -0.135271 -0.13088 -0.128175 -0.125377 -0.122002 -0.117737 -0.112343 -0.105954 -0.0989121 -0.0910163 -0.0819253 -0.0720386 -0.0620747 -0.0530014 -0.046069 -0.0430299 -0.0453828 -0.0540335 -0.067154 -0.0804689 -0.0926721 -0.104509 -0.116487 -0.128431 -0.137557 -0.141214 -0.13949 -0.134374
-0.0532447 -0.056581 -0.0601208 -0.0633933 -0.0660612 -0.0683738 -0.0706321 -0.0727354 -0.0744755 -0.07559 -0.0760239 -0.0760356 -0.0762662 -0.0777667 -0.0824233 -0.0923738 -0.107945 -0.128169 -0.149763 -0.169306 -0.184761 -0.195636 -0.20383 -0.210783 -0.21687 -0.219325 -0.21335 -0.199494 -0.181496 -0.163895 -0.15067 -0.142549 -0.138703 -0.136394 -0.133714 -0.130585 -0.126367 -0.119719 -0.110879 -0.101193 -0.0910616 -0.0804149 -0.0693002 -0.05802 -0.0476102 -0.0394486 -0.0353184 -0.0367395 -0.0446475 -0.057338 -0.0707258 -0.0833626 -0.0956307 -0.107721 -0.119303 -0.128086 -0.13187 -0.130481 -0.125649
-0.0454013 -0.0498797 -0.0539662 -0.0569961 -0.0588998 -0.0606685 -0.0631827 -0.0659594 -0.0684365 -0.0704405 -0.0719269 -0.0729793 -0.0740186 -0.0759355 -0.0814613 -0.0937951 -0.111471 -0.131495 -0.152734 -0.174136 -0.193484 -0.209553 -0.223285 -0.234429 -0.240953 -0.240399 -0.230472 -0.212979 -0.192166 -0.173004 -0.159558 -0.151412 -0.146954 -0.144272 -0.141973 -0.139569 -0.135767 -0.128449 -0.117833 -0.105809 -0.0932829 -0.0805818 -0.0677398 -0.0549427 -0.0432209 -0.0338979 -0.0285498 -0.0287677 -0.0359847 -0.0486247 -0.0623358 -0.0755026 -0.0883792 -0.100728 -0.111842 -0.119934 -0.123397 -0.122122 -0.117632
-0.0373595 -0.0427074 -0.0470213 -0.0495709 -0.050653 -0.051719 -0.0540355 -0.057185 -0.0605369 -0.0637016 -0.0663295 -0.0681255 -0.0695935 -0.0721435 -0.0790381 -0.0936428 -0.112187 -0.129694 -0.14893 -0.172607 -0.19744 -0.220261 -0.239996 -0.254805 -0.261688 -0.25894 -0.246309 -0.226584 -0.204322 -0.184542 -0.171071 -0.162524 -0.156815 -0.153223 -0.151019 -0.149086 -0.145513 -0.137739 -0.126074 -0.112848 -0.0989683 -0.0845898 -0.0698604 -0.0551833 -0.041832 -0.0312278 -0.02471 -0.0236854 -0.0295613 -0.0410885 -0.0545293 -0.0682179 -0.0818915 -0.094729 -0.105582 -0.113008 -0.115898 -0.114431 -0.110073
