data_raster/melanesia/PNMC_current_2021/202108_North.grd
DSAA																																																																																																																																																																																																																																																																																																																																																																																																																											
412	268																																																																																																																																																																																																																																																																																																																																																																																																																										
156	174.5																																																																																																																																																																																																																																																																																																																																																																																																																										
-26.5	-14.5																																																																																																																																																																																																																																																																																																																																																																																																																										
-0.505694	0.500036																																																																																																																																																																																																																																																																																																																																																																																																																										
[rows 27 to 53 of 268, columns 295 to 353 of 412]
0.197055 0.204541 0.206765 0.205558 0.202976 0.198223 0.191674 0.190072 0.19396 0.18881 0.169822 0.148103 0.134929 0.139317 0.155204 0.168537 0.1752 0.175999 0.174788 0.175144 0.177537 0.179108 0.171999 0.152957 0.125183 0.0935763 0.0635321 0.0346756 0.00384076 -0.0292455 -0.0629813 -0.09276 -0.115283 -0.132287 -0.14568 -0.156367 -0.164632 -0.170336 -0.175753 -0.184583 -0.197039 -0.211362 -0.224782 -0.235457 -0.2458 -0.256986 -0.265466 -0.2688 -0.267157 -0.261382 -0.252732 -0.241795 -0.228684 -0.213482 -0.196331 -0.177701 -0.158272 -0.139064 -0.121001
0.205094 0.218199 0.224395 0.225319 0.223623 0.218816 0.211508 0.208749 0.211706 0.207066 0.189249 0.165933 0.148667 0.150174 0.165864 0.18135 0.190094 0.190376 0.186829 0.184113 0.182134 0.178199 0.166446 0.144555 0.115031 0.0809147 0.0452017 0.00851121 -0.0291589 -0.063459 -0.0899017 -0.109718 -0.125073 -0.137033 -0.146455 -0.154122 -0.160848 -0.167602 -0.17695 -0.191921 -0.209341 -0.223868 -0.23538 -0.245464 -0.255616 -0.265755 -0.272388 -0.273446 -0.269656 -0.262046 -0.251664 -0.238879 -0.223644 -0.206211 -0.187063 -0.16707 -0.147121 -0.127803 -0.10958
0.211236 0.229953 0.240756 0.244525 0.243882 0.238983 0.231115 0.227455 0.229625 0.225613 0.209152 0.184514 0.163087 0.160559 0.174387 0.19112 0.201985 0.202513 0.198068 0.194062 0.188607 0.178607 0.161091 0.134207 0.0976755 0.0548156 0.0116305 -0.0283479 -0.0629728 -0.0897442 -0.107285 -0.119062 -0.128703 -0.137342 -0.145185 -0.151616 -0.158355 -0.169555 -0.18589 -0.205059 -0.222588 -0.234331 -0.243533 -0.254267 -0.265095 -0.273574 -0.277673 -0.276595 -0.271275 -0.262284 -0.249722 -0.234153 -0.216433 -0.197136 -0.176719 -0.15568 -0.134589 -0.114188 -0.0951632
0.21666 0.240107 0.255387 0.262303 0.262901 0.25799 0.249596 0.244736 0.245524 0.242087 0.227772 0.202874 0.17788 0.170713 0.181362 0.198458 0.211508 0.213279 0.208763 0.203191 0.193235 0.17557 0.149598 0.114558 0.0694771 0.019442 -0.025902 -0.0620885 -0.0880292 -0.104869 -0.114923 -0.121841 -0.128604 -0.135723 -0.143145 -0.150605 -0.16052 -0.177796 -0.199922 -0.21928 -0.233177 -0.242213 -0.250903 -0.262839 -0.27408 -0.280695 -0.282314 -0.279231 -0.271999 -0.260808 -0.245551 -0.22721 -0.207373 -0.186587 -0.164934 -0.142551 -0.119843 -0.0979832 -0.0779951
0.222323 0.248956 0.267904 0.277833 0.279787 0.275011 0.266086 0.259562 0.258127 0.254954 0.243483 0.219756 0.192591 0.181072 0.187805 0.204321 0.219153 0.222581 0.217596 0.208142 0.191214 0.164317 0.128106 0.0837726 0.0330601 -0.0171515 -0.0565508 -0.0831169 -0.099623 -0.10913 -0.114838 -0.120138 -0.127097 -0.134391 -0.142017 -0.15296 -0.169386 -0.191842 -0.215081 -0.230696 -0.240014 -0.248732 -0.259382 -0.272113 -0.282583 -0.287293 -0.28672 -0.281398 -0.271189 -0.256489 -0.238306 -0.217956 -0.196767 -0.174734 -0.151402 -0.12706 -0.102478 -0.0792164 -0.0584144
0.228605 0.25657 0.277921 0.290316 0.293504 0.288955 0.279637 0.27154 0.267774 0.264278 0.255106 0.233595 0.206549 0.192164 0.194989 0.209759 0.224841 0.228634 0.220971 0.203953 0.177367 0.141413 0.0978046 0.0492738 -0.00023361 -0.0440735 -0.0742889 -0.0915787 -0.101269 -0.106945 -0.111467 -0.117483 -0.126107 -0.134817 -0.144231 -0.160823 -0.184675 -0.208335 -0.226779 -0.237874 -0.245933 -0.257142 -0.270496 -0.282718 -0.290945 -0.29333 -0.290083 -0.281437 -0.26731 -0.248824 -0.228247 -0.206776 -0.184722 -0.161411 -0.136063 -0.109438 -0.082899 -0.0582379 -0.0367168
0.235346 0.263015 0.285405 0.299454 0.303574 0.299292 0.289813 0.280628 0.275069 0.271055 0.263439 0.244404 0.218986 0.203418 0.203104 0.215108 0.227994 0.229082 0.215512 0.188316 0.15194 0.110202 0.0647342 0.0184238 -0.0240012 -0.0578962 -0.079407 -0.0907781 -0.0973537 -0.102462 -0.108386 -0.116343 -0.12664 -0.138011 -0.151943 -0.17453 -0.202652 -0.223256 -0.234534 -0.243288 -0.254029 -0.268848 -0.283663 -0.293627 -0.298216 -0.297458 -0.290574 -0.277451 -0.259162 -0.237737 -0.215892 -0.194085 -0.17123 -0.146288 -0.118686 -0.0898856 -0.0619002 -0.0366092 -0.0153715
0.241875 0.268366 0.290699 0.305492 0.310154 0.306144 0.296755 0.28713 0.280788 0.277073 0.271134 0.253721 0.229029 0.213109 0.211121 0.219828 0.227502 0.221297 0.198681 0.16224 0.120971 0.0805971 0.0388965 -0.00282295 -0.0380225 -0.0632453 -0.0782509 -0.0863163 -0.0923074 -0.0990212 -0.107853 -0.117808 -0.128823 -0.144528 -0.166573 -0.192336 -0.216678 -0.232704 -0.242202 -0.252911 -0.266959 -0.282927 -0.296063 -0.302091 -0.302078 -0.297069 -0.285584 -0.267681 -0.246185 -0.223654 -0.201949 -0.180251 -0.156169 -0.128933 -0.0989453 -0.0686131 -0.0406701 -0.0170615 0.00110942
0.247523 0.272592 0.294186 0.308972 0.313863 0.310118 0.300987 0.291797 0.286196 0.283445 0.278294 0.260754 0.235453 0.219743 0.217228 0.221721 0.221449 0.205109 0.173327 0.131755 0.0909902 0.0561417 0.0208519 -0.0153578 -0.0444811 -0.0636154 -0.0747628 -0.0817244 -0.0888279 -0.097962 -0.109462 -0.121209 -0.133574 -0.154461 -0.184447 -0.210454 -0.227369 -0.240252 -0.252881 -0.267313 -0.282543 -0.295934 -0.304283 -0.305311 -0.300503 -0.290944 -0.275104 -0.25358 -0.230549 -0.2084 -0.187279 -0.165204 -0.139236 -0.10954 -0.0779423 -0.0474583 -0.0211634 -0.00125202 0.0116897
0.251718 0.275615 0.296271 0.310619 0.315611 0.312143 0.303368 0.295702 0.292675 0.290529 0.283186 0.263283 0.237128 0.222334 0.219415 0.21791 0.207883 0.182335 0.145703 0.105286 0.0676832 0.0355958 0.00492235 -0.0244102 -0.0468576 -0.0613471 -0.0708828 -0.0788077 -0.0881256 -0.0990683 -0.111119 -0.124854 -0.142196 -0.167663 -0.199384 -0.224672 -0.240154 -0.25361 -0.268157 -0.282806 -0.295287 -0.303023 -0.304967 -0.300968 -0.292177 -0.279236 -0.261091 -0.238641 -0.215896 -0.194337 -0.172606 -0.148578 -0.12018 -0.0889169 -0.0577929 -0.0292475 -0.00568657 0.0100988 0.0179419
0.254486 0.277604 0.297368 0.311067 0.316061 0.313136 0.305412 0.300024 0.299718 0.296674 0.284598 0.261582 0.235702 0.222385 0.218338 0.209416 0.189182 0.156439 0.118377 0.0821795 0.0486691 0.0180117 -0.00881182 -0.0307353 -0.0468222 -0.0582925 -0.06807 -0.0781268 -0.0894999 -0.101014 -0.112234 -0.128706 -0.154217 -0.184603 -0.214497 -0.238702 -0.256181 -0.270376 -0.282947 -0.293804 -0.300957 -0.302079 -0.298067 -0.290477 -0.279467 -0.264801 -0.246062 -0.224181 -0.202019 -0.180129 -0.156647 -0.130189 -0.100181 -0.069121 -0.0404241 -0.0153126 0.00497905 0.0172593 0.0216952
0.256162 0.278857 0.297886 0.310893 0.315838 0.314004 0.308577 0.305477 0.305761 0.299526 0.281954 0.257273 0.2339 0.222062 0.215278 0.198367 0.16896 0.130988 0.0921366 0.0585251 0.0290944 0.00301726 -0.0178741 -0.033332 -0.0454193 -0.0561987 -0.0674508 -0.0793725 -0.0912518 -0.102261 -0.113596 -0.13436 -0.169008 -0.205792 -0.235655 -0.258066 -0.273698 -0.283741 -0.290201 -0.295234 -0.297134 -0.293172 -0.28556 -0.276956 -0.265974 -0.251054 -0.232179 -0.210261 -0.187203 -0.163467 -0.138034 -0.110503 -0.0812055 -0.0524808 -0.0271023 -0.00563525 0.0113268 0.0211699 0.0245418
0.257171 0.279748 0.298165 0.310626 0.315959 0.315654 0.312412 0.310157 0.308537 0.298112 0.276526 0.252596 0.232999 0.220716 0.208067 0.182765 0.146369 0.106048 0.0679929 0.0365292 0.0115405 -0.00779691 -0.0222257 -0.0336102 -0.045076 -0.0574312 -0.0695317 -0.0807839 -0.09125 -0.102861 -0.119211 -0.147597 -0.189584 -0.230388 -0.25952 -0.277705 -0.286984 -0.289759 -0.289353 -0.289162 -0.287379 -0.280672 -0.271564 -0.262961 -0.252449 -0.237605 -0.218512 -0.196039 -0.171705 -0.146317 -0.119946 -0.0928826 -0.0656828 -0.0396077 -0.016224 0.00294897 0.0165686 0.0238018 0.0263574
0.257818 0.280502 0.298479 0.310769 0.317206 0.318393 0.315663 0.311875 0.306694 0.29279 0.270019 0.248926 0.232687 0.216732 0.194799 0.161255 0.120819 0.0815342 0.0470719 0.0194845 -0.000385183 -0.0134816 -0.0236348 -0.0343515 -0.0480941 -0.062852 -0.0735119 -0.0807526 -0.0889221 -0.104419 -0.132651 -0.172327 -0.217753 -0.256364 -0.280158 -0.290441 -0.290935 -0.286978 -0.28247 -0.279641 -0.276269 -0.268895 -0.259341 -0.24991 -0.238573 -0.223252 -0.203813 -0.18101 -0.156502 -0.131288 -0.105647 -0.0799837 -0.0547442 -0.029899 -0.00599053 0.012734 0.0227705 0.0261509 0.0264526
0.257913 0.280759 0.298968 0.311784 0.319126 0.320541 0.316442 0.3103 0.302636 0.286856 0.263599 0.24412 0.228925 0.208288 0.178122 0.138995 0.0973117 0.0605794 0.0306191 0.00775052 -0.00760976 -0.0173005 -0.0272414 -0.0402886 -0.0548714 -0.0676879 -0.0749263 -0.0797204 -0.0893113 -0.111976 -0.152625 -0.201822 -0.247426 -0.279214 -0.29287 -0.293346 -0.286718 -0.279126 -0.273429 -0.269699 -0.26538 -0.257419 -0.247039 -0.236064 -0.223537 -0.208141 -0.189087 -0.166711 -0.142866 -0.118554 -0.0938265 -0.0690554 -0.0447441 -0.0205647 0.00299055 0.0197961 0.02533 0.0249004 0.0240991
0.257555 0.280576 0.299753 0.313537 0.320629 0.320384 0.313738 0.305947 0.29828 0.282278 0.257721 0.236756 0.219571 0.195108 0.160717 0.119798 0.079 0.0450063 0.0189151 5.16484E-05 -0.0129921 -0.023276 -0.0364883 -0.0523946 -0.0634649 -0.0684642 -0.0719153 -0.0793049 -0.0964599 -0.12858 -0.177053 -0.229544 -0.272001 -0.294416 -0.295506 -0.287197 -0.277878 -0.270461 -0.265302 -0.260927 -0.25489 -0.244973 -0.232665 -0.220051 -0.207041 -0.192698 -0.175255 -0.154279 -0.131438 -0.107664 -0.0830258 -0.0580843 -0.0337454 -0.0107962 0.00923251 0.0210474 0.0217984 0.0193292 0.0204329
0.25768 0.281152 0.300963 0.314619 0.319799 0.317043 0.308743 0.300335 0.292778 0.276821 0.251528 0.228559 0.208258 0.18034 0.143266 0.101632 0.0625276 0.0323426 0.0100642 -0.00713028 -0.0215087 -0.0351028 -0.0495741 -0.0626554 -0.0677845 -0.0670889 -0.0699131 -0.0827357 -0.1097 -0.151396 -0.204303 -0.254158 -0.287388 -0.298631 -0.290938 -0.278887 -0.27025 -0.264004 -0.25856 -0.252239 -0.243302 -0.230593 -0.216233 -0.202715 -0.190104 -0.177337 -0.162037 -0.143064 -0.121373 -0.0979256 -0.0735314 -0.0490823 -0.0256351 -0.00501948 0.0104758 0.0180427 0.0173865 0.016236 0.0205956
0.258763 0.282731 0.301989 0.313689 0.315668 0.310828 0.303105 0.294801 0.285232 0.268379 0.244045 0.220489 0.197138 0.16539 0.125472 0.083535 0.0468326 0.0207894 0.00106429 -0.0176511 -0.0359607 -0.0523668 -0.0630838 -0.0669272 -0.0663645 -0.0661708 -0.0728067 -0.0921473 -0.128369 -0.177585 -0.231083 -0.273184 -0.292641 -0.293409 -0.283405 -0.273014 -0.266268 -0.259967 -0.25215 -0.242101 -0.229323 -0.213868 -0.198222 -0.184843 -0.173331 -0.16224 -0.149169 -0.132519 -0.112128 -0.0891127 -0.0656738 -0.0430244 -0.0218652 -0.00431492 0.00737043 0.0133295 0.015422 0.0185588 0.0260718
0.260419 0.283943 0.301174 0.309791 0.308846 0.303603 0.298598 0.290121 0.275253 0.255998 0.234453 0.211802 0.185115 0.148561 0.106129 0.067205 0.0352543 0.010234 -0.012202 -0.0352175 -0.055433 -0.0688281 -0.0724332 -0.0684541 -0.0651917 -0.0682397 -0.0807784 -0.107681 -0.152548 -0.20528 -0.251718 -0.281736 -0.290986 -0.287053 -0.27801 -0.269579 -0.262972 -0.254761 -0.243371 -0.228912 -0.212349 -0.195168 -0.179423 -0.166716 -0.156479 -0.14725 -0.136632 -0.12258 -0.103866 -0.0816976 -0.0594809 -0.0385918 -0.0192654 -0.00398573 0.00483083 0.00991801 0.0149994 0.0222054 0.032289
0.261843 0.283547 0.297596 0.303049 0.300709 0.296578 0.294229 0.284674 0.263737 0.242011 0.223751 0.202087 0.171788 0.130811 0.0872979 0.0534856 0.0261907 -0.00238162 -0.0318812 -0.0586829 -0.0762378 -0.0812218 -0.0772215 -0.0700956 -0.0674409 -0.0742537 -0.0932985 -0.127727 -0.178239 -0.229222 -0.263506 -0.281282 -0.286745 -0.283658 -0.275821 -0.267084 -0.258233 -0.246737 -0.231471 -0.212755 -0.193077 -0.175546 -0.160835 -0.148836 -0.139546 -0.132167 -0.124102 -0.112776 -0.0961468 -0.0753076 -0.0542466 -0.0345077 -0.0162602 -0.00241086 0.00439429 0.00861796 0.0152906 0.0248405 0.036378
0.2619 0.280627 0.291219 0.294609 0.293101 0.290079 0.286522 0.274857 0.252693 0.23151 0.214502 0.191423 0.157744 0.115733 0.0738563 0.0418983 0.0130206 -0.0226201 -0.0576444 -0.0822033 -0.0926378 -0.0898619 -0.0812043 -0.0736513 -0.0728608 -0.0835535 -0.10927 -0.149038 -0.19784 -0.24154 -0.267198 -0.279452 -0.284572 -0.282403 -0.273843 -0.263024 -0.251272 -0.236534 -0.217801 -0.195423 -0.173443 -0.156607 -0.143545 -0.131894 -0.122823 -0.116778 -0.110944 -0.102226 -0.0879033 -0.068703 -0.0486226 -0.0298028 -0.0132306 -0.00138552 0.00401677 0.00807589 0.0158779 0.0264192 0.0376927
0.259764 0.275142 0.282856 0.285379 0.285717 0.283083 0.275614 0.261761 0.242557 0.224078 0.206251 0.18006 0.143901 0.103609 0.0641789 0.0287462 -0.00745239 -0.0488244 -0.0839384 -0.101744 -0.104256 -0.0968055 -0.0866269 -0.0798364 -0.0809393 -0.0948152 -0.125716 -0.167896 -0.21043 -0.245204 -0.267186 -0.279057 -0.283761 -0.280322 -0.269618 -0.256447 -0.242432 -0.225339 -0.204033 -0.178925 -0.155289 -0.139128 -0.127353 -0.115731 -0.106398 -0.100942 -0.0967416 -0.0904153 -0.078455 -0.0610663 -0.0421065 -0.024533 -0.0104722 -0.00120042 0.00335813 0.00786335 0.0162997 0.0265523 0.0360593
0.254919 0.267598 0.273726 0.27599 0.277018 0.27399 0.264037 0.249371 0.232743 0.215887 0.196693 0.168297 0.131157 0.0923167 0.0525619 0.00932718 -0.0347666 -0.0745041 -0.102941 -0.115321 -0.114306 -0.104984 -0.0944979 -0.0885789 -0.0909884 -0.106347 -0.13888 -0.180934 -0.219468 -0.24942 -0.269222 -0.279225 -0.280331 -0.273699 -0.261535 -0.247603 -0.232758 -0.21455 -0.191829 -0.165156 -0.140195 -0.123357 -0.111403 -0.0997692 -0.0902856 -0.0846681 -0.0813457 -0.0771605 -0.0674531 -0.0519335 -0.0347427 -0.0192891 -0.00802796 -0.000983833 0.00331459 0.00824142 0.0161677 0.0247594 0.031741
0.247548 0.258216 0.263919 0.266486 0.267298 0.263635 0.253192 0.238901 0.223368 0.206375 0.185498 0.15603 0.118777 0.0792709 0.036674 -0.0123117 -0.059571 -0.0944525 -0.116123 -0.126098 -0.125033 -0.115736 -0.105198 -0.0992089 -0.10156 -0.116738 -0.148711 -0.189605 -0.226264 -0.253956 -0.271282 -0.277462 -0.273306 -0.263173 -0.250735 -0.237575 -0.223126 -0.204774 -0.181568 -0.154409 -0.128561 -0.109964 -0.0965302 -0.0847211 -0.0751184 -0.0687238 -0.0654826 -0.0628293 -0.0549282 -0.0411447 -0.0262001 -0.0134749 -0.00490485 0.000394746 0.00453173 0.00942518 0.0159726 0.0221671 0.0263738
0.23812 0.247185 0.253152 0.25667 0.257489 0.253577 0.243572 0.229931 0.214469 0.196141 0.173082 0.142894 0.105449 0.0627782 0.0170399 -0.0292963 -0.0718385 -0.105849 -0.128582 -0.138807 -0.138039 -0.129473 -0.11852 -0.110631 -0.111019 -0.124981 -0.156564 -0.196765 -0.230974 -0.255138 -0.268959 -0.271337 -0.263215 -0.251048 -0.239278 -0.2276 -0.214191 -0.196194 -0.173031 -0.146223 -0.120178 -0.0997198 -0.0842676 -0.0718376 -0.0617838 -0.0542338 -0.0503372 -0.0481515 -0.0412168 -0.0287992 -0.0160803 -0.00607536 0.000159998 0.00394325 0.0074069 0.0115472 0.0164208 0.0202653 0.0217702
0.226909 0.235184 0.241854 0.246471 0.247444 0.243438 0.233892 0.220417 0.204085 0.183984 0.159017 0.12818 0.0906831 0.0463885 0.000313449 -0.0405517 -0.0778358 -0.11434 -0.142232 -0.154448 -0.154126 -0.145695 -0.132766 -0.12099 -0.118516 -0.131364 -0.162322 -0.201363 -0.233166 -0.253855 -0.263664 -0.262137 -0.251034 -0.23798 -0.227561 -0.217856 -0.205948 -0.188693 -0.165956 -0.140024 -0.114487 -0.0929458 -0.0757423 -0.0620901 -0.0510497 -0.0423774 -0.0373836 -0.0344011 -0.0273042 -0.0155887 -0.00451725 0.00329093 0.00744565 0.00955377 0.0117479 0.0144738 0.0173116 0.0187317 0.0175684
0.214506 0.223032 0.230458 0.235673 0.236621 0.232298 0.22246 0.208211 0.190419 0.168905 0.143025 0.111731 0.074994 0.0339568 -0.00808808 -0.0473756 -0.0859858 -0.125822 -0.157387 -0.172098 -0.172557 -0.162763 -0.145845 -0.12891 -0.123746 -0.136064 -0.165313 -0.201876 -0.232436 -0.251581 -0.257613 -0.251724 -0.23774 -0.224242 -0.215639 -0.208275 -0.198139 -0.181916 -0.159908 -0.135141 -0.110758 -0.0894554 -0.0713864 -0.0560369 -0.0434882 -0.0339695 -0.0277159 -0.0228372 -0.0145133 -0.00273433 0.00765859 0.0142348 0.0166492 0.0168615 0.0173499 0.0182098 0.0186248 0.0171482 0.0128168
