data_raster/melanesia/PNMC_current_2021/202106_North.grd
DSAA																																																																																																																																																																																																																																																																																																																																																																																																																											
412	268																																																																																																																																																																																																																																																																																																																																																																																																																										
156	174.5																																																																																																																																																																																																																																																																																																																																																																																																																										
-26.5	-14.5																																																																																																																																																																																																																																																																																																																																																																																																																										
-0.406378	0.380601																																																																																																																																																																																																																																																																																																																																																																																																																										
[rows 234 to 259 of 268, columns 295 to 353 of 412]
-0.162772 -0.173179 -0.181519 -0.186368 -0.187207 -0.186117 -0.185155 -0.18381 -0.181492 -0.178476 -0.174997 -0.171083 -0.166854 -0.162541 -0.158548 -0.155324 -0.152901 -0.151118 -0.149743 -0.148549 -0.147377 -0.146258 -0.145537 -0.145227 -0.144874 -0.143699 -0.140792 -0.136336 -0.1311 -0.125619 -0.120245 -0.114943 -0.109651 -0.10446 -0.0994262 -0.0945144 -0.0897061 -0.0850152 -0.0805328 -0.0763785 -0.0724279 -0.0684659 -0.0644511 -0.0603841 -0.0562111 -0.0519329 -0.047695 -0.0435347 -0.0393047 -0.0349386 -0.0304685 -0.0259589 -0.0214923 -0.0171418 -0.0129314 -0.00867554 -0.00427679 -8.92339E-05 0.00344606
-0.153672 -0.165934 -0.176422 -0.183362 -0.185844 -0.185714 -0.185009 -0.183715 -0.181663 -0.17918 -0.176412 -0.173176 -0.169351 -0.16495 -0.160537 -0.15693 -0.154307 -0.152569 -0.1516 -0.151188 -0.150866 -0.150407 -0.150092 -0.149875 -0.149241 -0.147612 -0.144455 -0.139897 -0.134447 -0.128669 -0.122994 -0.117256 -0.111291 -0.105296 -0.0995094 -0.0941393 -0.089207 -0.0845409 -0.08012 -0.0760332 -0.0722701 -0.068746 -0.0652561 -0.0616046 -0.0577601 -0.0537935 -0.0499195 -0.0461325 -0.0420832 -0.0376769 -0.0330988 -0.0285133 -0.0240413 -0.019647 -0.0152299 -0.0107162 -0.00614733 -0.00188831 0.00164973
-0.145636 -0.159288 -0.171382 -0.180103 -0.1843 -0.185325 -0.184922 -0.183661 -0.18187 -0.179846 -0.177614 -0.174834 -0.171252 -0.166784 -0.162137 -0.158392 -0.155839 -0.154408 -0.153933 -0.154108 -0.154317 -0.154199 -0.153963 -0.153625 -0.15287 -0.151176 -0.147944 -0.143317 -0.137852 -0.132043 -0.126213 -0.120119 -0.113571 -0.106851 -0.100298 -0.0942208 -0.0887348 -0.0837491 -0.0792944 -0.0754739 -0.0721601 -0.0690949 -0.0659552 -0.0625071 -0.0588933 -0.0552804 -0.0517083 -0.0480605 -0.0440267 -0.0395649 -0.0349147 -0.0302823 -0.0258059 -0.0213512 -0.0167201 -0.0119933 -0.00737485 -0.00319302 0.000211265
-0.138456 -0.152943 -0.16609 -0.176233 -0.182172 -0.184564 -0.184615 -0.183467 -0.181947 -0.18025 -0.178306 -0.175792 -0.172427 -0.168073 -0.163488 -0.159872 -0.157581 -0.15655 -0.156445 -0.156822 -0.157142 -0.157079 -0.15674 -0.156242 -0.155624 -0.154271 -0.151153 -0.146492 -0.141146 -0.135485 -0.129612 -0.12329 -0.116374 -0.109153 -0.101946 -0.0950218 -0.0886273 -0.0829942 -0.0783677 -0.0749324 -0.072266 -0.069697 -0.0668572 -0.0636139 -0.0602897 -0.0570947 -0.0537774 -0.0501161 -0.0460301 -0.0415858 -0.0369846 -0.0324135 -0.0280031 -0.0235612 -0.0188414 -0.0140271 -0.00942649 -0.00534274 -0.0020629
-0.131934 -0.14652 -0.16026 -0.17164 -0.179252 -0.183105 -0.183881 -0.183018 -0.181659 -0.180029 -0.178162 -0.175969 -0.173147 -0.169298 -0.165076 -0.161681 -0.159522 -0.158578 -0.158427 -0.158608 -0.158857 -0.158982 -0.15887 -0.158567 -0.158257 -0.157302 -0.154504 -0.150033 -0.144763 -0.139124 -0.133265 -0.126917 -0.119881 -0.112378 -0.104673 -0.0969984 -0.0897085 -0.0832919 -0.0781762 -0.0746488 -0.0722306 -0.0701236 -0.0678867 -0.0653023 -0.0625084 -0.0596088 -0.0564662 -0.0529436 -0.04896 -0.0446153 -0.0401764 -0.0358028 -0.0315458 -0.0272333 -0.0226645 -0.0179762 -0.0134364 -0.00941028 -0.00619119
-0.125824 -0.13993 -0.153879 -0.166281 -0.175411 -0.180733 -0.18247 -0.182071 -0.180799 -0.179042 -0.177118 -0.175356 -0.173405 -0.170387 -0.166716 -0.163532 -0.161299 -0.160097 -0.159587 -0.159418 -0.159524 -0.159832 -0.160175 -0.160467 -0.160689 -0.160175 -0.157825 -0.153706 -0.148531 -0.142883 -0.137121 -0.130928 -0.123989 -0.116389 -0.108332 -0.100118 -0.0921492 -0.0849316 -0.0789909 -0.0747811 -0.0720612 -0.070242 -0.0687478 -0.0670799 -0.064985 -0.0623861 -0.0594773 -0.0562949 -0.0526013 -0.0484614 -0.0442479 -0.0401179 -0.0360591 -0.0319493 -0.0276532 -0.0232008 -0.01876 -0.0147677 -0.0115299
-0.119926 -0.133309 -0.147141 -0.160197 -0.170609 -0.17735 -0.180159 -0.180362 -0.17924 -0.177343 -0.175321 -0.174023 -0.173046 -0.170946 -0.167849 -0.16482 -0.162392 -0.160796 -0.159933 -0.159589 -0.15949 -0.159569 -0.160157 -0.161244 -0.162327 -0.162484 -0.160599 -0.156809 -0.151927 -0.146557 -0.141051 -0.135127 -0.128439 -0.12088 -0.112593 -0.104073 -0.0957056 -0.0877419 -0.080753 -0.0754837 -0.0720517 -0.07017 -0.0690998 -0.068058 -0.0666185 -0.0645972 -0.0621762 -0.0594089 -0.0560979 -0.0522937 -0.0483054 -0.0443256 -0.0404335 -0.0365076 -0.0323797 -0.0280844 -0.023786 -0.0198593 -0.0165376
-0.114579 -0.127048 -0.140409 -0.153686 -0.165083 -0.173151 -0.17713 -0.178111 -0.17729 -0.175344 -0.17323 -0.172297 -0.172156 -0.170924 -0.168397 -0.165441 -0.162735 -0.160771 -0.15959 -0.159018 -0.158622 -0.158381 -0.159097 -0.160889 -0.162907 -0.163929 -0.162634 -0.159268 -0.154883 -0.150053 -0.145029 -0.139546 -0.133248 -0.12587 -0.117519 -0.108869 -0.100277 -0.091724 -0.0837469 -0.077265 -0.072763 -0.0703384 -0.0692274 -0.0684993 -0.0676248 -0.0662764 -0.0643844 -0.0619452 -0.0590025 -0.05562 -0.0518865 -0.0480017 -0.0441969 -0.0403867 -0.0363907 -0.032256 -0.028135 -0.0242946 -0.0208886
-0.11019 -0.121552 -0.134068 -0.147129 -0.159178 -0.168451 -0.17373 -0.175718 -0.175392 -0.173536 -0.171353 -0.170565 -0.170919 -0.170415 -0.168472 -0.165516 -0.162478 -0.160249 -0.158697 -0.157521 -0.156729 -0.156548 -0.157498 -0.159624 -0.16231 -0.164263 -0.163847 -0.161219 -0.15748 -0.153299 -0.148996 -0.144196 -0.138432 -0.13141 -0.123228 -0.114564 -0.105785 -0.0968837 -0.0882592 -0.0806383 -0.0747875 -0.0712906 -0.069671 -0.0690933 -0.0686972 -0.0678094 -0.0661877 -0.0638623 -0.0611698 -0.0581961 -0.0547755 -0.0510216 -0.0472185 -0.0434492 -0.0396911 -0.0358599 -0.0319409 -0.0281835 -0.0247604
-0.106405 -0.116768 -0.128274 -0.140775 -0.153172 -0.163538 -0.170253 -0.17345 -0.173747 -0.17207 -0.169832 -0.168975 -0.169466 -0.169482 -0.168106 -0.165213 -0.161857 -0.159256 -0.157215 -0.155424 -0.154317 -0.154266 -0.155296 -0.15738 -0.160418 -0.163247 -0.163992 -0.162499 -0.159595 -0.156094 -0.152549 -0.148532 -0.143475 -0.137059 -0.129321 -0.120825 -0.111962 -0.102888 -0.0938989 -0.0854437 -0.0783471 -0.073473 -0.0708983 -0.0701924 -0.0700863 -0.069466 -0.0679605 -0.0656291 -0.0630019 -0.0602165 -0.057005 -0.053399 -0.0496406 -0.0459385 -0.0424181 -0.038895 -0.0352147 -0.0315877 -0.0281931
-0.102928 -0.112603 -0.123125 -0.134851 -0.147345 -0.158687 -0.166929 -0.171482 -0.172483 -0.171035 -0.16874 -0.167628 -0.167934 -0.168213 -0.167327 -0.16461 -0.160983 -0.157768 -0.155148 -0.153098 -0.151873 -0.151644 -0.15235 -0.154111 -0.157236 -0.160776 -0.162855 -0.162851 -0.160983 -0.158155 -0.155231 -0.151939 -0.147754 -0.142211 -0.135192 -0.127129 -0.118405 -0.109296 -0.100124 -0.0912747 -0.0833594 -0.0771013 -0.0732321 -0.0719777 -0.0718359 -0.0713451 -0.0699542 -0.0676277 -0.0648971 -0.0619806 -0.0587514 -0.0552587 -0.0516763 -0.0481444 -0.0447475 -0.0413879 -0.0379648 -0.0345315 -0.0311648
-0.100269 -0.109213 -0.11874 -0.129644 -0.142044 -0.154152 -0.163848 -0.169831 -0.171704 -0.170614 -0.168247 -0.166694 -0.166519 -0.166798 -0.166203 -0.163498 -0.159527 -0.155782 -0.152768 -0.150629 -0.149256 -0.148592 -0.148761 -0.150102 -0.153126 -0.157131 -0.160453 -0.161992 -0.161225 -0.159078 -0.156705 -0.154069 -0.150767 -0.146188 -0.140061 -0.132714 -0.124477 -0.115624 -0.106511 -0.0975617 -0.0891592 -0.0817949 -0.0766286 -0.0744115 -0.0737532 -0.0731426 -0.0718194 -0.069562 -0.0667871 -0.0637302 -0.0604033 -0.056936 -0.0535206 -0.0501776 -0.0468597 -0.0435681 -0.0402964 -0.0369729 -0.0335884
-0.0989111 -0.106835 -0.115283 -0.125357 -0.137466 -0.150034 -0.160949 -0.168326 -0.171247 -0.170696 -0.168296 -0.166168 -0.16526 -0.165278 -0.164737 -0.161827 -0.157482 -0.153488 -0.150339 -0.148066 -0.146392 -0.145214 -0.144841 -0.145749 -0.148509 -0.152674 -0.156923 -0.159789 -0.160076 -0.158655 -0.15686 -0.154859 -0.152375 -0.148737 -0.143591 -0.137209 -0.129825 -0.121575 -0.112772 -0.103848 -0.0951487 -0.0871111 -0.0809009 -0.0773998 -0.0756996 -0.0746201 -0.0732306 -0.071103 -0.0684958 -0.0655369 -0.0621879 -0.0586592 -0.0552865 -0.0520501 -0.0488 -0.0455362 -0.0422719 -0.0389285 -0.0354995
-0.0989845 -0.105767 -0.112989 -0.12201 -0.1335 -0.146152 -0.157941 -0.166497 -0.170437 -0.170572 -0.168347 -0.165689 -0.163875 -0.16338 -0.162794 -0.159961 -0.155609 -0.151429 -0.148011 -0.145488 -0.143555 -0.142049 -0.141212 -0.14155 -0.14379 -0.147782 -0.152548 -0.156406 -0.157682 -0.157092 -0.155984 -0.154698 -0.153094 -0.150449 -0.146355 -0.14107 -0.134718 -0.127231 -0.118828 -0.109957 -0.101074 -0.0927028 -0.0857178 -0.0808198 -0.0777304 -0.0758163 -0.0741278 -0.0721024 -0.0698059 -0.067163 -0.0639436 -0.0603752 -0.056938 -0.0536513 -0.0503603 -0.0470817 -0.0438434 -0.0405545 -0.0371946
-0.100134 -0.105842 -0.111794 -0.119559 -0.130149 -0.142547 -0.154834 -0.164219 -0.168947 -0.16976 -0.167904 -0.164896 -0.162224 -0.161124 -0.160513 -0.158189 -0.154288 -0.149899 -0.145944 -0.14301 -0.140879 -0.139276 -0.138099 -0.137765 -0.139264 -0.142758 -0.147575 -0.152004 -0.154146 -0.154474 -0.154165 -0.153709 -0.153105 -0.151555 -0.148587 -0.144457 -0.139197 -0.132538 -0.12462 -0.115914 -0.106988 -0.0984466 -0.0908474 -0.0846593 -0.0801042 -0.0770544 -0.0747301 -0.0725931 -0.0705808 -0.0683958 -0.0655199 -0.0620774 -0.0585808 -0.0551401 -0.0517105 -0.0483903 -0.0452465 -0.0421246 -0.0389403
-0.101437 -0.106285 -0.111226 -0.117894 -0.127592 -0.139573 -0.152038 -0.161851 -0.166978 -0.168187 -0.166626 -0.163507 -0.160393 -0.158949 -0.158389 -0.156632 -0.153285 -0.148819 -0.14434 -0.140807 -0.138287 -0.136557 -0.135163 -0.134322 -0.135072 -0.137802 -0.14219 -0.146703 -0.149474 -0.150681 -0.151193 -0.151614 -0.152076 -0.151706 -0.149952 -0.147034 -0.142916 -0.137224 -0.130071 -0.121941 -0.113266 -0.104483 -0.0962117 -0.0890474 -0.0832953 -0.0789689 -0.0755753 -0.0728246 -0.0708036 -0.0690988 -0.0668252 -0.063842 -0.0605056 -0.0570204 -0.0535236 -0.0501804 -0.0470751 -0.0440229 -0.0409099
-0.102363 -0.106527 -0.110805 -0.116694 -0.125604 -0.137055 -0.149429 -0.159387 -0.164698 -0.166108 -0.164732 -0.161703 -0.158557 -0.156997 -0.156479 -0.155193 -0.152446 -0.148241 -0.143524 -0.139312 -0.13608 -0.133882 -0.13218 -0.131011 -0.131175 -0.133103 -0.136756 -0.140932 -0.144032 -0.145952 -0.147199 -0.148457 -0.149977 -0.150824 -0.150358 -0.14872 -0.145808 -0.141204 -0.135043 -0.127839 -0.119695 -0.110673 -0.101753 -0.0939493 -0.0873512 -0.0818055 -0.0770595 -0.0731625 -0.0705952 -0.0690614 -0.0674959 -0.0653655 -0.0625624 -0.0592925 -0.0558768 -0.0525254 -0.0493391 -0.0461882 -0.0429989
-0.1028 -0.106258 -0.110097 -0.115476 -0.123626 -0.134371 -0.146441 -0.156504 -0.1622 -0.164006 -0.162893 -0.160043 -0.156933 -0.15514 -0.154458 -0.153609 -0.151715 -0.148297 -0.143842 -0.139105 -0.134866 -0.131584 -0.129127 -0.127591 -0.127418 -0.128828 -0.131757 -0.135355 -0.138478 -0.14084 -0.142629 -0.144595 -0.147085 -0.149109 -0.149947 -0.149659 -0.148035 -0.144535 -0.139327 -0.133037 -0.125547 -0.116621 -0.107414 -0.0991786 -0.0919388 -0.085442 -0.0794174 -0.07406 -0.0702249 -0.0680721 -0.0669867 -0.0660302 -0.0642008 -0.0614857 -0.0582938 -0.0549137 -0.0515393 -0.048191 -0.0448904
-0.102992 -0.105624 -0.109042 -0.114011 -0.121442 -0.13144 -0.143122 -0.153278 -0.159493 -0.161925 -0.161308 -0.158747 -0.155613 -0.153394 -0.152347 -0.151883 -0.150946 -0.14853 -0.144671 -0.139806 -0.134703 -0.13011 -0.126623 -0.124587 -0.124049 -0.124967 -0.127192 -0.130154 -0.133108 -0.135689 -0.137875 -0.140409 -0.143666 -0.146665 -0.14866 -0.149635 -0.149269 -0.146882 -0.142629 -0.137202 -0.130451 -0.122046 -0.113029 -0.104593 -0.0968942 -0.0897496 -0.0827257 -0.0759297 -0.0703089 -0.0666658 -0.0654615 -0.0655565 -0.0649433 -0.0631511 -0.0604307 -0.0571239 -0.0535681 -0.0500085 -0.0466094
-0.103355 -0.105033 -0.10783 -0.112274 -0.119078 -0.1285 -0.139867 -0.150025 -0.156578 -0.159689 -0.159889 -0.157815 -0.154625 -0.151886 -0.150373 -0.150155 -0.149939 -0.148214 -0.144951 -0.140513 -0.13524 -0.129802 -0.12546 -0.122794 -0.121481 -0.121456 -0.122861 -0.12528 -0.128028 -0.130722 -0.13327 -0.136254 -0.139964 -0.143555 -0.146365 -0.148301 -0.149 -0.147784 -0.144689 -0.140227 -0.134324 -0.126784 -0.118393 -0.110083 -0.102164 -0.0946077 -0.0869489 -0.0790922 -0.0716122 -0.06584 -0.0635916 -0.0639702 -0.0644232 -0.0638649 -0.0620017 -0.0590817 -0.0555329 -0.0518485 -0.0483717
-0.104027 -0.104827 -0.106847 -0.110561 -0.116719 -0.125672 -0.136818 -0.146966 -0.153741 -0.157494 -0.158632 -0.157213 -0.154083 -0.15082 -0.148677 -0.148378 -0.148535 -0.147292 -0.144604 -0.140771 -0.1357 -0.129882 -0.124977 -0.121716 -0.119569 -0.11857 -0.119209 -0.121133 -0.123577 -0.126223 -0.129018 -0.13229 -0.136161 -0.140008 -0.143319 -0.145941 -0.147542 -0.147583 -0.145874 -0.142496 -0.137493 -0.13097 -0.123458 -0.115566 -0.107681 -0.0999225 -0.0919258 -0.083433 -0.0745025 -0.0666353 -0.0625146 -0.0619096 -0.0626612 -0.0632107 -0.0624946 -0.0604257 -0.0573069 -0.053751 -0.0502448
-0.104894 -0.105131 -0.106369 -0.109171 -0.114565 -0.123034 -0.134019 -0.144244 -0.151293 -0.155617 -0.157558 -0.156865 -0.154033 -0.150326 -0.147333 -0.146464 -0.146603 -0.145896 -0.143851 -0.140357 -0.135336 -0.129358 -0.124137 -0.120481 -0.117941 -0.116545 -0.116709 -0.118108 -0.120078 -0.122448 -0.125249 -0.128568 -0.132362 -0.136241 -0.139854 -0.143001 -0.145427 -0.146793 -0.146616 -0.144391 -0.14027 -0.134724 -0.128147 -0.120897 -0.113312 -0.105554 -0.0974063 -0.088613 -0.0789986 -0.0697527 -0.0632833 -0.0602557 -0.0599995 -0.0609593 -0.0614117 -0.0606735 -0.0585764 -0.0555801 -0.0521875
-0.105231 -0.105235 -0.10586 -0.107846 -0.112615 -0.12071 -0.131542 -0.141833 -0.149175 -0.154019 -0.156631 -0.15657 -0.154067 -0.150091 -0.146305 -0.144461 -0.144084 -0.143808 -0.142463 -0.139253 -0.134276 -0.128268 -0.122838 -0.118863 -0.116218 -0.114856 -0.114817 -0.1158 -0.117366 -0.119424 -0.121993 -0.125025 -0.128442 -0.132139 -0.135931 -0.139521 -0.142688 -0.145273 -0.146538 -0.14545 -0.142213 -0.137592 -0.131982 -0.125625 -0.118653 -0.111124 -0.102978 -0.0940948 -0.0843291 -0.0743832 -0.0657927 -0.0598643 -0.0574778 -0.0576651 -0.0587147 -0.0593288 -0.058646 -0.056751 -0.0539585
-0.104214 -0.104289 -0.104607 -0.106138 -0.110719 -0.11875 -0.129443 -0.139661 -0.147152 -0.152412 -0.155606 -0.156019 -0.153754 -0.149777 -0.145509 -0.142475 -0.141063 -0.140872 -0.140175 -0.137451 -0.132759 -0.126849 -0.12122 -0.11689 -0.114164 -0.112956 -0.112894 -0.113693 -0.115124 -0.117001 -0.119178 -0.121612 -0.124365 -0.127699 -0.131601 -0.135579 -0.139347 -0.142845 -0.145214 -0.145151 -0.142845 -0.139167 -0.134599 -0.129375 -0.123328 -0.116296 -0.10832 -0.0994545 -0.0897476 -0.0795626 -0.0696288 -0.0612992 -0.0561401 -0.0542373 -0.0548182 -0.0562311 -0.0569495 -0.0566009 -0.0551053
-0.10119 -0.101657 -0.101992 -0.103481 -0.108464 -0.116963 -0.127711 -0.137649 -0.144791 -0.150053 -0.153708 -0.154703 -0.152934 -0.149289 -0.14482 -0.140666 -0.137981 -0.137362 -0.136951 -0.134819 -0.130704 -0.12511 -0.119418 -0.114787 -0.111937 -0.110819 -0.1108 -0.111565 -0.112963 -0.114709 -0.116527 -0.118395 -0.120513 -0.123479 -0.127428 -0.131659 -0.135766 -0.139713 -0.142686 -0.143437 -0.142138 -0.139602 -0.136241 -0.132203 -0.127225 -0.121026 -0.113489 -0.104728 -0.0951587 -0.0850097 -0.0743785 -0.0643349 -0.0565276 -0.051985 -0.0510469 -0.0521575 -0.0535626 -0.0545888 -0.054743
-0.0960569 -0.0972128 -0.0978867 -0.0997584 -0.105747 -0.115266 -0.126296 -0.135695 -0.141803 -0.146424 -0.15028 -0.152067 -0.151307 -0.148444 -0.14412 -0.139191 -0.135269 -0.133661 -0.132966 -0.131389 -0.128089 -0.123062 -0.117534 -0.112732 -0.109672 -0.108456 -0.108459 -0.10928 -0.110653 -0.112265 -0.113849 -0.115385 -0.117122 -0.119828 -0.123722 -0.127998 -0.132155 -0.136105 -0.139217 -0.140564 -0.140331 -0.139164 -0.137167 -0.134264 -0.130386 -0.125316 -0.118527 -0.110029 -0.100661 -0.0906794 -0.0797668 -0.0686571 -0.0588168 -0.051752 -0.0485339 -0.0481332 -0.0491306 -0.0507921 -0.0523598
