data_raster/melanesia/PNMC_current_2021/202102_North.grd
DSAA																																																																																																																																																																																																																																																																																																																																																																																																																											
412	268																																																																																																																																																																																																																																																																																																																																																																																																																										
156	174.5																																																																																																																																																																																																																																																																																																																																																																																																																										
-26.5	-14.5																																																																																																																																																																																																																																																																																																																																																																																																																										
-0.475827	0.379428																																																																																																																																																																																																																																																																																																																																																																																																																										
[rows 0 to 25 of 268, columns 0 to 58 of 412]
0.265879 0.264058 0.258972 0.248681 0.234673 0.219261 0.205196 0.194009 0.185774 0.180475 0.178079 0.178517 0.181724 0.187799 0.196675 0.207517 0.219483 0.232104 0.244666 0.256027 0.265807 0.274396 0.281466 0.286257 0.288776 0.289415 0.288638 0.286966 0.285022 0.283236 0.281586 0.279793 0.277329 0.274244 0.271108 0.268084 0.265042 0.261644 0.257549 0.252751 0.247366 0.241583 0.235283 0.227754 0.218485 0.207294 0.194166 0.179198 0.162427 0.143703 0.121943 0.0964774 0.0695612 0.0434816 0.0188634 -0.00389435 -0.0243328 -0.0416116 -0.0545322
0.266328 0.266364 0.262947 0.25392 0.240481 0.224901 0.210332 0.198622 0.18999 0.184331 0.181373 0.181057 0.183471 0.188898 0.197403 0.208034 0.219865 0.232533 0.245393 0.257274 0.2677 0.276911 0.284429 0.289368 0.291715 0.291912 0.290597 0.288433 0.285987 0.283615 0.28128 0.278778 0.27576 0.272281 0.268765 0.265363 0.262024 0.258539 0.254625 0.249951 0.244381 0.238353 0.232024 0.224844 0.21626 0.205824 0.193484 0.179477 0.163759 0.146025 0.125445 0.101596 0.076368 0.0517048 0.0283027 0.00647067 -0.013785 -0.0318612 -0.0464938
0.266015 0.267741 0.26579 0.257816 0.244917 0.229417 0.214749 0.202922 0.194157 0.188277 0.184906 0.184014 0.185786 0.190614 0.198654 0.208993 0.22071 0.233408 0.246454 0.25877 0.269769 0.279375 0.287061 0.292051 0.294282 0.294113 0.29231 0.289675 0.28673 0.283774 0.28076 0.277527 0.273832 0.269782 0.265789 0.261963 0.258225 0.254484 0.250562 0.245907 0.240216 0.234166 0.228097 0.221408 0.213466 0.203741 0.192178 0.179071 0.164308 0.147512 0.128109 0.105896 0.0823573 0.0590909 0.0369485 0.0161768 -0.00375541 -0.0225073 -0.0387009
0.26453 0.267606 0.26675 0.259484 0.2471 0.2321 0.217976 0.20666 0.198162 0.192275 0.188739 0.187576 0.188984 0.193334 0.200813 0.210746 0.222349 0.23501 0.248046 0.260626 0.272039 0.281719 0.289197 0.294097 0.296275 0.295841 0.293609 0.290491 0.287013 0.283463 0.279778 0.275791 0.271263 0.266396 0.261764 0.257429 0.253154 0.248939 0.244752 0.239988 0.234311 0.228572 0.223133 0.217092 0.209704 0.20061 0.189799 0.177491 0.163543 0.147605 0.129357 0.108772 0.0869279 0.0650846 0.0442969 0.0247593 0.00534627 -0.0138697 -0.0313478
0.26236 0.266265 0.26606 0.259237 0.247427 0.233312 0.22019 0.209742 0.201718 0.19596 0.192473 0.191342 0.19271 0.196845 0.203892 0.213405 0.224754 0.237194 0.250015 0.262593 0.274157 0.283811 0.2911 0.295874 0.297936 0.297232 0.294526 0.290748 0.286562 0.282349 0.278006 0.273307 0.267969 0.262247 0.256854 0.251884 0.247075 0.242433 0.23796 0.233146 0.227715 0.222435 0.217543 0.211987 0.205021 0.196466 0.186341 0.174772 0.161584 0.146462 0.129283 0.110188 0.090042 0.0698615 0.0505953 0.0322577 0.0133933 -0.00606765 -0.0244952
0.259719 0.263926 0.26399 0.25748 0.24638 0.233463 0.221591 0.212113 0.204639 0.199137 0.19591 0.195065 0.196634 0.200806 0.207685 0.216872 0.227803 0.2398 0.252216 0.264476 0.275851 0.285476 0.292782 0.297437 0.299256 0.298243 0.295008 0.290385 0.285311 0.28037 0.275364 0.269994 0.263975 0.257538 0.251358 0.245665 0.240403 0.235508 0.230865 0.226128 0.221111 0.216248 0.211577 0.206216 0.199552 0.191439 0.181893 0.171014 0.15859 0.144282 0.128083 0.110278 0.0918066 0.0735698 0.055976 0.0386928 0.0203401 0.000865598 -0.018182
0.256104 0.260386 0.260597 0.254449 0.244246 0.232757 0.222247 0.213749 0.206957 0.201992 0.199317 0.198926 0.200656 0.204828 0.211708 0.220752 0.231288 0.242759 0.254611 0.266266 0.277108 0.286484 0.293714 0.298165 0.299695 0.298445 0.29481 0.289446 0.283564 0.277938 0.272223 0.266087 0.259426 0.25245 0.245634 0.239289 0.233581 0.228422 0.223607 0.218878 0.214098 0.209497 0.204995 0.199831 0.193455 0.185689 0.176579 0.166293 0.154609 0.141149 0.125933 0.109323 0.0924313 0.0761201 0.0601799 0.0439287 0.0262157 0.0069996 -0.0124354
0.251452 0.255744 0.256153 0.250574 0.241478 0.231515 0.222363 0.21483 0.208848 0.204661 0.202722 0.20284 0.204658 0.20876 0.215688 0.224659 0.234796 0.245669 0.256836 0.267744 0.277895 0.286837 0.29382 0.297985 0.299222 0.29777 0.293848 0.287946 0.281414 0.275118 0.268592 0.261553 0.254202 0.246782 0.239548 0.232756 0.226624 0.221112 0.216054 0.211192 0.206389 0.201916 0.197683 0.192816 0.186718 0.179248 0.170513 0.160758 0.149805 0.137289 0.12318 0.107809 0.0924115 0.0778418 0.0634564 0.0483232 0.0314418 0.0127017 -0.00692809
0.246267 0.250482 0.251188 0.246499 0.238705 0.230183 0.222294 0.215743 0.210602 0.207157 0.205816 0.206374 0.208476 0.212722 0.219634 0.228284 0.237741 0.247802 0.258213 0.268485 0.27816 0.286806 0.293591 0.297509 0.298417 0.296573 0.292216 0.285821 0.278643 0.271498 0.264002 0.256003 0.247865 0.239918 0.232413 0.225449 0.219033 0.21317 0.207825 0.202786 0.197949 0.193636 0.189713 0.185087 0.179146 0.172001 0.1638 0.154659 0.144493 0.13311 0.120367 0.106426 0.092541 0.0795615 0.0666752 0.0527996 0.036855 0.018642 -0.000954085
0.240675 0.244883 0.245995 0.242331 0.235857 0.228644 0.221919 0.216349 0.212051 0.209275 0.208361 0.209289 0.211929 0.216615 0.223531 0.231751 0.240466 0.249698 0.259363 0.269043 0.278292 0.286629 0.293124 0.296651 0.297016 0.294491 0.28946 0.282486 0.274578 0.266426 0.257895 0.249014 0.240181 0.231759 0.224032 0.216945 0.210279 0.204102 0.198536 0.193425 0.188675 0.184591 0.180963 0.176529 0.170745 0.164075 0.156662 0.148344 0.139125 0.129054 0.117868 0.105515 0.0931938 0.0817345 0.0703114 0.0577356 0.0426765 0.0249204 0.00560446
0.234494 0.239021 0.240621 0.237736 0.232331 0.226358 0.220767 0.216136 0.212714 0.210698 0.210258 0.211595 0.214901 0.220217 0.227352 0.235479 0.243926 0.252699 0.261703 0.270543 0.278877 0.286392 0.292107 0.294717 0.294074 0.290588 0.28471 0.276993 0.268273 0.25917 0.249752 0.240235 0.231113 0.22259 0.214581 0.207017 0.199881 0.193412 0.187844 0.182911 0.17839 0.174546 0.171167 0.167033 0.161702 0.155792 0.149414 0.142226 0.134233 0.125567 0.115916 0.105138 0.0943929 0.0844665 0.0744534 0.0630247 0.0486335 0.0312135 0.0124176
0.22785 0.232694 0.234694 0.232393 0.227895 0.223121 0.218701 0.215098 0.212708 0.211682 0.212014 0.214003 0.218021 0.223917 0.231277 0.239396 0.247696 0.256037 0.264236 0.271961 0.278997 0.285207 0.289615 0.290832 0.288835 0.284214 0.277418 0.268937 0.259542 0.249823 0.239903 0.230056 0.220813 0.212188 0.203737 0.195499 0.18783 0.181134 0.175675 0.171045 0.166865 0.163339 0.160299 0.156724 0.152263 0.147472 0.142403 0.136667 0.130172 0.12295 0.114735 0.105449 0.0961711 0.0876005 0.0788054 0.068385 0.0546407 0.0376615 0.0195564
0.220873 0.225525 0.227663 0.226018 0.222535 0.218958 0.215822 0.213531 0.212461 0.212735 0.214306 0.217336 0.222029 0.228186 0.235405 0.24307 0.250663 0.258008 0.264976 0.271436 0.27718 0.281881 0.28462 0.284237 0.280829 0.275056 0.2674 0.258364 0.248683 0.238886 0.228982 0.219065 0.209415 0.200102 0.191009 0.182314 0.17439 0.167604 0.162182 0.157767 0.154003 0.150997 0.148575 0.145921 0.142733 0.139405 0.135918 0.131882 0.127052 0.12127 0.114399 0.106512 0.0984775 0.0908517 0.0829512 0.073518 0.0607276 0.0446086 0.0272958
0.212752 0.217004 0.219246 0.218473 0.216273 0.214107 0.212507 0.211826 0.212306 0.214009 0.216871 0.220868 0.225974 0.232016 0.238706 0.245546 0.252116 0.258276 0.263958 0.269132 0.273514 0.276531 0.277406 0.275351 0.270599 0.263827 0.255522 0.246166 0.236383 0.226588 0.216694 0.206617 0.196359 0.18618 0.176553 0.167748 0.159911 0.153267 0.147986 0.143859 0.140662 0.1384 0.136857 0.135345 0.133569 0.131755 0.129824 0.127407 0.124135 0.119698 0.114093 0.107546 0.100708 0.0939933 0.0869586 0.0785444 0.0669485 0.0520723 0.035782
0.202741 0.206871 0.209487 0.209858 0.209271 0.208891 0.209132 0.210235 0.21232 0.215322 0.219049 0.223459 0.228557 0.234186 0.240114 0.246039 0.251703 0.256972 0.261684 0.265596 0.268357 0.2695 0.268475 0.26479 0.258824 0.251298 0.242613 0.233088 0.223101 0.212914 0.202534 0.191938 0.18113 0.170505 0.160778 0.1522 0.144748 0.138545 0.133722 0.130163 0.127724 0.126367 0.125846 0.125505 0.125015 0.124492 0.123822 0.122667 0.120647 0.117422 0.11305 0.107815 0.102301 0.09684 0.0909396 0.0836102 0.0732996 0.059901 0.0449712
0.191609 0.196 0.199294 0.200992 0.202145 0.203642 0.205681 0.208367 0.21176 0.215719 0.219974 0.224528 0.229482 0.2347 0.239965 0.245073 0.24984 0.254119 0.25766 0.260048 0.260959 0.260174 0.257386 0.252306 0.245317 0.237062 0.22792 0.218156 0.207919 0.197326 0.186467 0.175431 0.164328 0.153638 0.14413 0.136014 0.12916 0.123616 0.119461 0.11658 0.11486 0.114323 0.114769 0.115554 0.116302 0.117025 0.117568 0.117616 0.116832 0.114916 0.111871 0.107907 0.103596 0.0992815 0.0945103 0.0883854 0.0795253 0.0677526 0.0542856
0.18023 0.185234 0.189468 0.192606 0.195469 0.198679 0.202216 0.206067 0.210291 0.214807 0.219437 0.224169 0.229048 0.233972 0.238757 0.243106 0.246756 0.24957 0.251364 0.251862 0.250871 0.248295 0.243984 0.237791 0.22992 0.220768 0.21088 0.20071 0.190292 0.179608 0.168697 0.15764 0.14658 0.136063 0.126946 0.11943 0.113322 0.108569 0.105149 0.102903 0.101733 0.101802 0.103039 0.104862 0.10687 0.108953 0.110889 0.11235 0.113039 0.112693 0.11114 0.108386 0.104974 0.101362 0.0974729 0.0926407 0.0854098 0.0753509 0.0632838
0.168862 0.174701 0.180083 0.184825 0.18945 0.194298 0.199216 0.204116 0.209042 0.213997 0.218944 0.223785 0.228399 0.2327 0.236562 0.239673 0.241773 0.242825 0.242785 0.24156 0.239021 0.235005 0.229361 0.221979 0.213027 0.20288 0.192281 0.181834 0.171352 0.160627 0.149725 0.13877 0.127941 0.117809 0.10925 0.102473 0.0972625 0.0934199 0.0907701 0.0891963 0.0886763 0.0894037 0.0913639 0.0940936 0.0972433 0.100656 0.104044 0.107016 0.10929 0.110622 0.110606 0.108999 0.106405 0.103463 0.100367 0.096665 0.0909779 0.0826894 0.0721625
0.158698 0.165605 0.172327 0.178779 0.185124 0.191427 0.197519 0.203295 0.208759 0.213942 0.218878 0.223406 0.227286 0.230416 0.232724 0.234086 0.234426 0.233814 0.232277 0.22974 0.226015 0.220805 0.213868 0.205066 0.194796 0.183732 0.172673 0.162132 0.151593 0.140668 0.129631 0.118778 0.108338 0.0988478 0.091088 0.0852444 0.0811006 0.078291 0.0764772 0.0757002 0.0760778 0.0776543 0.0803482 0.0838726 0.0880032 0.0926095 0.0973682 0.101808 0.105635 0.108599 0.110084 0.109642 0.108002 0.105934 0.103603 0.100695 0.0962725 0.089729 0.080932
0.15252 0.160968 0.169258 0.177247 0.184831 0.1919 0.198324 0.204053 0.209132 0.213577 0.21738 0.22054 0.223042 0.224755 0.225569 0.225576 0.224839 0.223246 0.220636 0.216808 0.211583 0.204811 0.196356 0.186175 0.174858 0.163234 0.151865 0.140987 0.130067 0.118817 0.107761 0.0973202 0.087655 0.0792036 0.0726325 0.068046 0.0651618 0.0635167 0.0627045 0.0628846 0.0642567 0.0667071 0.0701124 0.0744295 0.0795476 0.085254 0.0912096 0.0969855 0.102262 0.106724 0.109696 0.110659 0.110199 0.108979 0.107184 0.104746 0.101297 0.0963045 0.0891361
0.150658 0.160603 0.170152 0.178962 0.186836 0.193649 0.199361 0.204039 0.207859 0.210826 0.21285 0.214199 0.215234 0.215785 0.215613 0.214901 0.213689 0.21148 0.207801 0.202343 0.195094 0.186322 0.176194 0.164851 0.152868 0.140925 0.129224 0.117754 0.106298 0.0949118 0.0842772 0.0748152 0.0664952 0.0595983 0.0546755 0.0516953 0.0502477 0.0498898 0.0502764 0.0515356 0.0538144 0.0569565 0.0609214 0.0659699 0.0720856 0.0788701 0.0859385 0.0929371 0.0995075 0.105259 0.109626 0.112136 0.112936 0.11235 0.110785 0.10856 0.105802 0.102039 0.0961972
0.150507 0.160624 0.170046 0.178237 0.185074 0.19058 0.19491 0.198283 0.200964 0.203034 0.204459 0.205425 0.206149 0.206369 0.205764 0.204373 0.202105 0.198377 0.192742 0.185084 0.175646 0.164999 0.153457 0.141173 0.12854 0.116013 0.103797 0.0919918 0.0806008 0.0698426 0.0604045 0.0526265 0.0463063 0.0415355 0.0386686 0.0375283 0.0376209 0.038632 0.040353 0.0427008 0.0456265 0.0490843 0.0532554 0.0587232 0.0656323 0.0735265 0.0818663 0.0900878 0.0977662 0.104547 0.110019 0.113782 0.115539 0.115298 0.113754 0.111591 0.10927 0.106351 0.101484
0.149001 0.158157 0.166437 0.173226 0.178586 0.182733 0.185964 0.188586 0.190898 0.193047 0.195042 0.196702 0.197738 0.197813 0.196614 0.193976 0.189696 0.18341 0.17499 0.164719 0.153066 0.140644 0.127779 0.114605 0.101346 0.0883153 0.0760375 0.064931 0.0548728 0.0458926 0.0385429 0.0330476 0.0291023 0.0266369 0.0258003 0.0263447 0.0278144 0.0300781 0.0330726 0.0364357 0.0398699 0.0434874 0.04766 0.0530955 0.0601548 0.0686982 0.0781129 0.0874515 0.0961114 0.103707 0.10995 0.114523 0.116875 0.116834 0.115316 0.113245 0.11125 0.108934 0.104864
0.143484 0.151801 0.159292 0.165438 0.170497 0.174748 0.178299 0.181362 0.184272 0.187028 0.189346 0.190827 0.191041 0.189708 0.186622 0.181662 0.174696 0.165534 0.154272 0.14146 0.12763 0.113256 0.0988012 0.0847029 0.071256 0.0587709 0.0479657 0.0393285 0.032235 0.0262392 0.0217003 0.0187293 0.0169719 0.0163019 0.016816 0.0183667 0.020689 0.0238054 0.0277375 0.0319767 0.0360771 0.0401697 0.0445269 0.0495027 0.0556323 0.0636075 0.0731609 0.0832226 0.0928176 0.10113 0.107899 0.112959 0.115743 0.116048 0.114831 0.113081 0.111509 0.10981 0.106656
0.136926 0.144947 0.152283 0.158549 0.164115 0.169207 0.173602 0.177318 0.180663 0.183371 0.184749 0.184436 0.182254 0.178065 0.171798 0.163593 0.153558 0.141625 0.128032 0.113508 0.0986222 0.0837405 0.0693764 0.0561123 0.0442234 0.0339209 0.0258142 0.020225 0.0161912 0.0129644 0.0107479 0.00959382 0.00919791 0.00947967 0.0105806 0.0125197 0.0152498 0.0188333 0.0232722 0.0281029 0.0329022 0.0377107 0.0425504 0.0472809 0.052397 0.0591449 0.067824 0.0778401 0.0880055 0.0969673 0.104304 0.109861 0.113178 0.114114 0.113505 0.112264 0.111148 0.110009 0.107782
0.134032 0.142151 0.149587 0.15594 0.161542 0.166551 0.170639 0.173681 0.175802 0.176589 0.175263 0.171677 0.165988 0.158173 0.148255 0.136653 0.123755 0.109691 0.0949027 0.0803583 0.066814 0.0547375 0.0442839 0.0353761 0.0277615 0.0212025 0.0159242 0.0120777 0.00913585 0.00670933 0.00496226 0.00397833 0.00364377 0.00397316 0.00510881 0.00713323 0.010076 0.0138834 0.0184326 0.023451 0.0286991 0.0341422 0.0396943 0.04512 0.0505332 0.0565044 0.0636917 0.0726636 0.0826293 0.0921375 0.10038 0.106819 0.111031 0.112914 0.11311 0.1124 0.111597 0.110776 0.109268
