data_raster/melanesia/PNMC_current_2021/202106_North.grd
DSAA																																																																																																																																																																																																																																																																																																																																																																																																																											
412	268																																																																																																																																																																																																																																																																																																																																																																																																																										
156	174.5																																																																																																																																																																																																																																																																																																																																																																																																																										
-26.5	-14.5																																																																																																																																																																																																																																																																																																																																																																																																																										
-0.406378	0.380601																																																																																																																																																																																																																																																																																																																																																																																																																										
[rows 182 to 207 of 268, columns 236 to 294 of 412]
-0.0764663 -0.0712187 -0.0663322 -0.0619045 -0.0578975 -0.0541576 -0.0504566 -0.0464998 -0.0426729 -0.040034 -0.0387683 -0.0384165 -0.0386398 -0.0391602 -0.0396729 -0.0400766 -0.0409606 -0.0427008 -0.0449228 -0.0474158 -0.0503297 -0.0535751 -0.0568209 -0.0599172 -0.0628081 -0.0652159 -0.0668187 -0.0675329 -0.0673556 -0.0663227 -0.0645382 -0.0622248 -0.0596757 -0.0572031 -0.0541471 -0.0492707 -0.0440807 -0.0414257 -0.0424038 -0.047272 -0.0556663 -0.0663194 -0.076039 -0.0818576 -0.0818521 -0.0782861 -0.0778458 -0.0829555 -0.092694 -0.107703 -0.127966 -0.144989 -0.150704 -0.148889 -0.144495 -0.139144 -0.133762 -0.128915 -0.124846
-0.0807183 -0.0756148 -0.0706146 -0.065922 -0.0616058 -0.0576211 -0.0537327 -0.0494619 -0.0451835 -0.0421342 -0.0405014 -0.0397234 -0.0396103 -0.0401465 -0.0412413 -0.0428156 -0.0449047 -0.0474096 -0.0499019 -0.0522888 -0.0549943 -0.057965 -0.0606945 -0.0632142 -0.0658249 -0.0681503 -0.0696277 -0.070191 -0.0698815 -0.0686451 -0.0664752 -0.0634876 -0.059733 -0.0551625 -0.0497455 -0.0436439 -0.0387652 -0.0377195 -0.0411221 -0.0485821 -0.0587909 -0.069702 -0.0779717 -0.0814015 -0.0801931 -0.0774421 -0.079052 -0.0870689 -0.100444 -0.118488 -0.139565 -0.155513 -0.15932 -0.15601 -0.151221 -0.14588 -0.140324 -0.134991 -0.130136
-0.0840631 -0.079268 -0.0743768 -0.0696863 -0.0653428 -0.0612994 -0.0572696 -0.0526687 -0.047886 -0.0443033 -0.0421883 -0.041014 -0.0406695 -0.0412359 -0.0426926 -0.044933 -0.0476788 -0.0505884 -0.0532678 -0.0556959 -0.0583714 -0.0613252 -0.0641452 -0.0669742 -0.0701962 -0.073247 -0.0752632 -0.0759044 -0.0750499 -0.0727879 -0.0692317 -0.0644721 -0.0586729 -0.0521107 -0.0453661 -0.039366 -0.0359443 -0.0371334 -0.042916 -0.0521833 -0.0626441 -0.0717859 -0.0773039 -0.0783789 -0.0767215 -0.0756337 -0.0797857 -0.0911164 -0.109075 -0.130472 -0.150551 -0.163363 -0.165118 -0.161113 -0.156506 -0.151505 -0.14602 -0.140555 -0.135372
-0.0864485 -0.0821251 -0.0775898 -0.0732073 -0.0691562 -0.0652443 -0.0611011 -0.0561966 -0.0509644 -0.0468137 -0.0441407 -0.0426017 -0.042116 -0.0427218 -0.0443705 -0.0468973 -0.049851 -0.0528129 -0.0555634 -0.0581363 -0.0608816 -0.0639689 -0.0673804 -0.0712224 -0.0755744 -0.0797114 -0.0825968 -0.083368 -0.0815423 -0.0775935 -0.0719483 -0.0646325 -0.056351 -0.048695 -0.0425309 -0.0381523 -0.036948 -0.0405501 -0.0480158 -0.0572546 -0.0655887 -0.0709077 -0.0729534 -0.0725035 -0.0716242 -0.0731625 -0.0806115 -0.095834 -0.118711 -0.143074 -0.160667 -0.169106 -0.169102 -0.165103 -0.160765 -0.15602 -0.150682 -0.145186 -0.139769
-0.0879061 -0.0841224 -0.0801506 -0.0763599 -0.0728846 -0.0692813 -0.0651073 -0.0600834 -0.0546814 -0.0501105 -0.0468557 -0.044867 -0.0442423 -0.0450816 -0.0470969 -0.0498417 -0.0527559 -0.0554231 -0.0577857 -0.0600191 -0.0625619 -0.0658108 -0.0700622 -0.0751358 -0.0805086 -0.0854153 -0.088919 -0.0897705 -0.0871978 -0.0820633 -0.0749329 -0.0653 -0.0546516 -0.0470023 -0.0431458 -0.0412069 -0.0421062 -0.0477664 -0.0557831 -0.0625463 -0.0663644 -0.0667907 -0.065354 -0.0639968 -0.0648379 -0.070215 -0.0825823 -0.102631 -0.128983 -0.154125 -0.169065 -0.174272 -0.173371 -0.16957 -0.165099 -0.160158 -0.154754 -0.149043 -0.143217
-0.0885829 -0.0852636 -0.0819495 -0.0789249 -0.0761943 -0.0730563 -0.0690289 -0.0641579 -0.058931 -0.0542321 -0.0505793 -0.0482211 -0.0475001 -0.0486431 -0.0510369 -0.0538678 -0.056542 -0.0586806 -0.0602737 -0.061691 -0.0637649 -0.0671023 -0.0719933 -0.0779648 -0.0840695 -0.0894791 -0.0933197 -0.0942628 -0.0915043 -0.0861268 -0.0785692 -0.0674914 -0.0550904 -0.048008 -0.0467697 -0.0468757 -0.0493506 -0.0572438 -0.0653566 -0.0671731 -0.063752 -0.0581804 -0.0538751 -0.05328 -0.0571216 -0.0670671 -0.0857898 -0.111836 -0.140254 -0.164027 -0.176638 -0.180065 -0.17863 -0.174579 -0.169378 -0.16375 -0.157975 -0.151833 -0.14547
-0.0887309 -0.0856378 -0.0828958 -0.0806281 -0.0786581 -0.0761331 -0.07255 -0.0681263 -0.0633486 -0.058911 -0.0553424 -0.0530411 -0.0523836 -0.0535564 -0.0558218 -0.058277 -0.0604389 -0.0619974 -0.0628408 -0.0634489 -0.0650785 -0.0683413 -0.0731497 -0.0791876 -0.0859155 -0.0921301 -0.0964054 -0.0976085 -0.0952341 -0.0903482 -0.0831416 -0.0717152 -0.0585459 -0.0515924 -0.0512233 -0.0516863 -0.0552426 -0.0666038 -0.0756017 -0.0705724 -0.0570125 -0.0438573 -0.037785 -0.0412054 -0.0500063 -0.0644535 -0.0899972 -0.123087 -0.153409 -0.175026 -0.185351 -0.1871 -0.184263 -0.178911 -0.17248 -0.165924 -0.159581 -0.152976 -0.146244
-0.0887545 -0.085624 -0.0830867 -0.0813334 -0.0801791 -0.0785585 -0.0758052 -0.0721022 -0.0679615 -0.0641468 -0.0611326 -0.0591791 -0.0585887 -0.0595155 -0.0612393 -0.0629344 -0.064339 -0.065278 -0.0655296 -0.065553 -0.0667459 -0.0696259 -0.0738329 -0.0794925 -0.0867969 -0.0939804 -0.0987441 -0.100235 -0.0983989 -0.0943097 -0.0879387 -0.0769028 -0.0635872 -0.0563874 -0.0558966 -0.0564471 -0.0611383 -0.0751957 -0.0841358 -0.0722735 -0.0497473 -0.0308815 -0.0240592 -0.0313634 -0.0459373 -0.0666747 -0.0993323 -0.137997 -0.168466 -0.186577 -0.193836 -0.193308 -0.188301 -0.181152 -0.173571 -0.166321 -0.15958 -0.152854 -0.146235
-0.0890485 -0.0856955 -0.082768 -0.0810887 -0.0808839 -0.0805887 -0.0790711 -0.0763246 -0.0729436 -0.0700036 -0.0678053 -0.0661391 -0.0653769 -0.0659481 -0.0670996 -0.0679595 -0.0684986 -0.0687563 -0.0685637 -0.0682429 -0.0688322 -0.0708893 -0.0744837 -0.0800221 -0.0877968 -0.0956182 -0.100681 -0.102281 -0.100689 -0.0972824 -0.0919317 -0.0814117 -0.067981 -0.0609123 -0.0613542 -0.0637204 -0.0698001 -0.0830069 -0.08896 -0.0731817 -0.0484487 -0.0301413 -0.0227495 -0.0282491 -0.0472234 -0.0784721 -0.118514 -0.158003 -0.184395 -0.19659 -0.199283 -0.195728 -0.18858 -0.180191 -0.172244 -0.165032 -0.158499 -0.152358 -0.146547
-0.089477 -0.0859588 -0.0824529 -0.0805758 -0.0811431 -0.0821531 -0.082012 -0.0804574 -0.0780526 -0.0760394 -0.0745611 -0.0730639 -0.0720256 -0.0721624 -0.0727987 -0.0730918 -0.0731024 -0.0729425 -0.0724462 -0.0717508 -0.0714816 -0.0724002 -0.0753323 -0.0807347 -0.0885123 -0.0963654 -0.101526 -0.103431 -0.102459 -0.0999103 -0.095404 -0.0852277 -0.0721092 -0.0669111 -0.0698602 -0.0725009 -0.076798 -0.0881692 -0.0942688 -0.0819766 -0.0627027 -0.0484942 -0.0373013 -0.032949 -0.0525319 -0.0958392 -0.141767 -0.177173 -0.196869 -0.20303 -0.201189 -0.194683 -0.185975 -0.177165 -0.1696 -0.163089 -0.157339 -0.152233 -0.147554
-0.0896886 -0.0862771 -0.0825042 -0.0804298 -0.0813113 -0.0831846 -0.0843276 -0.08418 -0.0830001 -0.0817551 -0.080606 -0.0792002 -0.0779931 -0.0776469 -0.0778393 -0.0780605 -0.0782129 -0.0781424 -0.0774044 -0.0759938 -0.0746019 -0.0742926 -0.0763595 -0.0811678 -0.0882495 -0.0955613 -0.100819 -0.103722 -0.104512 -0.103374 -0.0993415 -0.0894701 -0.0777469 -0.0764756 -0.0827581 -0.0819654 -0.0793849 -0.0885474 -0.0999627 -0.0996154 -0.0912783 -0.0796862 -0.0607468 -0.0435451 -0.0609425 -0.112943 -0.1606 -0.188635 -0.201875 -0.204495 -0.200002 -0.191663 -0.18236 -0.173887 -0.167178 -0.161752 -0.157119 -0.153085 -0.149391
-0.0892468 -0.0861021 -0.0823591 -0.0802511 -0.0813548 -0.0840755 -0.0866844 -0.0880138 -0.0878921 -0.0871288 -0.0860557 -0.0846726 -0.0833902 -0.0827247 -0.0826876 -0.0830794 -0.0835356 -0.0835255 -0.0822525 -0.0797159 -0.0771034 -0.0757373 -0.0768996 -0.0808989 -0.0872496 -0.0943328 -0.100378 -0.105135 -0.10842 -0.108995 -0.105576 -0.0972884 -0.0883234 -0.0886149 -0.0956402 -0.0968321 -0.0909009 -0.0835305 -0.0814391 -0.0875593 -0.08823 -0.0738663 -0.056139 -0.0515112 -0.0780276 -0.129008 -0.170632 -0.192036 -0.201054 -0.201855 -0.196559 -0.188067 -0.179217 -0.171649 -0.166102 -0.161852 -0.15827 -0.155181 -0.152297
-0.0879299 -0.0850535 -0.0815854 -0.0797543 -0.0813278 -0.0852055 -0.0896041 -0.0923817 -0.0929495 -0.0923836 -0.091271 -0.0898169 -0.0885017 -0.087852 -0.0879249 -0.0884966 -0.088913 -0.0883767 -0.0859932 -0.0819949 -0.0782165 -0.0760894 -0.0764947 -0.0798176 -0.0859702 -0.0936982 -0.101466 -0.108742 -0.114775 -0.117355 -0.115406 -0.110531 -0.105184 -0.102512 -0.10546 -0.114764 -0.110687 0 0 0 0 0 0 0 -0.1056 -0.144118 -0.172207 -0.190077 -0.197561 -0.1971 -0.192256 -0.185207 -0.177652 -0.171293 -0.167003 -0.16377 -0.160883 -0.158489 -0.156194
-0.0860921 -0.0833997 -0.0806041 -0.0795231 -0.0817183 -0.0866589 -0.0926991 -0.0969784 -0.0984385 -0.0980592 -0.0966811 -0.0949749 -0.0936565 -0.0933238 -0.093852 -0.0947002 -0.09472 -0.0929161 -0.088906 -0.0834026 -0.0785338 -0.0757186 -0.0755731 -0.0785545 -0.0848561 -0.093378 -0.102675 -0.112279 -0.121344 -0.127144 -0.12831 -0.126696 -0.123653 -0.119499 -0.115728 -0.113184 -0.0950655 -0.0428924 0 0 0 0 0 0 -0.13254 -0.157525 -0.174784 -0.189122 -0.194963 -0.193618 -0.189593 -0.184227 -0.178076 -0.172843 -0.16954 -0.16702 -0.164546 -0.162437 -0.160156
-0.0840649 -0.0815419 -0.0798158 -0.0799135 -0.0827848 -0.088449 -0.0956431 -0.101343 -0.104013 -0.103941 -0.102151 -0.100092 -0.0988263 -0.0990037 -0.100172 -0.101309 -0.100692 -0.0972269 -0.0914903 -0.0847668 -0.0790156 -0.0755421 -0.0749574 -0.0777227 -0.0840431 -0.0928624 -0.102888 -0.114232 -0.126497 -0.136666 -0.142349 -0.143298 -0.140888 -0.137621 -0.12434 0 0 0 0 0 0 0 0 0 -0.148217 -0.165921 -0.180996 -0.191367 -0.194708 -0.192904 -0.189527 -0.185257 -0.180171 -0.17577 -0.173007 -0.170861 -0.1686 -0.166322 -0.16338
-0.0819928 -0.0799206 -0.0793667 -0.0806893 -0.0842955 -0.0905319 -0.0984196 -0.10494 -0.108346 -0.108538 -0.106627 -0.104477 -0.103398 -0.104103 -0.105702 -0.106717 -0.10543 -0.100955 -0.0942843 -0.0869485 -0.0808556 -0.0770746 -0.0758582 -0.0777178 -0.0831895 -0.09162 -0.102125 -0.115114 -0.130263 -0.144071 -0.153744 -0.15891 -0.158425 -0.149286 -0.119073 0 0 0 0 0 0 0 -0.146073 -0.149373 -0.146447 -0.162469 -0.180487 -0.191461 -0.19473 -0.193048 -0.190243 -0.18684 -0.182629 -0.178853 -0.17636 -0.174359 -0.172126 -0.169387 -0.165483
-0.0797814 -0.078492 -0.0790738 -0.0814836 -0.0858036 -0.0924549 -0.100592 -0.10733 -0.110973 -0.111389 -0.109698 -0.107809 -0.107085 -0.108225 -0.109953 -0.110536 -0.108793 -0.104234 -0.0976096 -0.0903033 -0.0843219 -0.0804627 -0.0783921 -0.078748 -0.0826712 -0.0901397 -0.100774 -0.114882 -0.131811 -0.147566 -0.159907 -0.170855 -0.174501 -0.154796 -0.10711 0 0 0 0 0 0 0 -0.130758 -0.135145 -0.13451 -0.152972 -0.174603 -0.189429 -0.194551 -0.193221 -0.190947 -0.188374 -0.184911 -0.18157 -0.179135 -0.177067 -0.174702 -0.17147 -0.166777
-0.0770938 -0.0766796 -0.0784151 -0.081841 -0.0866912 -0.0933698 -0.101303 -0.108234 -0.112481 -0.113283 -0.111764 -0.110259 -0.110035 -0.111487 -0.113304 -0.113836 -0.11211 -0.107777 -0.101546 -0.0946152 -0.0886487 -0.08434 -0.0814917 -0.0808583 -0.083675 -0.0899982 -0.099542 -0.112807 -0.129384 -0.145604 -0.159814 -0.175029 -0.18321 -0.162801 -0.115842 -0.0652226 -0.0295475 0 0 0 0 -0.0668149 -0.104765 -0.118975 -0.132969 -0.156309 -0.177976 -0.191551 -0.195676 -0.194097 -0.192241 -0.190362 -0.187435 -0.184246 -0.181556 -0.179138 -0.176526 -0.173103 -0.168269
-0.0736499 -0.0740884 -0.0768859 -0.0812471 -0.0865986 -0.0932163 -0.100833 -0.108106 -0.113314 -0.114641 -0.113231 -0.112141 -0.11247 -0.114154 -0.116177 -0.117236 -0.116063 -0.112086 -0.106215 -0.0995883 -0.0933863 -0.0884319 -0.0852163 -0.0844441 -0.0868231 -0.0920252 -0.0995598 -0.110242 -0.124269 -0.138996 -0.153079 -0.168397 -0.17847 -0.166734 -0.136274 -0.10599 -0.0761766 0 -0.0205072 -0.0375281 -0.0653889 -0.080152 -0.0937457 -0.11612 -0.144011 -0.171019 -0.189047 -0.196601 -0.197444 -0.195577 -0.194344 -0.193137 -0.190565 -0.187283 -0.184118 -0.181229 -0.17842 -0.175085 -0.170528
-0.0692511 -0.0705112 -0.0740847 -0.0792464 -0.0854168 -0.0925081 -0.100237 -0.107863 -0.113744 -0.115568 -0.114476 -0.113849 -0.114643 -0.116547 -0.118939 -0.120875 -0.120666 -0.117314 -0.111611 -0.104762 -0.098208 -0.0930894 -0.0901956 -0.08985 -0.0920198 -0.0962396 -0.102063 -0.109962 -0.120046 -0.13062 -0.140524 -0.150137 -0.156193 -0.150997 -0.135162 -0.115779 -0.0898032 -0.0529336 0 0 -0.0758223 -0.0869363 -0.099594 -0.125822 -0.156149 -0.181248 -0.194869 -0.198206 -0.197791 -0.197025 -0.197133 -0.196811 -0.194536 -0.191062 -0.187448 -0.184283 -0.181526 -0.178279 -0.173729
-0.0639468 -0.0659885 -0.0702756 -0.076262 -0.0834485 -0.0913884 -0.0996201 -0.107612 -0.113914 -0.116334 -0.115888 -0.115687 -0.116683 -0.11872 -0.121487 -0.124234 -0.124933 -0.122143 -0.116246 -0.108568 -0.101401 -0.0963396 -0.0941452 -0.0946003 -0.0969441 -0.100945 -0.106502 -0.113052 -0.119811 -0.125734 -0.129794 -0.131104 -0.12942 -0.125177 -0.116535 -0.100215 -0.0788201 -0.0586217 0 -0.0501992 -0.0656965 -0.0891353 -0.115443 -0.141118 -0.165427 -0.185345 -0.195367 -0.19714 -0.197505 -0.198757 -0.200511 -0.201113 -0.199154 -0.195617 -0.191812 -0.188575 -0.185896 -0.182586 -0.177756
-0.0579843 -0.0607691 -0.0660416 -0.0730567 -0.0811319 -0.0898156 -0.0986549 -0.107113 -0.113924 -0.117232 -0.117725 -0.11781 -0.118648 -0.120651 -0.123622 -0.126732 -0.127723 -0.124864 -0.118197 -0.109187 -0.100954 -0.0955916 -0.0939512 -0.0954277 -0.0987055 -0.103969 -0.111552 -0.119495 -0.125688 -0.129459 -0.129886 -0.125144 -0.116432 -0.108622 -0.100785 -0.0875818 -0.0722264 -0.0618652 -0.0562818 -0.0550129 -0.0680935 -0.0996381 -0.131824 -0.153779 -0.172254 -0.188601 -0.196484 -0.197378 -0.198547 -0.201444 -0.20438 -0.205609 -0.204016 -0.200753 -0.197179 -0.193957 -0.191043 -0.187466 -0.182346
-0.0519996 -0.0555588 -0.0618382 -0.0697814 -0.078502 -0.08782 -0.0974109 -0.106539 -0.113982 -0.118179 -0.119529 -0.119828 -0.120533 -0.12267 -0.125968 -0.129265 -0.12984 -0.125732 -0.117309 -0.106533 -0.0971457 -0.0914747 -0.0902313 -0.0926954 -0.0975267 -0.10533 -0.116672 -0.128108 -0.136023 -0.139603 -0.138045 -0.12969 -0.116 -0.102373 -0.0909833 -0.0810229 -0.0721652 -0.0645583 -0.0592015 -0.0594653 -0.0768705 -0.114424 -0.148085 -0.165045 -0.178688 -0.193216 -0.199946 -0.199842 -0.201161 -0.204942 -0.208502 -0.210069 -0.208801 -0.205988 -0.202935 -0.199877 -0.196651 -0.192696 -0.18723
-0.046602 -0.0509699 -0.0578945 -0.0663355 -0.0755187 -0.0855284 -0.0960785 -0.106086 -0.11421 -0.119043 -0.12095 -0.121592 -0.122627 -0.125363 -0.129378 -0.133054 -0.132675 -0.125952 -0.114576 -0.101593 -0.0911529 -0.0853997 -0.0844032 -0.0876326 -0.0944259 -0.105592 -0.121453 -0.137237 -0.147918 -0.151911 -0.148565 -0.137867 -0.121205 -0.101772 -0.0847438 -0.0760347 -0.0725817 -0.0671987 -0.0599656 -0.0569846 -0.0770517 -0.125561 -0.165423 -0.177861 -0.186357 -0.199644 -0.205516 -0.204032 -0.204772 -0.208742 -0.212571 -0.214345 -0.213297 -0.21089 -0.20843 -0.205729 -0.202404 -0.198088 -0.192158
-0.041839 -0.0467351 -0.0537969 -0.0624732 -0.0723623 -0.0833191 -0.0947943 -0.105539 -0.114293 -0.11996 -0.122877 -0.124451 -0.1263 -0.129793 -0.134544 -0.138682 -0.137328 -0.127716 -0.112914 -0.0970482 -0.0845729 -0.0776519 -0.0762096 -0.0801492 -0.0894766 -0.104606 -0.124993 -0.144964 -0.15863 -0.16368 -0.159488 -0.147395 -0.128603 -0.104194 -0.081455 -0.0716171 -0.0710366 -0.0684121 -0.0596088 -0.0497855 -0.0699415 -0.131776 -0.180945 -0.189801 -0.193444 -0.205959 -0.211167 -0.208133 -0.208017 -0.21201 -0.216197 -0.218352 -0.217573 -0.215532 -0.213611 -0.211212 -0.20777 -0.203178 -0.196961
-0.0374718 -0.0423982 -0.0491451 -0.0580375 -0.069137 -0.0813691 -0.0935843 -0.104785 -0.114203 -0.121338 -0.126248 -0.129485 -0.132392 -0.136405 -0.141496 -0.145925 -0.14389 -0.132054 -0.114115 -0.0947525 -0.0786694 -0.0686324 -0.0655217 -0.070046 -0.0826473 -0.102306 -0.126618 -0.149787 -0.166135 -0.173128 -0.169837 -0.157315 -0.136462 -0.108123 -0.0807845 -0.0680399 -0.0678188 -0.0688303 -0.060189 -0.0422991 -0.0598331 -0.133078 -0.191388 -0.198068 -0.198128 -0.210297 -0.215024 -0.210679 -0.210003 -0.21438 -0.219346 -0.222232 -0.221875 -0.220164 -0.218603 -0.216252 -0.212502 -0.207737 -0.201573
