data_raster/melanesia/PNMC_current_2021/202111_North.grd
DSAA																																																																																																																																																																																																																																																																																																																																																																																																																											
412	268																																																																																																																																																																																																																																																																																																																																																																																																																										
156	174.5																																																																																																																																																																																																																																																																																																																																																																																																																										
-26.5	-14.5																																																																																																																																																																																																																																																																																																																																																																																																																										
-0.589466	0.494958																																																																																																																																																																																																																																																																																																																																																																																																																										
[rows 216 to 242 of 268, columns 60 to 119 of 412]
-0.271191 -0.262462 -0.254722 -0.248273 -0.24332 -0.239168 -0.234918 -0.229649 -0.222768 -0.214189 -0.204148 -0.193143 -0.181403 -0.168974 -0.155916 -0.142366 -0.128778 -0.115643 -0.103282 -0.0915853 -0.0796796 -0.0671568 -0.0543385 -0.0413944 -0.0283707 -0.0159411 -0.0049327 0.0053451 0.0161934 0.0289016 0.0438586 0.0590542 0.0729111 0.08531 0.0957303 0.103011 0.106254 0.10496 0.100033 0.0931127 0.0856622 0.0787432 0.0721733 0.0653838 0.057579 0.04858 0.0392355 0.0303006 0.0222919 0.0151749 0.00861325 0.00300973 -0.00110187 -0.00437589 -0.00770171 -0.0114976 -0.0159943 -0.0212351 -0.0275817 -0.0358512
-0.284614 -0.275909 -0.268078 -0.261586 -0.256802 -0.252945 -0.249015 -0.244068 -0.237517 -0.229315 -0.21974 -0.209324 -0.198156 -0.186041 -0.172955 -0.15906 -0.145018 -0.131544 -0.119077 -0.107462 -0.0954876 -0.0825194 -0.0688435 -0.054682 -0.0401885 -0.0260143 -0.0129971 -0.00120352 0.0098447 0.0215927 0.0350298 0.0492484 0.0631743 0.0760019 0.0871337 0.0961561 0.102147 0.103897 0.101452 0.0956199 0.0876751 0.0789924 0.0707172 0.0632914 0.0556096 0.0469964 0.0378242 0.0286801 0.0202342 0.0124939 0.00508692 -0.00150712 -0.00663086 -0.0108624 -0.0150427 -0.019583 -0.0247538 -0.0307151 -0.0377389 -0.0462604
-0.297823 -0.288846 -0.280816 -0.274377 -0.269959 -0.266473 -0.262728 -0.258024 -0.251877 -0.244049 -0.23479 -0.224774 -0.214121 -0.202581 -0.190047 -0.176582 -0.162704 -0.149071 -0.136343 -0.124536 -0.112407 -0.0990897 -0.0844335 -0.0687649 -0.0527912 -0.0371909 -0.0225711 -0.00923597 0.00283467 0.0145063 0.0266253 0.0393917 0.0525155 0.0650419 0.076395 0.0864889 0.0945309 0.0992137 0.0999732 0.0967666 0.0901747 0.0811991 0.071574 0.0624924 0.0534572 0.0441491 0.0349185 0.0259994 0.0174312 0.00916827 0.00117371 -0.0060762 -0.0120304 -0.0170342 -0.0216964 -0.0265537 -0.0320387 -0.0383939 -0.0458492 -0.0546433
-0.310362 -0.300912 -0.292619 -0.286352 -0.282552 -0.279714 -0.27636 -0.272001 -0.266287 -0.25891 -0.250041 -0.240303 -0.229906 -0.21878 -0.206902 -0.194316 -0.181244 -0.168071 -0.155487 -0.143591 -0.131205 -0.117316 -0.101387 -0.0839381 -0.0663482 -0.0493265 -0.0331673 -0.0182365 -0.00480195 0.00740776 0.0189079 0.0304846 0.0424115 0.0539851 0.0648196 0.0749876 0.0839344 0.0906005 0.0941568 0.0939905 0.0899677 0.0824484 0.0729824 0.0629469 0.0526525 0.0424148 0.0327852 0.0238219 0.0150595 0.00642736 -0.00182707 -0.0093524 -0.0158392 -0.0214332 -0.0265177 -0.0317784 -0.0377741 -0.0446628 -0.0526028 -0.0618189
-0.322014 -0.312073 -0.303512 -0.297447 -0.294357 -0.292421 -0.289863 -0.286098 -0.280841 -0.274021 -0.265747 -0.256298 -0.245925 -0.23486 -0.223363 -0.211664 -0.199798 -0.187842 -0.176173 -0.164663 -0.152074 -0.137364 -0.119989 -0.100735 -0.081442 -0.0627898 -0.0448121 -0.0280851 -0.0132281 -0.000112059 0.0116876 0.0228614 0.0337566 0.0440433 0.0536452 0.06284 0.0713911 0.0786167 0.08372 0.0859 0.0846543 0.0798628 0.072419 0.0633129 0.0532078 0.0427522 0.0326311 0.0230912 0.013922 0.00514259 -0.00305267 -0.0105352 -0.0172463 -0.0233106 -0.0290382 -0.0351527 -0.0421784 -0.0500371 -0.0587514 -0.0685877
-0.33311 -0.322902 -0.314063 -0.307932 -0.305113 -0.303855 -0.30229 -0.29941 -0.29475 -0.288479 -0.280764 -0.271723 -0.261586 -0.250677 -0.23945 -0.228347 -0.217455 -0.206778 -0.196375 -0.185781 -0.173487 -0.158383 -0.140121 -0.119644 -0.0988969 -0.0785718 -0.0586963 -0.0400559 -0.0235215 -0.0090286 0.00375044 0.0151949 0.0255738 0.0349478 0.0434401 0.0512658 0.0585038 0.0650672 0.0703925 0.0736986 0.0744326 0.0722739 0.0674541 0.060412 0.0517774 0.0422064 0.0323458 0.0226761 0.0134886 0.00491629 -0.00302314 -0.0103701 -0.0172152 -0.0237676 -0.0303544 -0.0375639 -0.0457757 -0.0548129 -0.0645682 -0.0751309
-0.343771 -0.333627 -0.324478 -0.317862 -0.314639 -0.313568 -0.312968 -0.311193 -0.307346 -0.30163 -0.294364 -0.285883 -0.27639 -0.26603 -0.255205 -0.244405 -0.233986 -0.224173 -0.214918 -0.205515 -0.194083 -0.179347 -0.161082 -0.140207 -0.118507 -0.0967653 -0.0752295 -0.0547861 -0.0363832 -0.0201432 -0.00596551 0.00627333 0.0167954 0.0259829 0.033987 0.0406891 0.0463842 0.0516263 0.056147 0.0592802 0.0606752 0.0601085 0.0574022 0.052564 0.0460198 0.0382421 0.0296836 0.0208748 0.0124021 0.00444409 -0.00311445 -0.0103495 -0.0173552 -0.024432 -0.0319281 -0.0401339 -0.049233 -0.0592051 -0.0698879 -0.0809656
-0.353704 -0.343853 -0.33433 -0.32692 -0.322879 -0.321626 -0.321796 -0.321158 -0.318335 -0.31339 -0.306712 -0.298878 -0.290178 -0.28071 -0.270649 -0.260268 -0.250147 -0.24079 -0.232195 -0.223628 -0.213106 -0.199193 -0.181432 -0.160622 -0.138546 -0.116045 -0.0934582 -0.0717044 -0.0517626 -0.0338627 -0.018084 -0.00462309 0.00657984 0.0160621 0.0240427 0.0303336 0.0352485 0.0394458 0.0428291 0.0449689 0.0459204 0.0457762 0.0441226 0.0406824 0.0357848 0.0297822 0.0229288 0.0156275 0.00841732 0.0013994 -0.00562802 -0.0126967 -0.0198111 -0.0272771 -0.0353878 -0.044081 -0.0533324 -0.0633465 -0.0740233 -0.0848077
-0.362664 -0.35322 -0.343275 -0.334898 -0.32982 -0.328143 -0.328878 -0.329401 -0.327893 -0.324074 -0.318244 -0.311136 -0.303232 -0.29479 -0.285738 -0.276012 -0.266249 -0.257111 -0.248694 -0.240407 -0.230506 -0.217483 -0.200404 -0.179933 -0.158032 -0.135513 -0.112569 -0.0900853 -0.0690763 -0.0499088 -0.0328193 -0.0181438 -0.00597213 0.00406779 0.0122673 0.0187695 0.0237886 0.0275736 0.030092 0.0312476 0.0314625 0.0311027 0.0296424 0.0266798 0.0226011 0.0177803 0.0123925 0.00665402 0.000823892 -0.00513457 -0.0114491 -0.0181396 -0.0251636 -0.0326879 -0.0408298 -0.0493289 -0.0580424 -0.0672359 -0.0769059 -0.0866066
-0.370493 -0.361474 -0.351129 -0.341751 -0.335502 -0.333236 -0.33446 -0.336332 -0.336583 -0.334295 -0.329552 -0.323304 -0.3162 -0.308593 -0.300363 -0.291337 -0.282075 -0.273193 -0.26483 -0.256534 -0.246872 -0.234414 -0.217983 -0.198127 -0.176819 -0.154753 -0.131928 -0.109091 -0.0872701 -0.0673853 -0.0500082 -0.0348522 -0.0217528 -0.0110025 -0.00252519 0.00423054 0.00949757 0.0132452 0.0156019 0.0168077 0.0172234 0.0170563 0.0157894 0.0130659 0.00930821 0.00495621 0.000291834 -0.00451837 -0.00942551 -0.0145041 -0.0199158 -0.0258366 -0.0323975 -0.0394687 -0.0468777 -0.0545815 -0.0625544 -0.0707498 -0.0791081 -0.0875543
-0.377208 -0.368651 -0.358039 -0.347747 -0.340216 -0.337106 -0.338578 -0.341847 -0.344255 -0.343979 -0.340694 -0.335483 -0.329144 -0.322173 -0.314536 -0.306095 -0.297335 -0.288786 -0.280554 -0.272242 -0.262601 -0.250344 -0.234339 -0.215067 -0.194331 -0.172689 -0.150052 -0.127198 -0.105322 -0.0858502 -0.0694525 -0.0546187 -0.0406119 -0.0286825 -0.0193976 -0.0122743 -0.00694431 -0.00316427 -0.000529146 0.0013935 0.00267357 0.00315353 0.00231846 -0.00011493 -0.00367972 -0.0078401 -0.0121354 -0.0163773 -0.0206611 -0.0250595 -0.0296483 -0.0347405 -0.0406248 -0.0468714 -0.0530635 -0.0595729 -0.0666302 -0.0738267 -0.0809473 -0.088156
-0.382931 -0.374966 -0.364353 -0.353337 -0.344412 -0.340039 -0.341193 -0.345566 -0.350324 -0.352587 -0.351316 -0.347335 -0.341679 -0.335339 -0.328284 -0.320211 -0.311724 -0.303489 -0.295566 -0.287483 -0.277945 -0.265696 -0.249745 -0.230555 -0.209777 -0.187959 -0.16515 -0.142696 -0.122299 -0.104964 -0.0905642 -0.0764508 -0.0613989 -0.0474311 -0.0361266 -0.0280749 -0.0228217 -0.0191705 -0.0164445 -0.0143084 -0.0126974 -0.0117749 -0.0121931 -0.0143021 -0.0174626 -0.0209972 -0.0244143 -0.0276412 -0.0310264 -0.0347715 -0.0389583 -0.0436889 -0.0489763 -0.0543238 -0.0593428 -0.0645287 -0.0702616 -0.0762929 -0.0823461 -0.0882197
-0.387668 -0.380546 -0.37023 -0.358729 -0.348438 -0.342502 -0.34275 -0.347725 -0.354673 -0.359652 -0.360726 -0.358134 -0.353162 -0.347503 -0.341083 -0.333328 -0.325088 -0.317314 -0.310005 -0.302497 -0.293185 -0.280746 -0.264443 -0.244761 -0.223189 -0.200582 -0.17757 -0.155973 -0.137656 -0.122668 -0.109894 -0.0963749 -0.0807681 -0.06513 -0.0516932 -0.0423467 -0.0367592 -0.03295 -0.0301633 -0.0283181 -0.0272214 -0.0267781 -0.0274084 -0.0292947 -0.0317688 -0.0342223 -0.0363552 -0.0382971 -0.0405911 -0.0435321 -0.0471867 -0.0513522 -0.0557003 -0.059919 -0.0638456 -0.0677874 -0.0720583 -0.0767746 -0.0816896 -0.0860958
-0.391421 -0.385485 -0.375751 -0.364014 -0.352565 -0.344993 -0.343859 -0.3488 -0.357386 -0.364792 -0.368197 -0.367129 -0.362982 -0.358039 -0.352276 -0.344998 -0.337291 -0.330342 -0.324053 -0.317479 -0.3085 -0.295679 -0.278705 -0.258112 -0.235154 -0.211424 -0.188657 -0.168262 -0.151158 -0.136768 -0.123843 -0.110387 -0.0954062 -0.0799274 -0.0657402 -0.055161 -0.0482815 -0.0434891 -0.0403082 -0.0388617 -0.0389962 -0.0403682 -0.0423068 -0.0442118 -0.0458333 -0.0470699 -0.0479819 -0.0488454 -0.0501271 -0.0519584 -0.0542129 -0.0567089 -0.0592738 -0.0619055 -0.0646483 -0.0675218 -0.0705745 -0.0739197 -0.0773474 -0.0801973
-0.394412 -0.389954 -0.381027 -0.369272 -0.35691 -0.34772 -0.34481 -0.349018 -0.358478 -0.367856 -0.373573 -0.374292 -0.37124 -0.366997 -0.361746 -0.354969 -0.347974 -0.342096 -0.337107 -0.331772 -0.323477 -0.310591 -0.293038 -0.271452 -0.247109 -0.222345 -0.199819 -0.180187 -0.1632 -0.148212 -0.134424 -0.120906 -0.106981 -0.0924906 -0.0783792 -0.0667497 -0.0582003 -0.052129 -0.0486138 -0.0479886 -0.0498174 -0.0531959 -0.0565169 -0.0585911 -0.0596147 -0.0599219 -0.0597502 -0.0594605 -0.0595187 -0.0598901 -0.0602229 -0.0605886 -0.0612359 -0.06225 -0.0636361 -0.0653099 -0.0671737 -0.0691378 -0.0710059 -0.0724419
-0.396701 -0.393964 -0.386079 -0.374555 -0.36154 -0.350798 -0.345803 -0.348565 -0.358005 -0.368816 -0.376849 -0.379705 -0.378082 -0.374472 -0.369462 -0.363076 -0.356829 -0.352098 -0.348524 -0.344654 -0.337549 -0.325286 -0.307579 -0.285249 -0.260087 -0.234731 -0.211935 -0.191971 -0.174218 -0.15849 -0.144474 -0.131203 -0.117803 -0.103791 -0.089715 -0.0772583 -0.0673841 -0.0604537 -0.0571544 -0.0580214 -0.0616288 -0.0659984 -0.0697109 -0.0719248 -0.0728711 -0.0727885 -0.071695 -0.0699901 -0.0684514 -0.0671334 -0.0656409 -0.0643081 -0.0636731 -0.063471 -0.0633385 -0.0634282 -0.0638548 -0.0644283 -0.0649548 -0.0652919
-0.39765 -0.396945 -0.390618 -0.379855 -0.366514 -0.354313 -0.347045 -0.347744 -0.356244 -0.367811 -0.377961 -0.383105 -0.383113 -0.380058 -0.375129 -0.369236 -0.36392 -0.360387 -0.358263 -0.355979 -0.35022 -0.33875 -0.321121 -0.298433 -0.273074 -0.24757 -0.224187 -0.203174 -0.184186 -0.167811 -0.154122 -0.14115 -0.127498 -0.113379 -0.0993929 -0.0864178 -0.0756744 -0.0685944 -0.0661374 -0.0685385 -0.0733571 -0.077771 -0.0810864 -0.0831711 -0.0840609 -0.0837496 -0.0821416 -0.0795765 -0.0768296 -0.0741258 -0.0713462 -0.0689598 -0.0674958 -0.066306 -0.0647065 -0.0631229 -0.0619489 -0.0610296 -0.0602443 -0.0596115
-0.396854 -0.398468 -0.394315 -0.384989 -0.371753 -0.358313 -0.348782 -0.346966 -0.353644 -0.365155 -0.376964 -0.384313 -0.386053 -0.383561 -0.378743 -0.373588 -0.369433 -0.367088 -0.366328 -0.365584 -0.361054 -0.350243 -0.332833 -0.31021 -0.28511 -0.259748 -0.235799 -0.213643 -0.193422 -0.176437 -0.162989 -0.149919 -0.135382 -0.120851 -0.107151 -0.0940256 -0.0829248 -0.0765111 -0.0754266 -0.0788443 -0.0839204 -0.0878302 -0.0904704 -0.0921622 -0.0927432 -0.092122 -0.0904332 -0.0878732 -0.0846883 -0.0812019 -0.0777965 -0.0748957 -0.0727462 -0.0705923 -0.0677343 -0.0646974 -0.0619915 -0.0595642 -0.0574348 -0.0558079
-0.394676 -0.398618 -0.396886 -0.389445 -0.37689 -0.362779 -0.351337 -0.346826 -0.350935 -0.361462 -0.374185 -0.383457 -0.387061 -0.38542 -0.380981 -0.376695 -0.373662 -0.372294 -0.372565 -0.373044 -0.369721 -0.359911 -0.343184 -0.320968 -0.296156 -0.270911 -0.24675 -0.224077 -0.203118 -0.185225 -0.170752 -0.156625 -0.141224 -0.126474 -0.113113 -0.100196 -0.0894417 -0.0844056 -0.0849366 -0.0887868 -0.0934348 -0.0968521 -0.0991633 -0.100719 -0.101223 -0.10049 -0.0986468 -0.0958422 -0.0922306 -0.0882262 -0.0843985 -0.0810386 -0.0781574 -0.0750362 -0.0710918 -0.0669409 -0.0631553 -0.0596922 -0.0565684 -0.0539829
-0.391588 -0.397643 -0.39824 -0.392883 -0.381632 -0.367643 -0.35492 -0.347858 -0.348913 -0.35748 -0.370057 -0.380711 -0.386265 -0.385929 -0.38232 -0.379009 -0.376938 -0.376268 -0.377139 -0.378362 -0.376156 -0.367737 -0.352158 -0.330614 -0.306067 -0.280919 -0.256965 -0.234495 -0.213394 -0.194379 -0.17769 -0.161728 -0.14575 -0.131039 -0.117969 -0.105744 -0.0962406 -0.0930457 -0.0950167 -0.09872 -0.102537 -0.105693 -0.108099 -0.109719 -0.110267 -0.109458 -0.107082 -0.103396 -0.0991327 -0.0947433 -0.0904525 -0.0864228 -0.0826728 -0.0786235 -0.0738527 -0.0690688 -0.0648457 -0.0609812 -0.0573299 -0.053963
-0.388062 -0.395906 -0.398541 -0.395255 -0.385819 -0.372762 -0.35956 -0.350464 -0.348407 -0.3541 -0.365135 -0.37628 -0.383672 -0.385078 -0.38284 -0.380739 -0.379604 -0.37948 -0.380645 -0.382168 -0.380653 -0.373351 -0.358877 -0.338226 -0.314394 -0.289778 -0.266145 -0.243858 -0.222783 -0.203101 -0.184849 -0.167464 -0.150852 -0.135902 -0.12308 -0.112328 -0.105142 -0.103848 -0.106543 -0.109547 -0.112314 -0.115158 -0.117397 -0.11838 -0.118072 -0.116418 -0.113207 -0.108844 -0.104353 -0.0999516 -0.0953018 -0.0905006 -0.085781 -0.0809517 -0.0758895 -0.0711333 -0.0669907 -0.0629951 -0.0589521 -0.0551748
-0.384063 -0.393411 -0.397751 -0.396397 -0.389099 -0.3777 -0.364968 -0.354719 -0.349973 -0.352249 -0.360421 -0.370815 -0.37945 -0.382878 -0.382615 -0.381907 -0.381571 -0.381811 -0.38313 -0.384814 -0.383644 -0.376945 -0.363283 -0.343603 -0.32084 -0.297111 -0.273858 -0.251636 -0.230618 -0.210842 -0.192179 -0.174134 -0.156779 -0.14129 -0.128769 -0.12008 -0.115847 -0.116245 -0.118964 -0.120937 -0.122513 -0.124656 -0.12607 -0.125593 -0.123624 -0.120584 -0.116579 -0.112038 -0.107696 -0.103424 -0.098543 -0.0931292 -0.087607 -0.0822717 -0.0773411 -0.0729133 -0.0688293 -0.0644463 -0.0597345 -0.0555656
-0.379114 -0.389834 -0.395641 -0.396035 -0.390954 -0.381763 -0.370561 -0.360375 -0.353854 -0.352818 -0.357281 -0.365399 -0.373971 -0.379407 -0.381693 -0.382334 -0.382338 -0.382604 -0.384117 -0.386323 -0.385609 -0.379219 -0.366119 -0.347281 -0.325317 -0.302265 -0.279623 -0.257874 -0.237097 -0.217382 -0.198623 -0.180197 -0.162244 -0.146403 -0.13439 -0.127715 -0.126128 -0.127873 -0.130423 -0.131401 -0.131633 -0.132381 -0.132288 -0.130204 -0.12691 -0.12309 -0.118826 -0.114281 -0.109735 -0.105089 -0.100003 -0.0944904 -0.0887841 -0.0833456 -0.0784997 -0.0738883 -0.0690258 -0.0634657 -0.0574602 -0.0521784
-0.373245 -0.385133 -0.392176 -0.394108 -0.391148 -0.384501 -0.37575 -0.366852 -0.359695 -0.355956 -0.356474 -0.36113 -0.368185 -0.374945 -0.379626 -0.381332 -0.38139 -0.381641 -0.383491 -0.386427 -0.386328 -0.380311 -0.367775 -0.349694 -0.328308 -0.305746 -0.283809 -0.262774 -0.242399 -0.22285 -0.204123 -0.185492 -0.167182 -0.151317 -0.140017 -0.134994 -0.135296 -0.137872 -0.140084 -0.140049 -0.138799 -0.137764 -0.136009 -0.132739 -0.128789 -0.124723 -0.120302 -0.115391 -0.110064 -0.104615 -0.0994317 -0.0944125 -0.089291 -0.0841813 -0.0791537 -0.0737386 -0.0675771 -0.0607878 -0.053828 -0.0475054
-0.366786 -0.379463 -0.387467 -0.390699 -0.389627 -0.385612 -0.37995 -0.373377 -0.366767 -0.361312 -0.358311 -0.359029 -0.363329 -0.369898 -0.375755 -0.378085 -0.378383 -0.379048 -0.381371 -0.384741 -0.385222 -0.380003 -0.368358 -0.351154 -0.330556 -0.30865 -0.287227 -0.266618 -0.246652 -0.227518 -0.20916 -0.190626 -0.172181 -0.156503 -0.14598 -0.142171 -0.143564 -0.146327 -0.1478 -0.146483 -0.143673 -0.141077 -0.138229 -0.134546 -0.130357 -0.125795 -0.120486 -0.114389 -0.107893 -0.101728 -0.0967274 -0.092659 -0.0887753 -0.0843429 -0.0788288 -0.0723381 -0.0652938 -0.0585105 -0.0523655 -0.0465371
-0.359812 -0.373004 -0.381715 -0.385897 -0.386262 -0.38473 -0.382605 -0.379265 -0.374368 -0.368408 -0.362757 -0.359535 -0.360064 -0.364648 -0.370211 -0.373108 -0.374164 -0.375311 -0.377831 -0.381327 -0.382349 -0.378197 -0.367742 -0.351643 -0.332055 -0.310944 -0.289956 -0.269584 -0.249906 -0.231184 -0.213305 -0.195031 -0.176566 -0.160984 -0.150928 -0.147962 -0.150116 -0.152819 -0.153431 -0.150857 -0.146632 -0.142691 -0.138984 -0.135047 -0.130538 -0.125185 -0.118828 -0.111674 -0.104344 -0.0978372 -0.0932353 -0.0902087 -0.0876262 -0.0837891 -0.0775241 -0.0699624 -0.0625481 -0.0563694 -0.0515357 -0.0468504
-0.35227 -0.365882 -0.375088 -0.379789 -0.38099 -0.381607 -0.383272 -0.3839 -0.381795 -0.376642 -0.369511 -0.362751 -0.358823 -0.359711 -0.363574 -0.367274 -0.369677 -0.370897 -0.37301 -0.376515 -0.378084 -0.374963 -0.365847 -0.35112 -0.332604 -0.312251 -0.291856 -0.27187 -0.252317 -0.233715 -0.216133 -0.198113 -0.179666 -0.163848 -0.153621 -0.151188 -0.154206 -0.157015 -0.156991 -0.153578 -0.148309 -0.143046 -0.138119 -0.133318 -0.12799 -0.121821 -0.115123 -0.108109 -0.100885 -0.0944517 -0.0902413 -0.0878901 -0.0859824 -0.0822333 -0.0751739 -0.0668985 -0.0594877 -0.0534309 -0.0485954 -0.0442694
