data_raster/melanesia/PNMC_current_2021/202110_North.grd
DSAA																																																																																																																																																																																																																																																																																																																																																																																																																											
412	268																																																																																																																																																																																																																																																																																																																																																																																																																										
156	174.5																																																																																																																																																																																																																																																																																																																																																																																																																										
-26.5	-14.5																																																																																																																																																																																																																																																																																																																																																																																																																										
-0.460595	0.387506																																																																																																																																																																																																																																																																																																																																																																																																																										
[rows 216 to 242 of 268, columns 118 to 176 of 412]
-0.080483 -0.0771512 -0.0772697 -0.0802312 -0.0855013 -0.0923311 -0.0978858 -0.0993124 -0.0977703 -0.0952973 -0.0931848 -0.0921453 -0.0920353 -0.0923063 -0.0921032 -0.0921587 -0.0944139 -0.0988813 -0.10442 -0.109896 -0.114349 -0.117484 -0.119753 -0.123086 -0.128284 -0.133849 -0.139189 -0.144945 -0.15062 -0.154818 -0.156566 -0.155316 -0.151602 -0.146178 -0.139279 -0.131056 -0.121754 -0.111757 -0.101644 -0.0921106 -0.0840106 -0.0789449 -0.0786033 -0.0813186 -0.0841282 -0.0854513 -0.0844067 -0.0809753 -0.075585 -0.0692327 -0.0628536 -0.0571797 -0.0524962 -0.0486761 -0.0454822 -0.0426763 -0.0404213 -0.0391479 -0.0397176
-0.0868321 -0.0840759 -0.0845366 -0.0881822 -0.093992 -0.10022 -0.104424 -0.104586 -0.101952 -0.0984663 -0.0954363 -0.0936089 -0.0928746 -0.0927411 -0.0924239 -0.0924907 -0.094536 -0.0984806 -0.103299 -0.108314 -0.112986 -0.116761 -0.119777 -0.123947 -0.130083 -0.136663 -0.143028 -0.149692 -0.155887 -0.159898 -0.160976 -0.159011 -0.154543 -0.148251 -0.140506 -0.131612 -0.121873 -0.111563 -0.100915 -0.0903598 -0.0806303 -0.0737886 -0.0723221 -0.0748449 -0.078369 -0.080987 -0.0814359 -0.0794306 -0.0751159 -0.0691313 -0.062342 -0.0558228 -0.0503048 -0.0461322 -0.043068 -0.0405827 -0.0385947 -0.0373588 -0.037769
-0.0935672 -0.0921143 -0.0937755 -0.0988073 -0.105375 -0.110476 -0.112471 -0.110749 -0.106658 -0.101943 -0.0979057 -0.0952982 -0.0939677 -0.0934403 -0.0930175 -0.0930122 -0.0945265 -0.0976114 -0.101718 -0.106493 -0.111578 -0.11628 -0.120456 -0.125596 -0.13239 -0.139743 -0.147063 -0.154461 -0.160798 -0.164098 -0.163931 -0.160746 -0.155316 -0.148372 -0.140135 -0.130811 -0.120842 -0.110544 -0.0999977 -0.0892752 -0.0786169 -0.0702764 -0.0674014 -0.0691338 -0.0728316 -0.0763714 -0.0781276 -0.0775307 -0.0743937 -0.0689019 -0.0617936 -0.0544888 -0.0480974 -0.0433188 -0.0400115 -0.0375747 -0.0358285 -0.0349169 -0.0356103
-0.100662 -0.101259 -0.104876 -0.111301 -0.11806 -0.121611 -0.1212 -0.117493 -0.112042 -0.106445 -0.101721 -0.0984416 -0.0965239 -0.0956099 -0.095116 -0.0950658 -0.095992 -0.0981138 -0.101436 -0.105834 -0.111066 -0.116606 -0.122216 -0.128563 -0.135921 -0.143654 -0.151371 -0.158987 -0.165081 -0.16741 -0.16577 -0.161082 -0.154502 -0.14698 -0.138467 -0.128928 -0.118862 -0.108732 -0.0987989 -0.0887943 -0.0781218 -0.0689056 -0.0646991 -0.0652312 -0.0684194 -0.0721764 -0.0747366 -0.0753384 -0.0734547 -0.0686562 -0.0614172 -0.0534239 -0.0460929 -0.0404258 -0.0365098 -0.0338941 -0.0323255 -0.0318001 -0.033022
-0.108167 -0.11135 -0.117251 -0.124435 -0.13037 -0.132227 -0.129944 -0.124786 -0.118563 -0.112828 -0.107949 -0.104101 -0.101489 -0.100054 -0.0993957 -0.0993068 -0.099784 -0.101064 -0.103478 -0.107099 -0.111905 -0.117898 -0.124974 -0.132731 -0.140724 -0.148526 -0.15598 -0.163145 -0.168552 -0.169785 -0.166716 -0.160502 -0.152694 -0.144553 -0.135832 -0.126243 -0.116162 -0.106205 -0.0971516 -0.0885359 -0.0788329 -0.0697179 -0.0647133 -0.0639546 -0.0659335 -0.0689701 -0.0715725 -0.0729934 -0.0724047 -0.0685421 -0.061417 -0.0528599 -0.0445398 -0.0377721 -0.032981 -0.0300062 -0.0284757 -0.0281791 -0.0299772
-0.116141 -0.121893 -0.129591 -0.136821 -0.141494 -0.14204 -0.138846 -0.133254 -0.127084 -0.121719 -0.116881 -0.112381 -0.108769 -0.106348 -0.105004 -0.10449 -0.104506 -0.105121 -0.106621 -0.10926 -0.113347 -0.119449 -0.127645 -0.136585 -0.145196 -0.15327 -0.16064 -0.167018 -0.171055 -0.170794 -0.16628 -0.158713 -0.149846 -0.141126 -0.132245 -0.122752 -0.112763 -0.102945 -0.094622 -0.0874574 -0.0795586 -0.0718812 -0.0671066 -0.0653762 -0.0656595 -0.0671092 -0.0690039 -0.0708291 -0.0715002 -0.0687179 -0.0618861 -0.0529518 -0.0438058 -0.0360346 -0.0303229 -0.0267287 -0.0248596 -0.0244707 -0.0267585
-0.124398 -0.132333 -0.140997 -0.147852 -0.15151 -0.151499 -0.148399 -0.143331 -0.137838 -0.13299 -0.128142 -0.122935 -0.118143 -0.114373 -0.11184 -0.110453 -0.109896 -0.109988 -0.110692 -0.112368 -0.115615 -0.121382 -0.129901 -0.139336 -0.148353 -0.157021 -0.164826 -0.170429 -0.172625 -0.170493 -0.164438 -0.15566 -0.145923 -0.136696 -0.127725 -0.118493 -0.108765 -0.0991014 -0.0911549 -0.0851112 -0.0796448 -0.0747721 -0.0713546 -0.0691159 -0.067436 -0.0666693 -0.0672693 -0.0690531 -0.0707202 -0.0689801 -0.0626058 -0.0535466 -0.043842 -0.0353101 -0.0287633 -0.0243316 -0.0217812 -0.021093 -0.0238197
-0.132397 -0.142093 -0.151308 -0.158072 -0.161579 -0.161853 -0.159391 -0.155008 -0.150056 -0.145475 -0.140564 -0.134944 -0.129402 -0.124656 -0.12114 -0.118916 -0.117732 -0.117317 -0.117456 -0.118364 -0.120568 -0.125204 -0.132746 -0.141569 -0.150473 -0.159509 -0.167697 -0.172789 -0.173545 -0.169678 -0.161953 -0.151766 -0.141024 -0.131301 -0.122377 -0.113627 -0.104434 -0.0951036 -0.0873223 -0.0820737 -0.079405 -0.0782277 -0.0768003 -0.0742635 -0.0705436 -0.0673536 -0.0664006 -0.0676512 -0.0696239 -0.0686119 -0.0629263 -0.0540512 -0.0439633 -0.034781 -0.0274663 -0.0222256 -0.0191077 -0.0184122 -0.0217918
-0.139809 -0.150746 -0.16031 -0.167441 -0.171656 -0.172868 -0.171326 -0.167587 -0.162988 -0.15853 -0.153594 -0.147844 -0.142029 -0.136866 -0.132847 -0.130102 -0.12845 -0.127698 -0.127654 -0.128189 -0.129432 -0.132445 -0.137918 -0.144981 -0.152855 -0.161308 -0.169057 -0.173615 -0.173515 -0.168295 -0.158929 -0.14721 -0.135382 -0.125265 -0.116624 -0.108667 -0.1004 -0.091765 -0.0841973 -0.0794872 -0.0793685 -0.0817721 -0.0823384 -0.0796556 -0.0742052 -0.068854 -0.0663255 -0.0666015 -0.0681283 -0.0673405 -0.062311 -0.0537538 -0.0434165 -0.0337184 -0.0258183 -0.0200665 -0.0168285 -0.016676 -0.0210211
-0.146535 -0.158037 -0.167699 -0.175285 -0.180459 -0.182839 -0.182464 -0.179748 -0.175965 -0.172055 -0.167284 -0.161328 -0.155215 -0.149807 -0.145538 -0.142593 -0.140948 -0.140425 -0.14074 -0.141502 -0.142484 -0.144312 -0.147553 -0.152075 -0.157603 -0.163779 -0.169476 -0.172706 -0.171774 -0.165494 -0.15482 -0.141905 -0.129329 -0.119163 -0.111165 -0.104399 -0.0975431 -0.0901308 -0.083146 -0.0788157 -0.0801131 -0.0845939 -0.0864905 -0.0839695 -0.0776381 -0.0708519 -0.0668478 -0.0658534 -0.066494 -0.0653509 -0.0603949 -0.0519147 -0.0414804 -0.0315912 -0.023537 -0.0178356 -0.0150962 -0.0160259 -0.0215677
-0.152389 -0.163945 -0.173475 -0.181368 -0.18739 -0.190931 -0.191898 -0.190594 -0.188086 -0.185099 -0.180731 -0.174683 -0.16835 -0.162761 -0.158228 -0.155085 -0.153671 -0.153764 -0.154812 -0.156258 -0.157667 -0.159113 -0.160787 -0.162855 -0.165372 -0.168204 -0.170715 -0.171677 -0.169332 -0.161825 -0.149959 -0.136041 -0.122994 -0.113169 -0.106148 -0.100757 -0.0955158 -0.0896378 -0.0835469 -0.0794952 -0.0810773 -0.0860679 -0.0885931 -0.0865328 -0.0801603 -0.0726647 -0.0673211 -0.0648754 -0.0643845 -0.0624879 -0.0571216 -0.0484769 -0.0380538 -0.0283212 -0.0206432 -0.0156746 -0.0141412 -0.016712 -0.0236584
-0.15719 -0.168637 -0.177906 -0.185879 -0.192499 -0.197113 -0.199476 -0.199676 -0.198454 -0.196318 -0.192554 -0.187004 -0.180976 -0.175361 -0.170334 -0.166558 -0.165044 -0.165607 -0.167375 -0.169601 -0.171692 -0.173469 -0.174816 -0.175522 -0.175601 -0.17546 -0.174918 -0.173031 -0.168233 -0.158774 -0.145334 -0.130094 -0.116467 -0.107218 -0.101334 -0.0971141 -0.0932134 -0.0887525 -0.0835773 -0.0797362 -0.0810671 -0.0858182 -0.0886414 -0.0872048 -0.081235 -0.0734351 -0.0668743 -0.0629118 -0.0611799 -0.0584817 -0.0527327 -0.043928 -0.0335519 -0.0242321 -0.0174402 -0.0138881 -0.0142688 -0.0190299 -0.0275661
-0.1613 -0.172595 -0.181692 -0.189775 -0.196945 -0.202575 -0.206209 -0.207637 -0.207377 -0.205879 -0.202789 -0.198095 -0.192713 -0.18723 -0.181739 -0.177234 -0.175353 -0.176035 -0.178232 -0.181071 -0.183837 -0.186178 -0.187706 -0.187735 -0.186164 -0.183942 -0.181131 -0.176635 -0.169148 -0.157453 -0.142164 -0.125222 -0.110597 -0.101562 -0.0964585 -0.0930322 -0.0901687 -0.0869583 -0.0826605 -0.0790307 -0.0799979 -0.0843197 -0.0873253 -0.0864763 -0.080905 -0.07286 -0.0652406 -0.0599913 -0.0572845 -0.0540628 -0.0481739 -0.0393439 -0.0290995 -0.0204011 -0.014883 -0.0132667 -0.0159856 -0.0230322 -0.0329839
-0.165096 -0.176234 -0.185478 -0.19403 -0.201983 -0.208656 -0.213299 -0.215398 -0.215596 -0.214558 -0.212069 -0.208103 -0.203291 -0.198057 -0.192513 -0.187749 -0.185552 -0.186002 -0.188181 -0.19128 -0.194525 -0.197093 -0.198233 -0.197411 -0.19474 -0.19134 -0.187253 -0.181172 -0.171871 -0.158415 -0.141371 -0.122555 -0.106379 -0.0965801 -0.091362 -0.0882914 -0.0862873 -0.0842392 -0.0808161 -0.0774915 -0.0782892 -0.0823557 -0.085511 -0.0849887 -0.0794275 -0.0709362 -0.0625005 -0.0565172 -0.0534773 -0.0502196 -0.0444504 -0.035785 -0.0258798 -0.0180325 -0.0140557 -0.0146652 -0.0197485 -0.0285943 -0.0393674
-0.167825 -0.178984 -0.188695 -0.197998 -0.206915 -0.214721 -0.220309 -0.222823 -0.22327 -0.222699 -0.220757 -0.217258 -0.21282 -0.207887 -0.202617 -0.198013 -0.195687 -0.195814 -0.19771 -0.200694 -0.203969 -0.206265 -0.206573 -0.20485 -0.201507 -0.197433 -0.192522 -0.185474 -0.17507 -0.16037 -0.14193 -0.12157 -0.103805 -0.0925697 -0.0864509 -0.0832735 -0.0818232 -0.0806986 -0.0781284 -0.0753337 -0.0763065 -0.0803226 -0.0834043 -0.0827315 -0.0768152 -0.067871 -0.059061 -0.0529521 -0.0500612 -0.0469636 -0.0413034 -0.0329573 -0.0238043 -0.0172932 -0.0152356 -0.0181775 -0.0253275 -0.0352747 -0.0463143
-0.168706 -0.180245 -0.190702 -0.200859 -0.210738 -0.219731 -0.226376 -0.229429 -0.230277 -0.230331 -0.228947 -0.225736 -0.221504 -0.216847 -0.211955 -0.207697 -0.205434 -0.205352 -0.206919 -0.209479 -0.212204 -0.213776 -0.213234 -0.210862 -0.207132 -0.202482 -0.196684 -0.188736 -0.177498 -0.161932 -0.142615 -0.121393 -0.102486 -0.089664 -0.0822239 -0.0785565 -0.0772403 -0.0766297 -0.0748152 -0.0727985 -0.074269 -0.0783304 -0.0809664 -0.0796254 -0.0731886 -0.0640394 -0.0553813 -0.0496176 -0.047046 -0.0439992 -0.0382754 -0.0304341 -0.0226321 -0.0181648 -0.0184933 -0.0236819 -0.0323389 -0.042647 -0.0535503
-0.167945 -0.180252 -0.191769 -0.202773 -0.213342 -0.223229 -0.230841 -0.234662 -0.236171 -0.23691 -0.236164 -0.233451 -0.229498 -0.224983 -0.220365 -0.216425 -0.214158 -0.213782 -0.214981 -0.217006 -0.218909 -0.219629 -0.218445 -0.215602 -0.211456 -0.20628 -0.199803 -0.191135 -0.179239 -0.163157 -0.14339 -0.121616 -0.101783 -0.08757 -0.0789372 -0.0747625 -0.0733265 -0.0728059 -0.0714521 -0.0701142 -0.0719939 -0.0759644 -0.0780186 -0.0759912 -0.0692316 -0.0601398 -0.051777 -0.0463426 -0.0439793 -0.0409969 -0.0354794 -0.0286504 -0.0228447 -0.0210284 -0.0240156 -0.0310998 -0.0405627 -0.0506283 -0.0610661
-0.165816 -0.179258 -0.192187 -0.204045 -0.21497 -0.225318 -0.233649 -0.23836 -0.240678 -0.242013 -0.241997 -0.240221 -0.236829 -0.232381 -0.227887 -0.224143 -0.221712 -0.22088 -0.221637 -0.223106 -0.224177 -0.224135 -0.222508 -0.219191 -0.21439 -0.208714 -0.201944 -0.192882 -0.180544 -0.164264 -0.144335 -0.12203 -0.101304 -0.0860446 -0.0766419 -0.0721815 -0.0705341 -0.0697446 -0.0684718 -0.0674997 -0.0694627 -0.0731032 -0.0746232 -0.0721926 -0.065455 -0.0566252 -0.0484925 -0.0431736 -0.0408665 -0.0381462 -0.0334368 -0.0283477 -0.0251608 -0.0263483 -0.031909 -0.0402688 -0.0497953 -0.0592323 -0.0690158
-0.162338 -0.177214 -0.19192 -0.204869 -0.216221 -0.226987 -0.235875 -0.241193 -0.244007 -0.245711 -0.246393 -0.245763 -0.243277 -0.239231 -0.235 -0.231476 -0.229049 -0.227939 -0.228143 -0.228859 -0.229086 -0.228266 -0.225987 -0.221943 -0.216315 -0.210053 -0.203042 -0.193866 -0.181477 -0.165246 -0.145296 -0.122661 -0.101261 -0.0851172 -0.0750685 -0.0704079 -0.0684985 -0.0672473 -0.0658711 -0.0651598 -0.0671537 -0.0704354 -0.071391 -0.0685236 -0.0617934 -0.0533231 -0.0456875 -0.0407973 -0.0388275 -0.0367037 -0.033267 -0.0305366 -0.0304754 -0.0345757 -0.0420498 -0.0508247 -0.0597904 -0.0685207 -0.0777678
-0.157598 -0.173933 -0.190525 -0.204817 -0.216918 -0.228338 -0.237814 -0.243512 -0.246515 -0.248367 -0.24956 -0.249949 -0.248563 -0.2454 -0.241789 -0.238674 -0.236541 -0.235421 -0.23504 -0.234879 -0.234309 -0.232651 -0.22935 -0.224205 -0.217551 -0.210495 -0.203075 -0.194008 -0.182043 -0.166128 -0.146271 -0.123529 -0.101706 -0.0847972 -0.0741215 -0.0692298 -0.0669854 -0.0651863 -0.0636765 -0.0632949 -0.0654896 -0.0685474 -0.0688425 -0.0652977 -0.0584058 -0.0503975 -0.0437118 -0.0397706 -0.0385215 -0.0373411 -0.0355472 -0.0355115 -0.0386316 -0.0450576 -0.0534489 -0.0618028 -0.0698126 -0.0779547 -0.0870006
-0.151834 -0.169123 -0.187112 -0.202678 -0.215799 -0.228135 -0.238506 -0.245069 -0.248643 -0.250637 -0.25198 -0.252885 -0.252379 -0.250308 -0.247718 -0.245349 -0.243574 -0.242406 -0.241635 -0.24092 -0.239775 -0.23733 -0.23287 -0.226328 -0.21826 -0.210075 -0.202106 -0.193317 -0.182182 -0.167004 -0.147488 -0.124619 -0.102387 -0.0850326 -0.0739977 -0.0688149 -0.0660747 -0.0636504 -0.0620253 -0.0620936 -0.0647143 -0.0677198 -0.0672533 -0.0628461 -0.0558386 -0.0485565 -0.0431582 -0.0403348 -0.0397764 -0.0397435 -0.0399958 -0.0425289 -0.0480108 -0.0556594 -0.0640095 -0.0714895 -0.0785041 -0.0862132 -0.0954554
-0.145469 -0.163194 -0.181977 -0.198593 -0.212811 -0.226086 -0.237486 -0.245427 -0.250116 -0.252427 -0.253685 -0.25462 -0.254683 -0.253751 -0.252423 -0.251038 -0.249676 -0.248484 -0.247584 -0.246677 -0.245194 -0.242119 -0.236604 -0.228516 -0.218608 -0.208896 -0.20018 -0.191647 -0.181504 -0.167431 -0.148661 -0.125903 -0.103486 -0.0860396 -0.074831 -0.0691914 -0.0657412 -0.0626363 -0.0609548 -0.0615811 -0.0647211 -0.0676854 -0.0663461 -0.0610362 -0.0541555 -0.0478973 -0.0438883 -0.0421848 -0.0423743 -0.0437296 -0.0462357 -0.0508592 -0.0575461 -0.0652197 -0.0727383 -0.0792065 -0.0855184 -0.0931735 -0.103049
-0.139048 -0.157162 -0.176486 -0.193941 -0.209044 -0.22285 -0.23487 -0.24407 -0.250033 -0.252954 -0.254276 -0.255142 -0.255689 -0.255912 -0.255773 -0.255307 -0.254615 -0.2538 -0.252928 -0.251842 -0.250123 -0.246659 -0.240382 -0.230805 -0.218761 -0.207135 -0.197328 -0.188724 -0.17937 -0.166534 -0.149068 -0.127354 -0.105559 -0.0882334 -0.0766415 -0.0702083 -0.0658264 -0.0620369 -0.0604098 -0.0616493 -0.0651102 -0.0677098 -0.0653776 -0.0593403 -0.0529738 -0.047947 -0.0451394 -0.0446038 -0.0461252 -0.0492758 -0.0538291 -0.0598423 -0.0667857 -0.07361 -0.0797931 -0.0853411 -0.0915182 -0.0998596 -0.110804
-0.132651 -0.151188 -0.170913 -0.188946 -0.204628 -0.218691 -0.231039 -0.241137 -0.24817 -0.251825 -0.253472 -0.254479 -0.255604 -0.256962 -0.257955 -0.258397 -0.258476 -0.258172 -0.257361 -0.256092 -0.254221 -0.250553 -0.24376 -0.23287 -0.218688 -0.204908 -0.193604 -0.184556 -0.175825 -0.164399 -0.14879 -0.128969 -0.108471 -0.0913374 -0.0790592 -0.0714892 -0.0660406 -0.0617241 -0.0604484 -0.0624318 -0.0657937 -0.0674201 -0.0640727 -0.0577585 -0.0523481 -0.0487676 -0.0471312 -0.0478423 -0.050994 -0.0559266 -0.0619834 -0.0686314 -0.0751638 -0.0807883 -0.0856672 -0.0906587 -0.0972502 -0.106789 -0.118892
-0.126085 -0.144901 -0.164833 -0.18311 -0.199117 -0.213593 -0.226452 -0.237155 -0.244811 -0.249029 -0.251176 -0.252699 -0.254579 -0.257016 -0.259281 -0.260855 -0.261486 -0.261249 -0.260398 -0.259097 -0.257191 -0.253379 -0.246148 -0.234195 -0.21823 -0.20229 -0.1891 -0.179344 -0.171302 -0.161623 -0.148296 -0.130674 -0.111606 -0.0946354 -0.081497 -0.0725762 -0.0661044 -0.0616601 -0.0612347 -0.0641528 -0.0668416 -0.0667345 -0.0625413 -0.0566795 -0.0526457 -0.0507493 -0.0505894 -0.0526023 -0.0569633 -0.0629722 -0.0697535 -0.0763536 -0.0821224 -0.0867819 -0.0909999 -0.0960575 -0.103412 -0.11409 -0.126937
-0.119446 -0.138159 -0.157987 -0.1763 -0.192568 -0.20755 -0.221049 -0.232383 -0.240614 -0.245343 -0.247942 -0.249929 -0.252463 -0.255876 -0.259475 -0.262322 -0.263436 -0.263043 -0.261986 -0.260566 -0.258579 -0.254658 -0.247161 -0.234517 -0.21723 -0.199311 -0.184054 -0.173325 -0.165823 -0.157947 -0.147065 -0.131741 -0.114178 -0.0974926 -0.0835951 -0.0734365 -0.0663922 -0.0625228 -0.0631499 -0.0665461 -0.0679633 -0.0658996 -0.0613944 -0.0567609 -0.0543691 -0.0540562 -0.055216 -0.0582825 -0.0634354 -0.0699096 -0.0767301 -0.0828256 -0.0877897 -0.0919035 -0.0961338 -0.101834 -0.110155 -0.121663 -0.134753
-0.112988 -0.131024 -0.150306 -0.168577 -0.185203 -0.20059 -0.214661 -0.22695 -0.236204 -0.241641 -0.244491 -0.246409 -0.249142 -0.253319 -0.258093 -0.262142 -0.263966 -0.263674 -0.262265 -0.260354 -0.258056 -0.25408 -0.246672 -0.233804 -0.215619 -0.196031 -0.178788 -0.166786 -0.159306 -0.152878 -0.144321 -0.131341 -0.115476 -0.0994049 -0.0851573 -0.0742762 -0.0675037 -0.0650628 -0.0664703 -0.0691759 -0.0688685 -0.0653825 -0.0613927 -0.0585796 -0.0578344 -0.0586055 -0.0603514 -0.06394 -0.0697166 -0.0763921 -0.0827865 -0.0881806 -0.0925493 -0.096526 -0.101227 -0.107954 -0.117323 -0.129295 -0.142262
