data_raster/melanesia/PNMC_current_2021/202107_North.grd
DSAA																																																																																																																																																																																																																																																																																																																																																																																																																											
412	268																																																																																																																																																																																																																																																																																																																																																																																																																										
156	174.5																																																																																																																																																																																																																																																																																																																																																																																																																										
-26.5	-14.5																																																																																																																																																																																																																																																																																																																																																																																																																										
-0.423863	0.48696																																																																																																																																																																																																																																																																																																																																																																																																																										
[rows 208 to 233 of 268, columns 0 to 58 of 412]
0.00376279 0.000873924 -0.00234567 -0.00605991 -0.0100035 -0.0139363 -0.0177895 -0.0218525 -0.0267369 -0.0319789 -0.0363848 -0.0398713 -0.0429039 -0.0457021 -0.0484773 -0.0517164 -0.0555134 -0.058933 -0.0617982 -0.0652665 -0.0693608 -0.0728541 -0.0750668 -0.0758154 -0.0754685 -0.0746425 -0.0739194 -0.0736503 -0.0734958 -0.0731306 -0.0725371 -0.0717883 -0.0710224 -0.070236 -0.0692953 -0.0681362 -0.0667634 -0.0653333 -0.0639575 -0.0622823 -0.0600487 -0.0576126 -0.0552755 -0.0530406 -0.0508333 -0.0485246 -0.0460135 -0.0432786 -0.0408137 -0.0391338 -0.0371354 -0.0333061 -0.0268828 -0.0174609 -0.00509198 0.0091144 0.0224147 0.0318114 0.0345323
-0.000703687 -0.0034165 -0.00673926 -0.0108746 -0.0149811 -0.0186485 -0.022488 -0.0272326 -0.0335266 -0.0402766 -0.0452861 -0.0485942 -0.0513744 -0.0544943 -0.0583873 -0.0623338 -0.0656082 -0.0680637 -0.0699484 -0.0719591 -0.074027 -0.0752874 -0.0753463 -0.0742625 -0.0728446 -0.072057 -0.0719213 -0.0721249 -0.0722135 -0.071932 -0.0714884 -0.0710266 -0.0705242 -0.0699749 -0.0693962 -0.0687734 -0.0680807 -0.0673533 -0.0665809 -0.0654422 -0.0636893 -0.0615143 -0.0591492 -0.0567565 -0.0543785 -0.0519221 -0.0493592 -0.0467504 -0.0444205 -0.0426252 -0.0403166 -0.0362779 -0.0305124 -0.0229822 -0.0128335 -0.000111831 0.0134196 0.0250481 0.0314503
-0.00439308 -0.0067062 -0.0102333 -0.0153552 -0.0203191 -0.0243527 -0.0289132 -0.0347975 -0.0417243 -0.048388 -0.0529772 -0.0558832 -0.0585684 -0.0619762 -0.0663469 -0.0700797 -0.0720162 -0.0729485 -0.0735624 -0.0739573 -0.0740935 -0.0738315 -0.0729469 -0.071297 -0.0698197 -0.0696332 -0.0702532 -0.0708629 -0.0711441 -0.0710463 -0.0708642 -0.0707396 -0.0705511 -0.0702824 -0.0700258 -0.0697922 -0.0695458 -0.0692951 -0.0690049 -0.0683675 -0.0671194 -0.0653279 -0.0631443 -0.0607668 -0.0583103 -0.0557811 -0.0532059 -0.0506418 -0.0482221 -0.0459792 -0.0430792 -0.0386938 -0.0332541 -0.0269829 -0.0188445 -0.0083479 0.003746 0.0155711 0.0243204
-0.00799689 -0.00953394 -0.0129868 -0.0190712 -0.0254269 -0.0308727 -0.0370266 -0.0441262 -0.0505492 -0.0553552 -0.0583486 -0.0605032 -0.0631985 -0.0667154 -0.0706138 -0.0732507 -0.0736852 -0.0731923 -0.0726419 -0.0718214 -0.0708094 -0.0700344 -0.0693151 -0.0681827 -0.0673536 -0.0677796 -0.068825 -0.0696103 -0.0700205 -0.0701648 -0.0703024 -0.0705393 -0.0707496 -0.0708806 -0.0709633 -0.0710227 -0.0710819 -0.0711912 -0.0713336 -0.0711517 -0.0703347 -0.0689584 -0.0671371 -0.0649341 -0.062463 -0.0598996 -0.0573181 -0.054705 -0.0520543 -0.0492897 -0.0458788 -0.0413464 -0.0360902 -0.0303743 -0.0236128 -0.0153061 -0.005347 0.00535099 0.0148553
-0.0126388 -0.0131071 -0.0158081 -0.0218179 -0.0292406 -0.0367138 -0.0445543 -0.0519776 -0.0568763 -0.0591994 -0.0605082 -0.0619046 -0.0640902 -0.0670079 -0.0700753 -0.0717752 -0.071311 -0.070009 -0.0688226 -0.0676854 -0.0666463 -0.0659378 -0.0654543 -0.0649392 -0.0648543 -0.0657797 -0.0672108 -0.0684873 -0.0695012 -0.0702768 -0.0708857 -0.0713805 -0.0717792 -0.0721006 -0.0723702 -0.0726481 -0.0730086 -0.0734715 -0.073966 -0.0741263 -0.0736472 -0.072616 -0.0711301 -0.0691831 -0.0668489 -0.064309 -0.0616696 -0.0589586 -0.0561107 -0.0529827 -0.0492712 -0.0447365 -0.0396098 -0.0341131 -0.0281604 -0.0214822 -0.0136055 -0.00467098 0.00448585
-0.0180621 -0.0173351 -0.0187187 -0.0235637 -0.031255 -0.0404966 -0.0493674 -0.0560228 -0.0589394 -0.0590885 -0.0591605 -0.0599301 -0.0612008 -0.0631069 -0.06551 -0.0668961 -0.0663478 -0.0650142 -0.0638594 -0.0631073 -0.0626518 -0.0621431 -0.0616704 -0.0616264 -0.0623087 -0.063863 -0.0659237 -0.068041 -0.0699921 -0.0716102 -0.072755 -0.0734405 -0.0738847 -0.0742392 -0.0745812 -0.0750011 -0.07558 -0.0762615 -0.076899 -0.0772019 -0.0769407 -0.0761625 -0.0749328 -0.0732628 -0.071181 -0.0687483 -0.0660905 -0.0633625 -0.060493 -0.0572841 -0.0535499 -0.049168 -0.0442397 -0.0389323 -0.0334405 -0.0277322 -0.0213994 -0.014127 -0.00577992
-0.0230695 -0.0212083 -0.0211645 -0.0243996 -0.0314374 -0.0411283 -0.0497669 -0.0549645 -0.0562669 -0.0552249 -0.054612 -0.0548839 -0.0554465 -0.056729 -0.0589941 -0.0606563 -0.0606304 -0.0599168 -0.0593465 -0.0590327 -0.0587914 -0.0582531 -0.0578275 -0.0583894 -0.0601318 -0.0628482 -0.0659704 -0.0689406 -0.0715818 -0.0737672 -0.0753252 -0.0762815 -0.0769357 -0.0774726 -0.0779511 -0.0784262 -0.0789405 -0.0794478 -0.079854 -0.0800176 -0.0798174 -0.0792232 -0.078222 -0.0768027 -0.0749692 -0.0727504 -0.0702877 -0.0677858 -0.0651614 -0.0621832 -0.0587175 -0.0546959 -0.0501589 -0.045224 -0.0401318 -0.0349417 -0.0293782 -0.0230051 -0.0152943
-0.0270339 -0.0240425 -0.0227042 -0.0244616 -0.0301906 -0.0388015 -0.0460718 -0.0497506 -0.0502813 -0.04921 -0.0486174 -0.0487116 -0.0489302 -0.0499346 -0.0522416 -0.0543552 -0.0551349 -0.0552768 -0.0553352 -0.0552526 -0.0549304 -0.0543365 -0.0541604 -0.0554742 -0.0583944 -0.0624801 -0.0667762 -0.0704464 -0.0735196 -0.076089 -0.0780356 -0.0793994 -0.0804668 -0.0813725 -0.0820927 -0.082591 -0.0828373 -0.0828721 -0.0827592 -0.0825335 -0.0821897 -0.0816315 -0.0807612 -0.0795099 -0.0778783 -0.0759524 -0.0738685 -0.0717751 -0.0695659 -0.0670087 -0.0639802 -0.0604232 -0.0563769 -0.0519304 -0.0472389 -0.0423456 -0.0370865 -0.0311122 -0.0239334
-0.0296321 -0.025444 -0.02309 -0.0239381 -0.0281388 -0.0344725 -0.0397684 -0.0425051 -0.0433076 -0.0432296 -0.0434282 -0.0438274 -0.0439394 -0.0445926 -0.0465612 -0.0488142 -0.0503452 -0.0511253 -0.0513327 -0.051248 -0.0510149 -0.05068 -0.0509908 -0.0530537 -0.0569132 -0.0619889 -0.0670986 -0.0712686 -0.0747529 -0.0778263 -0.0803181 -0.0822203 -0.0838156 -0.0851961 -0.0862539 -0.0868477 -0.0868548 -0.0863929 -0.0856752 -0.0848917 -0.0841541 -0.0833725 -0.0824266 -0.081207 -0.0797165 -0.0780925 -0.0764289 -0.07476 -0.0729648 -0.0708447 -0.06826 -0.0651311 -0.0615245 -0.0575336 -0.0532314 -0.0486503 -0.0437544 -0.0383136 -0.0319226
-0.0306289 -0.0256494 -0.022754 -0.0231807 -0.0259833 -0.0298244 -0.0333179 -0.0358372 -0.0376387 -0.0390308 -0.0402577 -0.0409738 -0.0407917 -0.0408072 -0.0421564 -0.0443044 -0.0463888 -0.0476534 -0.0479025 -0.0477641 -0.0475987 -0.0474704 -0.0481299 -0.0506755 -0.0550817 -0.0606793 -0.0662487 -0.0708238 -0.074759 -0.0783861 -0.081464 -0.0839438 -0.0861258 -0.0880867 -0.0896644 -0.0906228 -0.0907293 -0.0900516 -0.0888114 -0.0873514 -0.0859593 -0.084678 -0.083449 -0.0821095 -0.0806305 -0.0791566 -0.077747 -0.0763703 -0.0748995 -0.0731589 -0.0709952 -0.0683123 -0.0652006 -0.0617604 -0.0580056 -0.0539774 -0.0497751 -0.0452489 -0.039991
-0.029966 -0.0250854 -0.0222676 -0.0225568 -0.0243789 -0.0265171 -0.0290706 -0.0320167 -0.0350373 -0.0377174 -0.039577 -0.040119 -0.0391513 -0.0382196 -0.0389186 -0.040896 -0.0432863 -0.0450464 -0.0456941 -0.0456435 -0.045285 -0.0449478 -0.0455062 -0.0480672 -0.0525536 -0.058245 -0.0640047 -0.0689365 -0.0732927 -0.077329 -0.080851 -0.0838537 -0.0866559 -0.0893322 -0.0916958 -0.0934342 -0.0941895 -0.0937927 -0.0922653 -0.09011 -0.0878764 -0.0858787 -0.0842058 -0.0826125 -0.080985 -0.0794159 -0.0779718 -0.0766732 -0.0754005 -0.0739631 -0.0722127 -0.0700649 -0.0676175 -0.0649578 -0.0620381 -0.0589018 -0.0557642 -0.052503 -0.0486245
-0.0280828 -0.0241416 -0.0219419 -0.0223138 -0.0237468 -0.0253632 -0.0279756 -0.031677 -0.0355463 -0.0387299 -0.040505 -0.0404488 -0.0386123 -0.0368102 -0.0368784 -0.0385767 -0.0410823 -0.0432966 -0.0445142 -0.0447048 -0.0441935 -0.0436362 -0.0439768 -0.0462151 -0.0502942 -0.0555861 -0.0611022 -0.0660311 -0.0704624 -0.0745622 -0.0782939 -0.0817557 -0.0852521 -0.0888181 -0.092209 -0.095024 -0.0967782 -0.0970454 -0.0956071 -0.0930395 -0.0900887 -0.0873705 -0.0851838 -0.0832873 -0.0815061 -0.0798224 -0.078284 -0.0769709 -0.0758149 -0.074661 -0.0733373 -0.0717322 -0.069987 -0.0681985 -0.0662045 -0.0639899 -0.0618334 -0.0596572 -0.0569707
-0.0256238 -0.02316 -0.0219523 -0.0226606 -0.0244153 -0.0267464 -0.030251 -0.0346619 -0.0386282 -0.0412773 -0.0421936 -0.0412857 -0.03887 -0.0366151 -0.0361788 -0.0375293 -0.0400338 -0.0425441 -0.0441979 -0.0447038 -0.0443315 -0.0438834 -0.0441828 -0.0459604 -0.0492501 -0.0536702 -0.0584047 -0.0627378 -0.0666849 -0.070408 -0.0740765 -0.0779 -0.0821277 -0.0867089 -0.091295 -0.0953629 -0.098291 -0.0994847 -0.0985669 -0.0960528 -0.0927273 -0.0894509 -0.0867589 -0.0845643 -0.0827094 -0.0810376 -0.0795117 -0.0781909 -0.0771039 -0.0762246 -0.0753126 -0.0741632 -0.073015 -0.0720213 -0.0708625 -0.0693918 -0.0678567 -0.0662685 -0.0643371
-0.0234528 -0.0224024 -0.0223044 -0.0237833 -0.0266188 -0.0304961 -0.0351534 -0.0398363 -0.0432614 -0.0448164 -0.044479 -0.0426072 -0.0398741 -0.0376361 -0.0371362 -0.0383817 -0.0408321 -0.0433229 -0.0450149 -0.0457181 -0.0456757 -0.0455214 -0.0458701 -0.0472509 -0.0497247 -0.0530538 -0.0566114 -0.0598548 -0.0628784 -0.0659272 -0.0692981 -0.0732607 -0.0780239 -0.0835035 -0.0893203 -0.0948117 -0.0991495 -0.101546 -0.101454 -0.0992942 -0.0958475 -0.0921705 -0.089016 -0.0864866 -0.0844898 -0.0827851 -0.0812523 -0.0798904 -0.0787971 -0.0780628 -0.0774109 -0.0765763 -0.0758646 -0.0754854 -0.0750719 -0.0743642 -0.0734228 -0.0722982 -0.0709851
-0.0223018 -0.0224003 -0.023464 -0.0262004 -0.0306468 -0.0362833 -0.0418278 -0.0461877 -0.0486104 -0.0488968 -0.0473167 -0.0446008 -0.0417317 -0.0397854 -0.0395855 -0.0409479 -0.0432588 -0.0454369 -0.0468454 -0.0476294 -0.0479907 -0.0481378 -0.0484967 -0.0495796 -0.0513782 -0.0536041 -0.0557963 -0.057646 -0.0594864 -0.0617141 -0.0645976 -0.0683972 -0.0733692 -0.0794859 -0.0864158 -0.093389 -0.0993617 -0.103254 -0.104241 -0.102664 -0.0993259 -0.0954463 -0.0919439 -0.0890518 -0.0867615 -0.0848615 -0.0832044 -0.0817247 -0.0805294 -0.0797586 -0.0791717 -0.0785262 -0.0781186 -0.0781754 -0.0784266 -0.0785717 -0.0783915 -0.0778929 -0.0773003
-0.0226511 -0.0240586 -0.0265428 -0.0308419 -0.0368116 -0.0435999 -0.049406 -0.0530458 -0.0541923 -0.0531523 -0.0506933 -0.0476087 -0.0447075 -0.0428483 -0.0426484 -0.0438108 -0.0457339 -0.0475882 -0.0489343 -0.0499709 -0.0507313 -0.051058 -0.05127 -0.051948 -0.0530586 -0.0542632 -0.0551539 -0.0555669 -0.0561677 -0.0575436 -0.0597917 -0.0631387 -0.0680517 -0.0745801 -0.0823355 -0.0905639 -0.0982321 -0.1039 -0.106304 -0.105662 -0.102792 -0.0990393 -0.0954342 -0.0922529 -0.089577 -0.0873453 -0.0854457 -0.0837533 -0.0823663 -0.0814535 -0.0808488 -0.0803712 -0.0802632 -0.0807154 -0.0815373 -0.0824373 -0.0830654 -0.0833773 -0.0836462
-0.0246049 -0.0274084 -0.0312682 -0.0368246 -0.0436384 -0.0506786 -0.0562192 -0.0591487 -0.0592069 -0.0571308 -0.0543118 -0.0513592 -0.048541 -0.0465612 -0.0460243 -0.0466454 -0.0479508 -0.0494882 -0.0509569 -0.0522783 -0.0532383 -0.053509 -0.0533617 -0.0534205 -0.0537488 -0.0540969 -0.053987 -0.0532306 -0.0527629 -0.0533417 -0.0549151 -0.057705 -0.0624158 -0.0691359 -0.07734 -0.0864169 -0.0955784 -0.103092 -0.107218 -0.107903 -0.105837 -0.102515 -0.0990825 -0.0957926 -0.0927814 -0.0901541 -0.087903 -0.0859443 -0.0843664 -0.0833156 -0.0826938 -0.082387 -0.0825712 -0.0833764 -0.084643 -0.0861242 -0.0875101 -0.0887225 -0.0899215
-0.0278222 -0.0315057 -0.0359106 -0.0414932 -0.0480196 -0.0546982 -0.0599872 -0.0627771 -0.0626235 -0.0603589 -0.0576553 -0.0550318 -0.0524962 -0.0506432 -0.0500144 -0.0502422 -0.0508993 -0.051883 -0.0530554 -0.0541521 -0.0548305 -0.0547214 -0.0540149 -0.0532609 -0.0527397 -0.0524742 -0.0518629 -0.0505283 -0.0493921 -0.0492786 -0.0502948 -0.0527375 -0.0572561 -0.0639075 -0.0721802 -0.0816502 -0.0917843 -0.100831 -0.106835 -0.109159 -0.108063 -0.105292 -0.102226 -0.0990939 -0.0959955 -0.0930229 -0.0903397 -0.0881557 -0.0865417 -0.0854788 -0.084883 -0.0846951 -0.0850416 -0.0860256 -0.0875789 -0.0895304 -0.0915872 -0.0936176 -0.0956631
-0.0308432 -0.0345066 -0.0384849 -0.0431192 -0.0488087 -0.0552262 -0.0607991 -0.0642466 -0.0648529 -0.0632596 -0.0610357 -0.0587785 -0.0566264 -0.0550751 -0.0545057 -0.054452 -0.054492 -0.054735 -0.0551943 -0.0556191 -0.0556641 -0.0549463 -0.0535624 -0.0519599 -0.0506813 -0.0500856 -0.0494305 -0.0480545 -0.0466076 -0.0458712 -0.0463662 -0.0485374 -0.0527503 -0.0590178 -0.0670335 -0.0765492 -0.0871893 -0.0974068 -0.105285 -0.109429 -0.109436 -0.107265 -0.104574 -0.101715 -0.0987723 -0.0956895 -0.0927358 -0.0904187 -0.0888386 -0.0878643 -0.087383 -0.0873319 -0.0878107 -0.0889385 -0.0907844 -0.0932543 -0.0960035 -0.0988255 -0.101679
-0.0316895 -0.0343282 -0.0372638 -0.0409807 -0.0464325 -0.0535325 -0.0603044 -0.0651368 -0.0671359 -0.0667076 -0.0651759 -0.0632727 -0.0614009 -0.0599361 -0.05909 -0.058525 -0.0579589 -0.0575151 -0.0572461 -0.0570021 -0.0564461 -0.0551067 -0.053056 -0.0507843 -0.0490273 -0.048342 -0.0478619 -0.0466716 -0.0450713 -0.0437246 -0.0435456 -0.0451492 -0.0486924 -0.0542329 -0.061759 -0.0711593 -0.0821136 -0.0932888 -0.102876 -0.108843 -0.110139 -0.108627 -0.106114 -0.10337 -0.100687 -0.0979161 -0.0951822 -0.0928485 -0.0911636 -0.0902625 -0.0900142 -0.0902534 -0.0910623 -0.0925888 -0.0949925 -0.0982183 -0.10186 -0.105632 -0.10941
-0.0301477 -0.0315187 -0.0334749 -0.0367948 -0.0427379 -0.0511893 -0.0595809 -0.0659716 -0.0694892 -0.0703534 -0.0695719 -0.0679817 -0.0662531 -0.0646868 -0.0633954 -0.062274 -0.0612223 -0.0602605 -0.0594139 -0.0586764 -0.0577208 -0.0559393 -0.0533773 -0.0505808 -0.0483554 -0.047337 -0.0467591 -0.0456985 -0.0440928 -0.0423694 -0.0416072 -0.0425296 -0.0452634 -0.049974 -0.0568842 -0.066007 -0.0770863 -0.0889411 -0.0998493 -0.107416 -0.11012 -0.109385 -0.106952 -0.104192 -0.101783 -0.0995905 -0.0974516 -0.0952726 -0.0934518 -0.0925619 -0.0925545 -0.0932135 -0.0945698 -0.0967465 -0.099944 -0.10412 -0.108816 -0.113665 -0.118437
-0.0269195 -0.0277257 -0.0294168 -0.0330054 -0.0398118 -0.0495656 -0.0592312 -0.0667249 -0.071418 -0.0734131 -0.0733447 -0.0720555 -0.0703991 -0.0687251 -0.0671751 -0.0657694 -0.0644766 -0.0632094 -0.0619816 -0.0609553 -0.0598458 -0.0579402 -0.055143 -0.0518505 -0.0488061 -0.0467139 -0.0453108 -0.0440765 -0.0426154 -0.040975 -0.0400566 -0.0405514 -0.0427175 -0.0468063 -0.0530826 -0.0617056 -0.0726184 -0.0847425 -0.0963977 -0.105144 -0.109236 -0.109451 -0.10725 -0.104531 -0.102367 -0.100731 -0.099255 -0.0974339 -0.0956603 -0.0947356 -0.0948541 -0.0959724 -0.09801 -0.100966 -0.105055 -0.110243 -0.116031 -0.121962 -0.127678
-0.0231863 -0.0240557 -0.0260165 -0.0302 -0.0378193 -0.0484509 -0.0588961 -0.0671086 -0.0727083 -0.0757394 -0.0765442 -0.0758069 -0.0743224 -0.0725224 -0.0706938 -0.0690525 -0.0676646 -0.0662918 -0.064889 -0.0637517 -0.0626643 -0.0608851 -0.0581009 -0.0543886 -0.0503858 -0.0468907 -0.0442155 -0.0423605 -0.0408163 -0.0393538 -0.0385233 -0.0388684 -0.0407842 -0.0445249 -0.0502363 -0.0582104 -0.0686669 -0.0806803 -0.0926588 -0.102199 -0.107452 -0.108727 -0.107188 -0.104847 -0.102962 -0.101709 -0.100715 -0.0993074 -0.0977849 -0.0969402 -0.0971991 -0.0987631 -0.101506 -0.105327 -0.110388 -0.116611 -0.123464 -0.130416 -0.137002
-0.0202534 -0.021419 -0.0237713 -0.0284517 -0.036467 -0.0473401 -0.0581341 -0.0669676 -0.0734724 -0.0776167 -0.0795892 -0.0797864 -0.0786991 -0.0767509 -0.0743989 -0.0722992 -0.070799 -0.069439 -0.0680178 -0.0668808 -0.0658801 -0.0643219 -0.0616878 -0.0577067 -0.0529395 -0.0482779 -0.0443302 -0.0414201 -0.0392525 -0.0376361 -0.0368423 -0.0372235 -0.0391533 -0.0427677 -0.0480186 -0.0552968 -0.0651016 -0.0767545 -0.0888384 -0.098877 -0.104912 -0.107234 -0.106851 -0.10536 -0.103881 -0.102826 -0.10203 -0.10096 -0.099844 -0.0993219 -0.099892 -0.101902 -0.10533 -0.110099 -0.11621 -0.123458 -0.131292 -0.139153 -0.146534
-0.0193618 -0.020626 -0.0231342 -0.0279777 -0.0358406 -0.0462953 -0.0571491 -0.0668055 -0.0745735 -0.0800725 -0.0831744 -0.0841897 -0.0836124 -0.0816963 -0.0788245 -0.0761321 -0.0743457 -0.0728757 -0.0713931 -0.0702298 -0.0692471 -0.0677667 -0.0651883 -0.0610953 -0.0559343 -0.0505306 -0.045583 -0.0415839 -0.0385015 -0.0363374 -0.0353712 -0.0358437 -0.0378854 -0.0414088 -0.0461984 -0.0528001 -0.0620411 -0.0733711 -0.085409 -0.0956825 -0.102234 -0.105372 -0.106006 -0.105431 -0.104574 -0.103846 -0.10325 -0.102528 -0.10189 -0.101822 -0.102875 -0.105518 -0.109805 -0.115643 -0.122815 -0.130978 -0.139621 -0.148228 -0.156306
-0.0213492 -0.0222291 -0.024373 -0.0287982 -0.0358792 -0.0454042 -0.0563269 -0.0673408 -0.0769573 -0.0840426 -0.0878983 -0.0891592 -0.0889526 -0.087287 -0.0841638 -0.0809305 -0.078599 -0.0767274 -0.0750222 -0.0737101 -0.072572 -0.0708966 -0.0681653 -0.0640822 -0.0589042 -0.0531783 -0.0476123 -0.0428031 -0.0388465 -0.0359188 -0.0345554 -0.0350078 -0.0370707 -0.0404092 -0.0446949 -0.0506917 -0.0595862 -0.0707514 -0.0826303 -0.0929399 -0.0998736 -0.103504 -0.104617 -0.104688 -0.104623 -0.104519 -0.104368 -0.104136 -0.104035 -0.104463 -0.106124 -0.109662 -0.115062 -0.12208 -0.130288 -0.139249 -0.148549 -0.157746 -0.166371
