data_raster/melanesia/PNMC_current_2021/202109_North.grd
DSAA																																																																																																																																																																																																																																																																																																																																																																																																																											
412	268																																																																																																																																																																																																																																																																																																																																																																																																																										
156	174.5																																																																																																																																																																																																																																																																																																																																																																																																																										
-26.5	-14.5																																																																																																																																																																																																																																																																																																																																																																																																																										
-0.490809	0.428334																																																																																																																																																																																																																																																																																																																																																																																																																										
[rows 156 to 181 of 268, columns 0 to 59 of 412]
0.0161846 0.0127647 0.00845178 0.00255657 -0.00506841 -0.0131994 -0.0184938 -0.0197961 -0.018636 -0.015467 -0.00986986 -0.002179 0.00674192 0.0153575 0.0221198 0.0262504 0.0268456 0.0223627 0.0136404 0.00522742 -3.82926E-05 -0.00138921 0.00229884 0.011836 0.0231126 0.0306116 0.0332296 0.0307755 0.0216852 0.0064123 -0.009938 -0.0239149 -0.0351932 -0.0448097 -0.054997 -0.0695368 -0.0920159 -0.1182 -0.141272 -0.157419 -0.165595 -0.17016 -0.173578 -0.173286 -0.172874 -0.182927 -0.192295 -0.173448 -0.12036 -0.0429571 0.0277194 0.0584236 0.0375018 -0.0220446 -0.059469 -0.0509948 -0.0446733 -0.0619631 -0.0878931 -0.115688
0.0119562 0.00567071 -0.00189763 -0.0113627 -0.0216059 -0.0307467 -0.0361425 -0.0371468 -0.0354107 -0.0312648 -0.0240853 -0.01482 -0.00515975 0.00373113 0.0107532 0.0143867 0.013742 0.00960781 0.00381713 -0.000597939 -0.00155904 0.00176073 0.00811883 0.0147863 0.0184598 0.0164335 0.0101822 0.00125614 -0.0125561 -0.0311623 -0.0483017 -0.0607128 -0.0702625 -0.0781447 -0.0848665 -0.0941764 -0.11049 -0.128691 -0.141343 -0.148289 -0.151441 -0.152944 -0.153132 -0.149131 -0.144828 -0.151653 -0.160023 -0.144729 -0.103786 -0.0502748 -0.00730414 0.00439382 -0.0126454 -0.0428565 -0.0525854 -0.0338677 -0.0246792 -0.0392807 -0.0617393 -0.0894678
0.00206692 -0.00636198 -0.0168071 -0.029682 -0.041283 -0.048663 -0.0513248 -0.0500124 -0.0465343 -0.0413463 -0.0339657 -0.0253723 -0.0170206 -0.00866536 -0.00023004 0.00568559 0.00734956 0.00638442 0.00447954 0.00271422 0.00233139 0.00456922 0.00769248 0.00815506 0.00456845 -0.00311808 -0.0134517 -0.0253374 -0.0402266 -0.0577372 -0.072766 -0.082996 -0.0906705 -0.0967026 -0.10076 -0.10591 -0.116183 -0.127292 -0.13316 -0.135089 -0.13568 -0.135563 -0.133919 -0.128078 -0.121872 -0.12633 -0.134085 -0.1242 -0.0975355 -0.0665897 -0.0383443 -0.0174579 -0.00775638 -0.00808865 -0.00560662 0.00195871 -0.00295294 -0.023807 -0.0472385 -0.0727555
-0.0104705 -0.0211773 -0.0338918 -0.0484505 -0.0591254 -0.0624636 -0.0604172 -0.0554096 -0.0496961 -0.0439589 -0.0377458 -0.0313843 -0.0252172 -0.0173177 -0.00636374 0.0040569 0.0108129 0.014313 0.0146932 0.0110134 0.00479363 -0.000119295 -0.00400839 -0.00971245 -0.0168009 -0.0238092 -0.0318514 -0.0423168 -0.0549675 -0.0686399 -0.080945 -0.0903546 -0.0967735 -0.100984 -0.104504 -0.109012 -0.115676 -0.121619 -0.123435 -0.122744 -0.121784 -0.120678 -0.118311 -0.112132 -0.105825 -0.109933 -0.117431 -0.108832 -0.0902071 -0.0768963 -0.0517118 0.0016237 0.049147 0.0612564 0.049116 0.0265374 0.00132444 -0.022468 -0.0444064 -0.0651819
-0.0243757 -0.0378292 -0.0510333 -0.0627112 -0.0689689 -0.0681048 -0.06286 -0.0557646 -0.0485606 -0.0423016 -0.0373927 -0.0329513 -0.0273003 -0.0180575 -0.00420432 0.00960076 0.0191235 0.0239746 0.022845 0.012482 -0.00334718 -0.0142142 -0.0198958 -0.0267083 -0.0344004 -0.0404842 -0.0469387 -0.0558598 -0.0654107 -0.0741908 -0.0832394 -0.0920313 -0.0976421 -0.100458 -0.103866 -0.108508 -0.113132 -0.115927 -0.11554 -0.1136 -0.111751 -0.10944 -0.106005 -0.101377 -0.0984738 -0.103101 -0.108675 -0.100403 -0.086255 -0.0802063 -0.054053 0.0163671 0.0791838 0.0880271 0.0556209 0.00805935 -0.0223422 -0.0296276 -0.0366898 -0.0506473
-0.0373519 -0.0523555 -0.0638082 -0.0693189 -0.0694928 -0.0656536 -0.0595216 -0.0523626 -0.0449073 -0.0384028 -0.0341566 -0.0302194 -0.0232601 -0.0117795 0.00372282 0.0179247 0.0261276 0.0275053 0.0206137 0.00261869 -0.0198897 -0.0316799 -0.0337496 -0.0374875 -0.0442663 -0.0513044 -0.0590127 -0.0678132 -0.075085 -0.0798163 -0.0854517 -0.0925049 -0.0969085 -0.0986302 -0.101402 -0.10549 -0.108967 -0.110441 -0.109281 -0.107105 -0.105184 -0.102142 -0.0980324 -0.0963262 -0.0986132 -0.10348 -0.105606 -0.0978898 -0.086296 -0.0791758 -0.0545483 0.00531344 0 0.0641108 0.0227115 -0.0382502 -0.0578453 -0.0315733 -0.0180364 -0.031551
-0.0463601 -0.0587053 -0.0664987 -0.0672652 -0.0638723 -0.0587982 -0.0524147 -0.0453236 -0.0386032 -0.0329397 -0.0284734 -0.0233978 -0.0152618 -0.00367185 0.0101095 0.0214774 0.0257756 0.0199856 0.00448391 -0.0154452 -0.032922 -0.040611 -0.0411863 -0.0434711 -0.0493216 -0.0573321 -0.0664404 -0.0753799 -0.081904 -0.0852545 -0.0880807 -0.0913023 -0.0929973 -0.0934712 -0.0951002 -0.0980258 -0.100931 -0.102501 -0.101944 -0.10071 -0.0999753 -0.0984783 -0.0964751 -0.0976811 -0.102406 -0.106321 -0.105584 -0.0976912 -0.0869164 -0.0786735 -0.0623065 -0.0269303 0.0161432 0.0430853 0.0130305 -0.059706 -0.0693788 -0.0108912 0.00643405 -0.0266234
-0.0513251 -0.0582877 -0.0619003 -0.0604024 -0.05612 -0.0507927 -0.0440887 -0.0367931 -0.0310525 -0.0266039 -0.0213822 -0.0145647 -0.00610051 0.00353762 0.0131527 0.0196103 0.0188722 0.00594643 -0.016099 -0.0320922 -0.0374242 -0.0392298 -0.0412729 -0.0445605 -0.0500364 -0.0582178 -0.0675425 -0.0760383 -0.0824452 -0.0861059 -0.0873268 -0.0869814 -0.08653 -0.0868072 -0.0880055 -0.0900962 -0.0928113 -0.0950907 -0.0960005 -0.0965871 -0.0978295 -0.0990286 -0.100129 -0.102732 -0.106499 -0.1085 -0.106343 -0.0986878 -0.0887893 -0.0813755 -0.0745141 -0.0605727 -0.0196871 0.0388921 0.0276488 -0.0559761 -0.0604034 0.0198543 0.0236146 -0.0413841
-0.0538978 -0.0565251 -0.05715 -0.0546175 -0.0499534 -0.0440319 -0.0369092 -0.0296215 -0.0242388 -0.0199878 -0.0141257 -0.00654915 0.00146972 0.00887288 0.0143832 0.0156706 0.0100136 -0.00553928 -0.0262397 -0.0360988 -0.0335558 -0.0322113 -0.0356245 -0.0402383 -0.045825 -0.053332 -0.0614594 -0.068547 -0.0739704 -0.0773774 -0.0785836 -0.0785574 -0.0797245 -0.0825063 -0.0854525 -0.0881833 -0.0909777 -0.0936996 -0.0961734 -0.0988248 -0.101847 -0.104332 -0.10586 -0.107223 -0.108458 -0.108504 -0.106331 -0.101197 -0.0943821 -0.0880145 -0.0824591 -0.0718667 -0.0291661 0.0391923 0.0323592 -0.0553611 -0.0554897 0.0324622 0.0191526 -0.0687286
-0.0550588 -0.0549227 -0.0534908 -0.0498958 -0.0443771 -0.037484 -0.0300017 -0.0229535 -0.0174825 -0.012773 -0.00673491 0.00040661 0.00721626 0.0123925 0.0144505 0.0110854 0.00118508 -0.0131536 -0.0267501 -0.0308031 -0.0265292 -0.02516 -0.0290473 -0.0343449 -0.0400351 -0.0463332 -0.0526901 -0.0583857 -0.0629065 -0.0661155 -0.0685751 -0.0713037 -0.0757411 -0.0815499 -0.0868213 -0.0909194 -0.0941165 -0.0971463 -0.100737 -0.104781 -0.108662 -0.110995 -0.111213 -0.110488 -0.109597 -0.108588 -0.107128 -0.104644 -0.100915 -0.0956214 -0.0866223 -0.0686757 -0.0273184 0.0267746 0 -0.0585245 -0.0572537 0.0170484 0.00123985 0
-0.0553557 -0.0532803 -0.0498617 -0.0442929 -0.037152 -0.029286 -0.0216177 -0.0148413 -0.00931239 -0.00437549 0.00121545 0.00705658 0.0118862 0.0145373 0.0135677 0.0064496 -0.00656065 -0.018303 -0.0240388 -0.0243153 -0.0221918 -0.0225552 -0.0262351 -0.0312623 -0.036524 -0.0415094 -0.0465558 -0.051946 -0.0569836 -0.0613052 -0.0656218 -0.0705912 -0.0765785 -0.0831668 -0.0892789 -0.0943913 -0.0984458 -0.10207 -0.105972 -0.109966 -0.113411 -0.11508 -0.114587 -0.113268 -0.112147 -0.111573 -0.110795 -0.108383 -0.10488 -0.100903 -0.0907221 -0.0684975 -0.0370847 -0.00943276 0 -0.0574136 -0.0599156 -0.0223227 -0.0152587 -0.0288871
-0.0547013 -0.0510513 -0.0457522 -0.0379644 -0.0289346 -0.0199736 -0.0119204 -0.0051501 0.000462743 0.00533603 0.00997938 0.0138762 0.0160134 0.0156193 0.0117087 0.00225272 -0.0115083 -0.0203933 -0.0208826 -0.019692 -0.0204366 -0.0226316 -0.0259166 -0.0300882 -0.034452 -0.0383652 -0.0425793 -0.0478431 -0.0535587 -0.0592314 -0.0651167 -0.071333 -0.0776925 -0.0841967 -0.0909871 -0.0975611 -0.103107 -0.1075 -0.11094 -0.113787 -0.116131 -0.117196 -0.116782 -0.116009 -0.115724 -0.116172 -0.116025 -0.113061 -0.108847 -0.105572 -0.0961228 -0.0747628 -0.0543618 -0.0465503 -0.0487677 -0.0556462 -0.0606617 -0.0544672 -0.026316 0.0110826
-0.0529128 -0.0477128 -0.0407766 -0.0312603 -0.0206194 -0.0103797 -0.00154165 0.00555457 0.0112579 0.0157496 0.0189951 0.020472 0.0194825 0.0157591 0.00910909 -0.000915287 -0.0125763 -0.0190737 -0.0186034 -0.0179322 -0.0199619 -0.0229149 -0.0259877 -0.029196 -0.032426 -0.0356023 -0.0391733 -0.043619 -0.0490131 -0.0552255 -0.0618736 -0.0686623 -0.0754864 -0.0827795 -0.0913154 -0.100182 -0.107537 -0.112507 -0.114972 -0.116318 -0.117724 -0.118666 -0.118861 -0.119001 -0.119601 -0.120752 -0.121244 -0.119102 -0.115329 -0.111562 -0.103022 -0.0860727 -0.0706418 -0.0643842 -0.0612789 -0.0581078 -0.0592642 -0.0570962 -0.0321602 0.000448281
-0.0500084 -0.0430597 -0.0344852 -0.0235217 -0.0116292 -0.000396322 0.00899683 0.0161108 0.0212905 0.0245422 0.0255874 0.0242729 0.0205593 0.0146506 0.00689803 -0.00212028 -0.0109267 -0.0161417 -0.017186 -0.0180772 -0.0205422 -0.0235571 -0.0264268 -0.0288393 -0.0309728 -0.0332242 -0.0359549 -0.0395725 -0.0446614 -0.0513224 -0.0586034 -0.0659922 -0.0737665 -0.0823722 -0.0922135 -0.102068 -0.109845 -0.114544 -0.116114 -0.116621 -0.117888 -0.119447 -0.120838 -0.122323 -0.124022 -0.12574 -0.126613 -0.12538 -0.122218 -0.11773 -0.110137 -0.0980699 -0.085158 -0.0750571 -0.068496 -0.0645719 -0.0604044 -0.0523035 -0.0367688 -0.0231207
-0.0458644 -0.0369045 -0.0265828 -0.0143383 -0.00167431 0.00982265 0.0190055 0.0253614 0.0290451 0.0300147 0.0281354 0.0240675 0.0187854 0.0126822 0.0059428 -0.00126778 -0.0083101 -0.0134671 -0.0163454 -0.0187671 -0.0215788 -0.0244216 -0.0269359 -0.028841 -0.0301719 -0.0312394 -0.0329831 -0.0363784 -0.0419054 -0.0493888 -0.0575252 -0.0657567 -0.0747096 -0.0843916 -0.0941162 -0.102779 -0.109147 -0.112775 -0.113947 -0.114661 -0.116604 -0.119306 -0.122243 -0.125458 -0.128668 -0.13111 -0.132028 -0.130781 -0.127546 -0.122824 -0.116262 -0.107551 -0.0977601 -0.0882083 -0.0799989 -0.073203 -0.0662276 -0.0568589 -0.0429518 -0.0308382
-0.0400272 -0.0289956 -0.0170836 -0.00407236 0.00855415 0.0193605 0.0274683 0.0323595 0.0338854 0.0321624 0.0276231 0.0218167 0.0165277 0.0116162 0.00632942 0.00010059 -0.00680539 -0.0123307 -0.0157187 -0.0185496 -0.0214849 -0.0240533 -0.0260949 -0.0276829 -0.0287157 -0.029274 -0.030747 -0.0345264 -0.0407516 -0.0488784 -0.0574847 -0.0660201 -0.0752334 -0.0849231 -0.0939399 -0.101429 -0.106811 -0.109957 -0.111233 -0.112348 -0.114742 -0.118095 -0.12208 -0.126898 -0.1319 -0.135366 -0.136355 -0.134711 -0.131068 -0.126364 -0.120811 -0.11436 -0.107027 -0.0988613 -0.0899656 -0.0808804 -0.0727517 -0.063929 -0.0502036 -0.0362297
-0.0317815 -0.0191697 -0.00622951 0.00685758 0.0185999 0.0277631 0.0339099 0.0366627 0.0356804 0.0314937 0.0253974 0.0194325 0.0154478 0.0121108 0.00740837 0.000807738 -0.00685266 -0.0123765 -0.0147928 -0.0169629 -0.0198474 -0.0221846 -0.0237897 -0.0252315 -0.0264943 -0.0275511 -0.0297002 -0.0342016 -0.0409192 -0.0491397 -0.0575463 -0.0656171 -0.0739937 -0.0826712 -0.0909654 -0.0982097 -0.103807 -0.107447 -0.109246 -0.110627 -0.1129 -0.11606 -0.120208 -0.126014 -0.132617 -0.137279 -0.13865 -0.136757 -0.132705 -0.128028 -0.123319 -0.118534 -0.112548 -0.10462 -0.0956103 -0.0865108 -0.0780647 -0.0693652 -0.058062 -0.0470874
-0.0202142 -0.00740809 0.0055031 0.0180697 0.0284202 0.0352456 0.0385817 0.0384654 0.0348639 0.0289747 0.0229062 0.0182904 0.0159078 0.0132741 0.00778552 0.00039857 -0.0068675 -0.011403 -0.0129331 -0.0147815 -0.0178134 -0.0201607 -0.0216339 -0.023205 -0.0250254 -0.0270436 -0.0301605 -0.0352187 -0.0419597 -0.0497286 -0.057513 -0.0649237 -0.0724664 -0.0802188 -0.087789 -0.0946663 -0.100312 -0.104432 -0.107034 -0.108991 -0.111188 -0.113885 -0.117591 -0.123405 -0.130601 -0.136182 -0.13836 -0.136658 -0.132375 -0.127614 -0.123437 -0.119978 -0.115322 -0.108153 -0.0998647 -0.0916336 -0.0835851 -0.0754044 -0.0665445 -0.0586031
-0.00587152 0.00585869 0.0177564 0.0292417 0.0378207 0.041895 0.0419208 0.0386158 0.0328292 0.0263575 0.0215266 0.0188388 0.0174402 0.0143084 0.00720651 -0.000688374 -0.00623319 -0.00913852 -0.0104677 -0.0126555 -0.0160097 -0.0186501 -0.0204566 -0.0225078 -0.0250349 -0.027977 -0.0318491 -0.0371096 -0.0434817 -0.0504813 -0.0575039 -0.064363 -0.0714432 -0.0786468 -0.0854121 -0.0914502 -0.0966592 -0.100962 -0.104344 -0.107023 -0.109312 -0.111614 -0.11466 -0.119701 -0.126365 -0.132226 -0.135278 -0.134221 -0.130162 -0.125434 -0.1216 -0.119221 -0.116133 -0.11064 -0.103836 -0.0967729 -0.0897296 -0.0826774 -0.0753977 -0.0686941
0.00952444 0.0198523 0.0302905 0.0401165 0.0464759 0.0476498 0.0444576 0.0384377 0.0316527 0.0258832 0.0224505 0.020746 0.0190054 0.0146457 0.00639804 -0.00136972 -0.00525955 -0.00697034 -0.00847911 -0.0110409 -0.0145546 -0.0176736 -0.0203093 -0.0232104 -0.0264569 -0.0299236 -0.0340604 -0.039263 -0.0452037 -0.0514857 -0.0578663 -0.0643056 -0.070991 -0.077597 -0.0833805 -0.088456 -0.093376 -0.0979232 -0.101651 -0.104527 -0.10674 -0.108775 -0.111343 -0.115447 -0.12094 -0.126211 -0.129526 -0.129341 -0.126278 -0.122171 -0.118832 -0.117274 -0.115497 -0.111773 -0.106836 -0.101468 -0.0959012 -0.0901634 -0.0841417 -0.0782074
0.0249971 0.0340583 0.0429124 0.0506027 0.05426 0.0524011 0.0464563 0.0387925 0.0323954 0.0282447 0.0256673 0.0234687 0.0201996 0.01439 0.00581513 -0.00132598 -0.00422293 -0.00549622 -0.00735102 -0.0101687 -0.0137282 -0.0173861 -0.0210435 -0.024943 -0.0288978 -0.0326756 -0.0368218 -0.0418429 -0.0473749 -0.053066 -0.0589384 -0.0650157 -0.0712404 -0.0771445 -0.0819962 -0.0863292 -0.0912253 -0.0960151 -0.0995748 -0.102013 -0.103798 -0.105476 -0.107607 -0.110739 -0.114779 -0.118829 -0.121744 -0.122349 -0.120754 -0.117912 -0.115473 -0.114632 -0.113856 -0.111732 -0.108767 -0.10543 -0.101652 -0.0973686 -0.0925886 -0.0874375
0.0400644 0.0481006 0.0553836 0.0606142 0.0611112 0.0560314 0.0480537 0.0402234 0.0353932 0.0330787 0.0304096 0.0264061 0.0210583 0.0140404 0.0057202 -0.000690195 -0.00331038 -0.00475338 -0.00699991 -0.0100912 -0.0138419 -0.0180122 -0.0224974 -0.0272516 -0.0319327 -0.0362172 -0.0405568 -0.0454101 -0.050512 -0.0556558 -0.0610418 -0.0667097 -0.0724007 -0.0776597 -0.0819744 -0.086026 -0.0909327 -0.0956494 -0.0986472 -0.100244 -0.101206 -0.102144 -0.103514 -0.105524 -0.108079 -0.110731 -0.11288 -0.11387 -0.113599 -0.112405 -0.111357 -0.111337 -0.111459 -0.110859 -0.109789 -0.108438 -0.106613 -0.1041 -0.100716 -0.0963697
0.0545077 0.0614737 0.0670288 0.069509 0.0666297 0.0585196 0.0495552 0.0430108 0.040195 0.0390691 0.0355027 0.0292665 0.0219978 0.014162 0.00626537 0.000407818 -0.00237903 -0.004317 -0.00703182 -0.0105365 -0.0147567 -0.0196576 -0.0250556 -0.0306478 -0.0360257 -0.0408621 -0.0454667 -0.05019 -0.0548997 -0.0595494 -0.0644576 -0.0696817 -0.0748593 -0.0796273 -0.0837202 -0.0876512 -0.0921622 -0.0962136 -0.0984152 -0.0990988 -0.0990521 -0.0990256 -0.099485 -0.100382 -0.101559 -0.1028 -0.103934 -0.104838 -0.105374 -0.105491 -0.105707 -0.106529 -0.10761 -0.108553 -0.10934 -0.109951 -0.110268 -0.109956 -0.108462 -0.105387
0.0681386 0.0736796 0.0771769 0.0766891 0.0705753 0.0601178 0.0513941 0.0472216 0.0460278 0.044754 0.0398384 0.031891 0.0234032 0.0151131 0.00743598 0.00180338 -0.00124445 -0.00372086 -0.00705034 -0.011212 -0.016253 -0.0223698 -0.0291374 -0.0357362 -0.0417078 -0.0468771 -0.0516071 -0.0562687 -0.0607427 -0.0650155 -0.0694791 -0.0742429 -0.0789623 -0.0833587 -0.0872717 -0.0908226 -0.0942013 -0.0968696 -0.0981507 -0.0980953 -0.0971405 -0.0962461 -0.0959732 -0.0959866 -0.0959842 -0.0958434 -0.0957664 -0.0961552 -0.0967891 -0.0972365 -0.0979354 -0.0994583 -0.101646 -0.104187 -0.106831 -0.109452 -0.112101 -0.11442 -0.115575 -0.114711
0.0804942 0.0844516 0.0858453 0.082589 0.0738669 0.0620194 0.0542489 0.0524669 0.0520286 0.0495363 0.0431869 0.0341759 0.024955 0.0163296 0.00871711 0.00317928 -6.25599E-05 -0.00303449 -0.00711894 -0.0122387 -0.0184806 -0.0261465 -0.0344585 -0.0420055 -0.048406 -0.0538354 -0.0587991 -0.063697 -0.0682854 -0.0724357 -0.0765096 -0.0806495 -0.08462 -0.0883015 -0.0916864 -0.0945267 -0.0964645 -0.0974495 -0.0975396 -0.0967003 -0.0951283 -0.0937314 -0.0929928 -0.0923931 -0.0914752 -0.0900335 -0.0885848 -0.0881089 -0.0883222 -0.0884512 -0.0891252 -0.0912127 -0.0944837 -0.0984562 -0.102683 -0.107026 -0.111828 -0.116851 -0.121129 -0.123289
0.0914944 0.0940107 0.0935913 0.0881382 0.0777492 0.0655091 0.0587841 0.0584386 0.0576162 0.0532284 0.0455832 0.0360423 0.0263267 0.0173399 0.00973391 0.00426987 0.000852466 -0.00262347 -0.00756046 -0.0138597 -0.0215285 -0.0307173 -0.0402985 -0.0484617 -0.0551051 -0.0609116 -0.0664426 -0.0719864 -0.0770964 -0.0814439 -0.0852352 -0.088583 -0.0913915 -0.093791 -0.0960764 -0.0978708 -0.098479 -0.0979563 -0.0966595 -0.0948804 -0.0929508 -0.0913608 -0.0902878 -0.0892827 -0.0877843 -0.0852507 -0.0824028 -0.080834 -0.0803231 -0.0799052 -0.0804074 -0.0829351 -0.0870824 -0.0921231 -0.0974444 -0.102954 -0.109362 -0.116723 -0.124204 -0.129982
