data_raster/melanesia/PNMC_current_2021/202112_North.grd
DSAA																																																																																																																																																																																																																																																																																																																																																																																																																											
412	268																																																																																																																																																																																																																																																																																																																																																																																																																										
156	174.5																																																																																																																																																																																																																																																																																																																																																																																																																										
-26.5	-14.5																																																																																																																																																																																																																																																																																																																																																																																																																										
-0.540727	0.340313																																																																																																																																																																																																																																																																																																																																																																																																																										
[rows 52 to 77 of 268, columns 60 to 119 of 412]
-0.191887 -0.182309 -0.16899 -0.154426 -0.14098 -0.129366 -0.119136 -0.108067 -0.0951865 -0.0817434 -0.0695123 -0.0604182 -0.05395 -0.0479677 -0.0405239 -0.0299363 -0.0152955 0.0029731 0.0211064 0.035585 0.0446481 0.0480641 0.0473915 0.0448739 0.0430923 0.0428276 0.0437399 0.0453696 0.0474642 0.0508089 0.0561635 0.0634909 0.0723698 0.081952 0.0919959 0.103023 0.115356 0.129018 0.143106 0.156251 0.167275 0.175567 0.18236 0.188853 0.19515 0.200684 0.204125 0.2052 0.204769 0.202675 0.198035 0.190416 0.179559 0.164934 0.146179 0.123774 0.0989015 0.0738569 0.0501925 0.028195
-0.189388 -0.181517 -0.169226 -0.155049 -0.141646 -0.130039 -0.119995 -0.109287 -0.0970355 -0.0847405 -0.0740378 -0.0663217 -0.0606929 -0.0548838 -0.0479595 -0.0392254 -0.0262293 -0.00778073 0.0119468 0.0287556 0.0404318 0.0463398 0.0476737 0.0464866 0.0453451 0.04525 0.046192 0.0478581 0.0500585 0.053605 0.0592614 0.066961 0.0762903 0.0864806 0.0972116 0.108742 0.121324 0.135089 0.149284 0.162641 0.173645 0.181334 0.187079 0.192324 0.197389 0.201967 0.205045 0.206148 0.205408 0.202341 0.196096 0.186694 0.174433 0.158834 0.139401 0.116411 0.091028 0.0659664 0.0428388 0.0214148
-0.185254 -0.179466 -0.168785 -0.155516 -0.142363 -0.130793 -0.120986 -0.110886 -0.0996903 -0.0888749 -0.0797221 -0.0729961 -0.0677439 -0.062083 -0.0557631 -0.0485592 -0.0368549 -0.0182637 0.00288373 0.0219915 0.0364693 0.0451847 0.0486926 0.0488241 0.0483133 0.0483776 0.0492476 0.0508553 0.0532009 0.0570465 0.0630565 0.0710985 0.0807804 0.0914911 0.102836 0.114723 0.127349 0.141024 0.155068 0.168199 0.178811 0.185841 0.190655 0.194765 0.198684 0.202365 0.2051 0.206106 0.204597 0.200006 0.192017 0.181072 0.167766 0.151627 0.132043 0.109061 0.083752 0.0590468 0.0366109 0.0159652
-0.179947 -0.176346 -0.167733 -0.155908 -0.143264 -0.131739 -0.122101 -0.112772 -0.103025 -0.0938467 -0.0859769 -0.0796978 -0.0743832 -0.068922 -0.0630814 -0.0563465 -0.044988 -0.0264667 -0.00468544 0.0160486 0.0330468 0.0446654 0.0504934 0.0520145 0.0521919 0.0523953 0.0529885 0.0543073 0.0567377 0.0608985 0.0672368 0.0755758 0.0855506 0.0966472 0.108396 0.120432 0.13294 0.146414 0.160111 0.172599 0.182397 0.188616 0.192614 0.195871 0.198921 0.201808 0.203998 0.20442 0.201564 0.195095 0.185557 0.173623 0.15981 0.143592 0.124292 0.101849 0.077226 0.0532773 0.0316576 0.0119432
-0.173763 -0.172079 -0.165751 -0.155887 -0.144184 -0.13292 -0.123461 -0.114898 -0.106612 -0.0988567 -0.0918209 -0.0855393 -0.0798603 -0.0744803 -0.0688708 -0.0619248 -0.0502897 -0.0318011 -0.00987045 0.0117293 0.0305932 0.0447717 0.0528335 0.0557756 0.056609 0.05685 0.0570859 0.0580574 0.0604973 0.0648257 0.0712796 0.079821 0.0901632 0.101663 0.113712 0.125829 0.138102 0.150963 0.163759 0.175226 0.184039 0.189434 0.192781 0.195496 0.197924 0.199993 0.201195 0.200404 0.195988 0.187897 0.17722 0.164774 0.151003 0.135205 0.116571 0.0951404 0.0718294 0.0490379 0.0282812 0.00948699
-0.166813 -0.166655 -0.162619 -0.155071 -0.144749 -0.134068 -0.124874 -0.116958 -0.109859 -0.103155 -0.0965926 -0.0901081 -0.0839584 -0.078455 -0.0727401 -0.0651658 -0.0528575 -0.0341568 -0.0121583 0.00981145 0.0297333 0.0456064 0.055385 0.0595949 0.0609766 0.0611788 0.0611483 0.0619002 0.0643222 0.0686408 0.0749696 0.0835768 0.0943079 0.106221 0.118518 0.130694 0.142612 0.154373 0.165671 0.175871 0.183754 0.188475 0.191345 0.193669 0.195544 0.196686 0.196471 0.193978 0.188094 0.178976 0.167697 0.155151 0.141855 0.126895 0.109274 0.0892332 0.0676698 0.0463333 0.0264938 0.00849158
-0.158965 -0.160201 -0.158318 -0.153092 -0.144358 -0.134517 -0.125709 -0.118292 -0.11203 -0.106174 -0.100152 -0.0936656 -0.0871786 -0.081409 -0.0751981 -0.0664962 -0.0530667 -0.0338517 -0.0115099 0.010959 0.0312686 0.0474159 0.057769 0.0627479 0.0645452 0.064807 0.0647862 0.0655874 0.0680774 0.0723715 0.0785414 0.0870583 0.0978847 0.10997 0.122385 0.134485 0.145865 0.15633 0.165998 0.174946 0.182083 0.186424 0.188925 0.190623 0.191689 0.191808 0.190106 0.185891 0.178776 0.169116 0.157787 0.145573 0.132942 0.118985 0.102712 0.0842924 0.0644605 0.044645 0.0259024 0.0085304
-0.150124 -0.152769 -0.152793 -0.149678 -0.142656 -0.133936 -0.125714 -0.11875 -0.113081 -0.107966 -0.102598 -0.0962704 -0.089459 -0.0831352 -0.0759739 -0.0657644 -0.0510381 -0.031348 -0.00867214 0.0143216 0.0345287 0.0499095 0.0599627 0.0652914 0.0673999 0.0678196 0.0680149 0.0690312 0.0716047 0.0758858 0.0819941 0.0903696 0.100985 0.112891 0.125136 0.136894 0.147559 0.156789 0.165035 0.172912 0.179486 0.183665 0.185827 0.186627 0.186569 0.185519 0.182388 0.17667 0.168592 0.158723 0.147821 0.13639 0.124626 0.111805 0.0971267 0.0804837 0.0623482 0.0441075 0.0266042 0.00964542
-0.140258 -0.144347 -0.145963 -0.144677 -0.139539 -0.132324 -0.124993 -0.118633 -0.113551 -0.109061 -0.104158 -0.0977224 -0.0901886 -0.0827293 -0.0741309 -0.0623715 -0.0467323 -0.027244 -0.00504361 0.017758 0.0375734 0.0523392 0.0622634 0.0679634 0.0703365 0.0708454 0.0711775 0.0722777 0.0747357 0.0789147 0.085092 0.0934683 0.103829 0.115249 0.126844 0.137874 0.147715 0.15594 0.16315 0.170205 0.176285 0.180253 0.182034 0.181947 0.180649 0.178187 0.173589 0.16658 0.15775 0.147866 0.137722 0.127519 0.11707 0.105688 0.0926942 0.0779692 0.0618516 0.045405 0.0290733 0.0122039
-0.129519 -0.135093 -0.13805 -0.138284 -0.134993 -0.129464 -0.123269 -0.117616 -0.113007 -0.108947 -0.104313 -0.0975895 -0.089153 -0.0803691 -0.0703101 -0.0573241 -0.0412729 -0.0224815 -0.00133421 0.0206996 0.0400649 0.054673 0.0647184 0.0706497 0.0730879 0.0735598 0.0739724 0.0751336 0.0774536 0.0815385 0.0878351 0.0962205 0.106223 0.116926 0.12755 0.137544 0.146424 0.153855 0.160405 0.166865 0.172491 0.176185 0.177577 0.176703 0.174146 0.170098 0.164016 0.155949 0.146661 0.137031 0.12789 0.119214 0.110492 0.100854 0.0895732 0.076749 0.0627262 0.0479998 0.0324394 0.014934
-0.118108 -0.125199 -0.129376 -0.130837 -0.129039 -0.125035 -0.120069 -0.115053 -0.110551 -0.106633 -0.102243 -0.0954182 -0.0864459 -0.0768634 -0.0659716 -0.0523779 -0.0362342 -0.0180002 0.00230066 0.0236008 0.0426342 0.0572572 0.0671897 0.0727694 0.0748558 0.0751843 0.0757927 0.0772844 0.0798033 0.0839935 0.0903229 0.0984343 0.107763 0.117621 0.127309 0.136158 0.143898 0.150618 0.156764 0.16278 0.168009 0.171481 0.172543 0.170927 0.167122 0.161489 0.15403 0.145185 0.135888 0.126954 0.119006 0.111917 0.105088 0.0973637 0.0877844 0.076593 0.0641572 0.0505686 0.0350669 0.015726
-0.105744 -0.114261 -0.119551 -0.12209 -0.121628 -0.119068 -0.115356 -0.110997 -0.106545 -0.102646 -0.098416 -0.0916206 -0.0824316 -0.072411 -0.0610418 -0.0471594 -0.0310302 -0.0131777 0.0063671 0.026733 0.0452217 0.0597567 0.0694295 0.0744589 0.0760709 0.0761838 0.0768781 0.0786761 0.0815746 0.0860006 0.0922404 0.0999013 0.108494 0.117552 0.126408 0.134206 0.140888 0.14702 0.152906 0.158577 0.163403 0.166523 0.167111 0.164711 0.159733 0.15271 0.14418 0.134947 0.126078 0.118172 0.111446 0.105762 0.100631 0.0946156 0.086444 0.0763807 0.0648485 0.0519088 0.0361224 0.0140937
-0.0920455 -0.10175 -0.10803 -0.111681 -0.112739 -0.11176 -0.109315 -0.105782 -0.101717 -0.0979184 -0.0936583 -0.0868402 -0.0775126 -0.0670009 -0.0550073 -0.0407385 -0.0245736 -0.00711625 0.0113909 0.0302229 0.0475698 0.0616959 0.0712043 0.0760589 0.0774881 0.0773796 0.0777939 0.0794756 0.0826032 0.0872104 0.0932393 0.100484 0.108599 0.117038 0.125131 0.13214 0.138163 0.143916 0.149589 0.154975 0.159322 0.16173 0.161472 0.158168 0.152173 0.144143 0.135048 0.125928 0.117817 0.111035 0.105387 0.100744 0.0967681 0.0918474 0.0844963 0.0749605 0.0637674 0.0512404 0.0352124 0.0102906
-0.0771132 -0.0877207 -0.0949619 -0.0998537 -0.102612 -0.103362 -0.102268 -0.0996179 -0.0959775 -0.092236 -0.087872 -0.0810679 -0.0717435 -0.0608878 -0.0484014 -0.0338707 -0.0177624 -0.000742023 0.0167062 0.0339369 0.049913 0.0633107 0.072557 0.0774095 0.0789015 0.0787498 0.0789074 0.0803344 0.083435 0.0879711 0.0936372 0.100393 0.108009 0.115846 0.12328 0.129796 0.135524 0.141064 0.146532 0.151654 0.155484 0.156984 0.155666 0.1514 0.144609 0.136076 0.127018 0.118483 0.111244 0.10543 0.100719 0.0968537 0.0934018 0.0888573 0.0818794 0.0727835 0.0620005 0.0494325 0.0323374 0.00470351
-0.0612889 -0.0724671 -0.0806674 -0.0869289 -0.0914781 -0.0940856 -0.0945077 -0.0926938 -0.0891875 -0.0853065 -0.0808621 -0.0742116 -0.0651348 -0.0543267 -0.0417993 -0.027386 -0.0115686 0.0049909 0.0216635 0.0377876 0.0526174 0.0650838 0.0737651 0.0784338 0.0800162 0.080049 0.0802846 0.08162 0.0844596 0.0885988 0.0937567 0.0998714 0.106749 0.113898 0.120826 0.127106 0.132774 0.138207 0.143465 0.148287 0.151573 0.152169 0.14981 0.144652 0.137358 0.128858 0.120372 0.112716 0.106232 0.101056 0.0971274 0.0938459 0.0903197 0.0855137 0.0787044 0.07033 0.0602752 0.0467207 0.0268134 -0.00309393
-0.0452245 -0.0564931 -0.0653923 -0.0729437 -0.0793344 -0.0839654 -0.0861243 -0.0852371 -0.0817576 -0.0775598 -0.0729195 -0.0664792 -0.0578576 -0.0473519 -0.0350282 -0.0209317 -0.00552984 0.0105613 0.0266512 0.042039 0.056024 0.0676273 0.0755623 0.0797128 0.0810757 0.0810795 0.0812767 0.0824685 0.0850189 0.0887374 0.0933834 0.0989666 0.105346 0.112045 0.118634 0.1248 0.130513 0.135942 0.141012 0.145378 0.147944 0.147624 0.144377 0.138602 0.131186 0.123089 0.115263 0.108269 0.102256 0.0974316 0.093929 0.0908013 0.0867554 0.0814224 0.074761 0.0668296 0.0565018 0.0401179 0.0156396 -0.0160066
-0.0294714 -0.0402625 -0.0493988 -0.0579813 -0.0662054 -0.0730046 -0.0770936 -0.0773239 -0.0739934 -0.0694425 -0.0644855 -0.05827 -0.0502384 -0.0401308 -0.028047 -0.0142834 0.000694616 0.0163302 0.0319402 0.0468123 0.0602164 0.0711459 0.0782962 0.0816404 0.0823433 0.0818268 0.0815521 0.0823846 0.0847531 0.0882703 0.0925695 0.0979038 0.10423 0.110804 0.117161 0.123246 0.129059 0.134583 0.139492 0.14322 0.144841 0.143564 0.1396 0.133535 0.126288 0.118661 0.111189 0.104307 0.0983642 0.093595 0.0900162 0.0865116 0.0817249 0.0758842 0.069296 0.060866 0.04826 0.0271961 -0.00254901 -0.0351099
-0.0142764 -0.0240881 -0.0330093 -0.0423158 -0.0522549 -0.0612022 -0.0672414 -0.0687238 -0.0658026 -0.0611746 -0.056114 -0.0502402 -0.0428443 -0.0331639 -0.0213327 -0.00788054 0.00670573 0.0219276 0.0372099 0.0518282 0.0647898 0.0750149 0.0814087 0.0840125 0.083925 0.08261 0.081643 0.0820202 0.0842494 0.0877782 0.092062 0.0973129 0.10346 0.109724 0.115767 0.121844 0.127901 0.133582 0.138312 0.141391 0.142051 0.139781 0.135112 0.128805 0.121582 0.114011 0.106431 0.0992444 0.0929276 0.0877324 0.0836138 0.0794745 0.074038 0.0677146 0.0606334 0.0502454 0.033544 0.00780776 -0.0251002 -0.0570397
0.000109073 -0.00835276 -0.01666 -0.026306 -0.0376192 -0.0484675 -0.0563627 -0.0592246 -0.0570624 -0.0528278 -0.0481008 -0.0427929 -0.0360774 -0.0268476 -0.0152713 -0.00206052 0.012238 0.0271489 0.0422615 0.0568243 0.0693962 0.0788255 0.0844914 0.0865127 0.0857055 0.0835796 0.0819432 0.0818957 0.0839792 0.0876149 0.0921204 0.0973171 0.102983 0.108683 0.114388 0.120539 0.126874 0.132559 0.136878 0.139184 0.138834 0.135504 0.130035 0.123324 0.11574 0.107647 0.09951 0.0917663 0.0848041 0.0788794 0.0740277 0.0692541 0.0633197 0.0562912 0.0477122 0.0340616 0.0126614 -0.0159809 -0.0484325 -0.0778804
0.0133879 0.00645047 -0.000919319 -0.0103875 -0.0223848 -0.0346106 -0.0442529 -0.0486979 -0.047684 -0.0443237 -0.0403873 -0.0359491 -0.0300671 -0.0213693 -0.0100367 0.00308111 0.0173129 0.0321119 0.0471427 0.0616265 0.0738436 0.0825823 0.0874827 0.0887938 0.0873278 0.0846222 0.0825318 0.0821789 0.0841124 0.0877333 0.092277 0.0973381 0.102656 0.108124 0.113844 0.120095 0.126352 0.131475 0.134736 0.135659 0.13388 0.129344 0.122979 0.115624 0.107378 0.0984737 0.0895374 0.0811261 0.0736692 0.0673559 0.0620915 0.0568501 0.0503007 0.0418527 0.0305315 0.0133445 -0.011047 -0.0395684 -0.0684363 -0.0937846
0.0253786 0.0199376 0.0138077 0.00512502 -0.00676859 -0.0197792 -0.0310363 -0.0372936 -0.0378507 -0.0357854 -0.03294 -0.0295214 -0.0245497 -0.0165071 -0.0055072 0.00759569 0.0219528 0.0368309 0.0518336 0.0661602 0.0780963 0.0863842 0.0905587 0.0910091 0.0888858 0.0857841 0.0834466 0.0829154 0.0846788 0.0880976 0.0924038 0.0972699 0.102537 0.108213 0.114246 0.12046 0.126109 0.130045 0.131633 0.130582 0.12696 0.121085 0.113735 0.105542 0.0965393 0.0869329 0.0773469 0.068411 0.060687 0.0542608 0.0487789 0.0431144 0.0358072 0.0255993 0.0112785 -0.00841859 -0.0331032 -0.0588637 -0.0826359 -0.103238
0.03603 0.0318592 0.0272821 0.0200192 0.00887669 -0.00444063 -0.0171328 -0.0253882 -0.0279479 -0.0274811 -0.0257442 -0.0231666 -0.0189587 -0.0117164 -0.00132373 0.0116492 0.0261683 0.0412203 0.0562592 0.0704564 0.082258 0.0903758 0.0940487 0.0937081 0.0908514 0.087256 0.0847061 0.0840658 0.0856127 0.0887262 0.092738 0.0974791 0.10287 0.108833 0.115038 0.120832 0.12538 0.127753 0.12745 0.124313 0.118802 0.111573 0.103193 0.0941101 0.0845373 0.0747411 0.0651297 0.0561315 0.0481568 0.0412562 0.0351305 0.0287628 0.0207523 0.00950363 -0.00619059 -0.0260656 -0.0486904 -0.0708141 -0.0903036 -0.106955
0.0455444 0.0422932 0.0393931 0.0339655 0.0240272 0.0108295 -0.00296984 -0.0131693 -0.0179319 -0.0191988 -0.0185132 -0.0166206 -0.0130878 -0.00679473 0.00271961 0.0153802 0.03002 0.0453329 0.0605564 0.0747697 0.0865386 0.0945592 0.0978534 0.0968471 0.0932405 0.0890628 0.0863096 0.0856242 0.0869811 0.0898406 0.0936833 0.0984003 0.103885 0.1099 0.115852 0.120747 0.123732 0.124136 0.12174 0.116666 0.109625 0.101399 0.0922597 0.0824599 0.0724869 0.0627473 0.053463 0.0447745 0.0367481 0.0293842 0.0225518 0.0154253 0.00678562 -0.00486945 -0.0204835 -0.0388801 -0.0583476 -0.0769683 -0.0933952 -0.107157
0.0542635 0.0515101 0.0501191 0.0465984 0.0381135 0.0254475 0.011041 -0.000739207 -0.0075673 -0.0105193 -0.0108668 -0.00970815 -0.0069568 -0.00173852 0.00674899 0.0189271 0.0336097 0.049293 0.0649387 0.0793974 0.0911332 0.0988392 0.101643 0.100043 0.095788 0.0911057 0.0882189 0.0875813 0.0888977 0.0917259 0.0956457 0.100396 0.105716 0.111285 0.116396 0.119896 0.1209 0.118844 0.114047 0.107297 0.0993851 0.09089 0.0816285 0.0715298 0.0612115 0.0512673 0.042083 0.0337833 0.0262268 0.019196 0.0123616 0.004858 -0.00442753 -0.0165385 -0.0318701 -0.0487743 -0.0655447 -0.081243 -0.0951323 -0.106658
0.0624437 0.0597511 0.0595324 0.0578031 0.0509396 0.0391686 0.0245843 0.0115706 0.0028832 -0.00161505 -0.0029101 -0.00249947 -0.000584446 0.00356985 0.0110177 0.0225537 0.0371088 0.0531297 0.0692547 0.0840258 0.0957331 0.10306 0.105319 0.103121 0.0982646 0.0931555 0.0902191 0.089756 0.0912398 0.0942691 0.0984228 0.10314 0.107927 0.112445 0.116013 0.117553 0.116325 0.111991 0.105213 0.0971296 0.0885241 0.0798266 0.0706502 0.0607358 0.0505796 0.0407762 0.0318864 0.024087 0.0171326 0.0105829 0.00382978 -0.00406929 -0.0140985 -0.0266311 -0.0414214 -0.0568398 -0.0714385 -0.0847611 -0.0964981 -0.106393
0.0703186 0.0672846 0.0678045 0.0676323 0.0625128 0.0519347 0.0374583 0.0234427 0.0130744 0.0071886 0.00509137 0.00486647 0.00605931 0.00931147 0.0157853 0.0264868 0.0406207 0.056762 0.0731823 0.0881148 0.0998396 0.107002 0.108803 0.105935 0.100453 0.0949923 0.0921366 0.0920299 0.0939017 0.0972742 0.101618 0.106061 0.109884 0.112732 0.114067 0.113117 0.109642 0.103867 0.0961993 0.0871806 0.0775994 0.0681435 0.0588065 0.0495158 0.0404233 0.0317717 0.0238828 0.016743 0.00996671 0.00309939 -0.00437845 -0.0132128 -0.0240706 -0.0366546 -0.0502467 -0.0637578 -0.0763095 -0.0876375 -0.0976865 -0.106591
