data_raster/melanesia/PNMC_current_2021/202112_North.grd
DSAA																																																																																																																																																																																																																																																																																																																																																																																																																											
412	268																																																																																																																																																																																																																																																																																																																																																																																																																										
156	174.5																																																																																																																																																																																																																																																																																																																																																																																																																										
-26.5	-14.5																																																																																																																																																																																																																																																																																																																																																																																																																										
-0.540727	0.340313																																																																																																																																																																																																																																																																																																																																																																																																																										
[rows 104 to 129 of 268, columns 120 to 179 of 412]
-0.170925 -0.158403 -0.147245 -0.138039 -0.132751 -0.133281 -0.138516 -0.147432 -0.161723 -0.182275 -0.207454 -0.233589 -0.254982 -0.269858 -0.27965 -0.282564 -0.275431 -0.258685 -0.234838 -0.209105 -0.186162 -0.167542 -0.153047 -0.140409 -0.128513 -0.117775 -0.108259 -0.0996297 -0.0911179 -0.0817929 -0.0710765 -0.0587421 -0.0453735 -0.0317025 -0.0183737 -0.00517281 0.009366 0.025657 0.0428654 0.0595077 0.0738441 0.0853736 0.0942741 0.101186 0.106642 0.110392 0.112073 0.111419 0.108593 0.104326 0.0991786 0.0934777 0.0871213 0.0798276 0.0718936 0.0638456 0.056145 0.0488847 0.0411841 0.032518
-0.149522 -0.136649 -0.125879 -0.117697 -0.113763 -0.115656 -0.122279 -0.132816 -0.149434 -0.17275 -0.199373 -0.225023 -0.245072 -0.258667 -0.267804 -0.26988 -0.260524 -0.24155 -0.217253 -0.192187 -0.170036 -0.152055 -0.137991 -0.125733 -0.114452 -0.104934 -0.0969536 -0.0894564 -0.0816964 -0.0731122 -0.063205 -0.0517374 -0.0393228 -0.0266664 -0.0142368 -0.00166002 0.0126201 0.0287904 0.0455064 0.0613032 0.0747972 0.08551 0.0935389 0.0997197 0.104688 0.107748 0.108335 0.106694 0.103194 0.0982344 0.0922506 0.0856678 0.0785014 0.070591 0.0623417 0.0542808 0.0464324 0.0385976 0.0303395 0.0214931
-0.12611 -0.113677 -0.103867 -0.097207 -0.0951483 -0.0990334 -0.107875 -0.120943 -0.140149 -0.16551 -0.192542 -0.217005 -0.23577 -0.248397 -0.256291 -0.256496 -0.244648 -0.223859 -0.199673 -0.175735 -0.154599 -0.137223 -0.123423 -0.111541 -0.101064 -0.0928679 -0.0863518 -0.0798281 -0.0727271 -0.0649834 -0.0559879 -0.0452768 -0.0335708 -0.0216908 -0.0100705 0.00176359 0.0155207 0.0312267 0.047089 0.0617515 0.0742892 0.0842853 0.0917032 0.0972176 0.10133 0.10332 0.10275 0.100253 0.0962553 0.0907347 0.0840068 0.0766882 0.0689018 0.0605318 0.0520044 0.0438071 0.0357032 0.0273539 0.0186876 0.00984934
-0.102067 -0.0908493 -0.0825605 -0.0779321 -0.0782687 -0.0846844 -0.0963007 -0.112318 -0.13378 -0.15997 -0.186218 -0.209011 -0.226911 -0.239062 -0.244821 -0.241761 -0.227413 -0.205633 -0.182032 -0.159417 -0.139465 -0.122727 -0.109082 -0.0975937 -0.0880961 -0.0812964 -0.0761972 -0.0706323 -0.0642214 -0.0573432 -0.0492922 -0.0393902 -0.0283881 -0.0171776 -0.00623128 0.00492972 0.018075 0.0331311 0.0480591 0.0615609 0.0729816 0.0821259 0.0890423 0.0939473 0.0969605 0.0977389 0.0962086 0.0930247 0.0885001 0.0823805 0.0749551 0.0670065 0.0587411 0.0500539 0.0412795 0.0328051 0.0244394 0.0159171 0.00720892 -0.00141869
-0.0782614 -0.0689002 -0.0632141 -0.0619103 -0.0654629 -0.0741403 -0.0877317 -0.105993 -0.128964 -0.155151 -0.180098 -0.201113 -0.218108 -0.229474 -0.232298 -0.225334 -0.20892 -0.187029 -0.16438 -0.14306 -0.124214 -0.108253 -0.0951395 -0.0842922 -0.0757687 -0.0702912 -0.0665915 -0.0620691 -0.056358 -0.0500719 -0.042644 -0.0334675 -0.0232443 -0.0128218 -0.00269849 0.00760984 0.0199373 0.0341765 0.04816 0.0606281 0.0710798 0.0794356 0.0857681 0.0899587 0.0918856 0.0916034 0.0893318 0.0855514 0.0804336 0.0737091 0.0657001 0.0572511 0.0485488 0.039429 0.0302505 0.021454 0.0128762 0.0043062 -0.00414023 -0.0120436
-0.056308 -0.0495036 -0.0472674 -0.049984 -0.0568962 -0.0671406 -0.081595 -0.10107 -0.124744 -0.150464 -0.174161 -0.193645 -0.20927 -0.218805 -0.218066 -0.20733 -0.189603 -0.168389 -0.146947 -0.126822 -0.108974 -0.093937 -0.0817836 -0.0719353 -0.0645013 -0.0603081 -0.0579287 -0.0544177 -0.0492613 -0.0431079 -0.0358501 -0.0273178 -0.0180559 -0.00867877 0.000418214 0.00975436 0.0211232 0.0344098 0.0474823 0.0591456 0.0689578 0.076713 0.0823066 0.0856265 0.0866425 0.0855894 0.0827482 0.078384 0.0725831 0.0652139 0.0566488 0.0476854 0.0384477 0.0287323 0.0190716 0.0100982 0.00153233 -0.00690423 -0.0147949 -0.0215063
-0.0385851 -0.0352464 -0.0362182 -0.0415716 -0.0503093 -0.0615048 -0.0766293 -0.096895 -0.120793 -0.145842 -0.16867 -0.187118 -0.200604 -0.206754 -0.202071 -0.188353 -0.170209 -0.150232 -0.130125 -0.111192 -0.0944426 -0.0803797 -0.0691868 -0.0606524 -0.0548603 -0.0521484 -0.050849 -0.047985 -0.0429698 -0.0364751 -0.0290874 -0.0212865 -0.013291 -0.0052263 0.00287307 0.0115406 0.022098 0.0343653 0.0465908 0.0577105 0.0671956 0.0745231 0.0792878 0.0816735 0.0819963 0.0804218 0.0770782 0.0720761 0.0654796 0.0573101 0.047971 0.0381797 0.0281568 0.0178974 0.00805325 -0.000696777 -0.00875668 -0.0165158 -0.0235018 -0.0290141
-0.0256321 -0.025827 -0.0292738 -0.0357708 -0.0449128 -0.0565916 -0.0724338 -0.093461 -0.117517 -0.141902 -0.163975 -0.181282 -0.191612 -0.193137 -0.184736 -0.169264 -0.151403 -0.132764 -0.113933 -0.0962194 -0.0807652 -0.0678231 -0.0576489 -0.0507296 -0.0470536 -0.0459252 -0.045364 -0.0426697 -0.0374072 -0.0304066 -0.0228597 -0.0157637 -0.00899716 -0.00217458 0.00512963 0.0134577 0.0234806 0.0348642 0.0462581 0.0567918 0.0659255 0.0728149 0.0767358 0.0782729 0.0781393 0.0761951 0.0722753 0.0665052 0.0590252 0.049961 0.0397362 0.0290309 0.0182802 0.00779725 -0.00183601 -0.0101337 -0.0175168 -0.0243898 -0.0304223 -0.0349875
-0.0166441 -0.0189881 -0.0241653 -0.0316031 -0.0411082 -0.0530285 -0.0694032 -0.091339 -0.115854 -0.139678 -0.160393 -0.175286 -0.181294 -0.177866 -0.166772 -0.150956 -0.133656 -0.115901 -0.098105 -0.0816501 -0.0677034 -0.0562519 -0.047537 -0.0425151 -0.0409615 -0.0411776 -0.0409624 -0.0380397 -0.0323963 -0.0252235 -0.0177927 -0.0110744 -0.00488508 0.00128313 0.00809631 0.0161604 0.0259145 0.0367924 0.047268 0.0566904 0.0649497 0.07112 0.0742516 0.0751829 0.0748142 0.0725235 0.067821 0.0610986 0.0527173 0.0428605 0.0319958 0.0208523 0.00998431 -0.000190193 -0.00938874 -0.0174766 -0.0247173 -0.031288 -0.0368231 -0.0407461
-0.011573 -0.0149207 -0.0209857 -0.0290582 -0.0390745 -0.0516172 -0.068906 -0.0919324 -0.11679 -0.13947 -0.157452 -0.168185 -0.169063 -0.161122 -0.148387 -0.133101 -0.116376 -0.0991638 -0.0824507 -0.067601 -0.0555621 -0.0459697 -0.0389561 -0.0357985 -0.0360424 -0.0371317 -0.0368348 -0.0335029 -0.0276127 -0.0206487 -0.0135394 -0.00687253 -0.000718867 0.00521644 0.0118025 0.0197565 0.0293925 0.0398671 0.0492865 0.0572416 0.0642318 0.0694461 0.0718434 0.0723147 0.0717298 0.0690362 0.063507 0.055853 0.0467014 0.0363313 0.0252201 0.0140406 0.00331788 -0.00657457 -0.0156314 -0.0239822 -0.0316779 -0.0385641 -0.0439757 -0.0472924
-0.0104004 -0.0145994 -0.0207647 -0.0286461 -0.0390647 -0.0532968 -0.0725705 -0.0966105 -0.120827 -0.140837 -0.154155 -0.159043 -0.154624 -0.143226 -0.129575 -0.114905 -0.098651 -0.0820739 -0.0669736 -0.0544349 -0.0448551 -0.0373339 -0.0318426 -0.0301155 -0.0315877 -0.0329342 -0.0321332 -0.0284646 -0.022673 -0.0161077 -0.00930514 -0.00257113 0.00360789 0.00927402 0.0157661 0.0239006 0.0333839 0.043106 0.0513307 0.0579113 0.0636494 0.0678747 0.0695836 0.0695719 0.0685733 0.0653983 0.0592644 0.0509952 0.0413792 0.030881 0.0198675 0.00864547 -0.00237709 -0.0127807 -0.0225127 -0.0316453 -0.0401241 -0.0475783 -0.0528566 -0.0552062
-0.0110336 -0.0162373 -0.022889 -0.0309879 -0.0424509 -0.0593559 -0.0807542 -0.104249 -0.12573 -0.14142 -0.148819 -0.147213 -0.138079 -0.124521 -0.110563 -0.0964638 -0.0807718 -0.0652796 -0.0525042 -0.0427893 -0.03568 -0.0300777 -0.0259536 -0.0251924 -0.0271402 -0.0281402 -0.0266037 -0.0227442 -0.0172808 -0.0110918 -0.0046036 0.00184376 0.00766676 0.0129175 0.0192169 0.0273239 0.0363294 0.0450004 0.0520201 0.0574466 0.0621273 0.0655163 0.0667165 0.0663557 0.0649766 0.0613913 0.0548799 0.0463738 0.0366966 0.0262331 0.0151443 0.00344812 -0.00843281 -0.0198804 -0.030708 -0.0408795 -0.0502194 -0.058121 -0.0628905 -0.0637114
-0.0117235 -0.0180644 -0.0266503 -0.0366278 -0.0504301 -0.0704923 -0.092795 -0.112611 -0.128442 -0.13861 -0.140052 -0.132586 -0.119891 -0.105351 -0.0915744 -0.0781166 -0.063383 -0.0496858 -0.0399116 -0.0331565 -0.0279406 -0.0237538 -0.0208885 -0.0206711 -0.0222869 -0.0224858 -0.0202464 -0.0163574 -0.0112821 -0.00536145 0.000651366 0.00605805 0.0108608 0.0155472 0.0213494 0.0287078 0.036685 0.0441729 0.0500999 0.054602 0.0584995 0.0613477 0.0623529 0.0619551 0.0604779 0.0566978 0.0499943 0.0415943 0.0322416 0.021713 0.00995434 -0.00282142 -0.0159054 -0.0283951 -0.0401565 -0.0512548 -0.0612137 -0.0690189 -0.0725826 -0.0713641
-0.0144296 -0.0217055 -0.0329915 -0.045704 -0.0622295 -0.0848973 -0.105966 -0.118525 -0.126299 -0.131228 -0.128306 -0.116601 -0.101311 -0.0860632 -0.0725364 -0.0599887 -0.0469198 -0.0357492 -0.029209 -0.0251844 -0.0213591 -0.0180279 -0.0159059 -0.0156658 -0.0164667 -0.0158524 -0.013241 -0.00951377 -0.00492114 0.000454219 0.00550927 0.00929318 0.0126426 0.0165704 0.021577 0.0276684 0.0341963 0.0403395 0.0452327 0.049023 0.0524268 0.0550436 0.0561309 0.055869 0.0543503 0.050509 0.0439105 0.0358621 0.0268901 0.0161868 0.00364255 -0.0100878 -0.024071 -0.0373375 -0.0497418 -0.0612744 -0.0710161 -0.0775907 -0.0790611 -0.0759995
-0.0217388 -0.0292526 -0.0425305 -0.0571474 -0.075599 -0.100048 -0.117445 -0.118301 -0.115861 -0.117865 -0.113934 -0.100094 -0.0830358 -0.0671064 -0.0537991 -0.0424787 -0.0318246 -0.0237062 -0.0200653 -0.0181716 -0.0154051 -0.0124474 -0.0102701 -0.00940793 -0.00929987 -0.00825367 -0.00581023 -0.00249517 0.00141274 0.00563312 0.00908164 0.0110032 0.0127899 0.01571 0.0196528 0.0242731 0.0291595 0.0338126 0.0376984 0.0409563 0.0440823 0.0466619 0.0479621 0.0478017 0.0460405 0.0421354 0.0359706 0.0284509 0.0197655 0.00899544 -0.00381038 -0.0176419 -0.0316727 -0.0452466 -0.0579205 -0.06914 -0.0774886 -0.081547 -0.0805757 -0.0773156
-0.0357369 -0.0420937 -0.0542706 -0.067319 -0.0858904 -0.112986 -0.12516 -0.10757 -0.0918381 -0.0959214 -0.096143 -0.0817275 -0.064093 -0.0491659 -0.0368203 -0.0267121 -0.0186545 -0.0135098 -0.0117993 -0.0110557 -0.00907107 -0.00623691 -0.00344123 -0.0016787 -0.000911501 5.83283E-05 0.00181146 0.00434467 0.00719699 0.00968223 0.0111536 0.011413 0.0118001 0.0134113 0.0160009 0.0191529 0.0224826 0.0257211 0.0287318 0.0315795 0.034398 0.0367897 0.0381207 0.0378254 0.0355328 0.0314169 0.0257875 0.0190028 0.010932 0.000810475 -0.0111846 -0.0240037 -0.0371392 -0.0503481 -0.0627153 -0.0729175 -0.0790884 -0.0803021 -0.0786942 -0.0796809
-0.0548611 -0.0584387 -0.0656966 -0.0732231 -0.0888987 -0.11691 -0.122476 -0.0850591 -0.0570807 -0.0673195 -0.0750643 -0.0613669 -0.0445424 -0.0324204 -0.021908 -0.0130127 -0.00745149 -0.00491836 -0.00420822 -0.00369359 -0.00206167 0.000907194 0.0045623 0.00710808 0.00803717 0.00843527 0.00910267 0.0104332 0.0118008 0.0122228 0.0116817 0.0106006 0.00978164 0.00986865 0.0109456 0.0127985 0.0148918 0.0170364 0.0194086 0.0219045 0.0242106 0.0260061 0.026886 0.0260392 0.0229629 0.0185084 0.0134155 0.00764446 0.000853296 -0.00754866 -0.0174412 -0.0280843 -0.039409 -0.0515453 -0.0629898 -0.0716185 -0.0755944 -0.0752591 -0.0768191 -0.0877714
-0.0720617 -0.0717821 -0.0723363 -0.0734156 -0.081749 -0.0997192 -0.0962126 -0.0545574 -0.027119 -0.0410687 -0.0525309 -0.0411637 -0.026339 -0.0162291 -0.00740327 -0.000343534 0.00253792 0.00254084 0.00212806 0.00261457 0.00473807 0.00847838 0.012883 0.0156684 0.0161598 0.0156587 0.0150836 0.0148595 0.0144404 0.012974 0.0107008 0.00822107 0.0060709 0.00471636 0.00448872 0.00533678 0.00666832 0.00826442 0.0103006 0.0124357 0.0140036 0.0147368 0.0144599 0.0125184 0.00860472 0.0039598 -0.000444165 -0.00481355 -0.0095959 -0.0153471 -0.022134 -0.0296351 -0.0383668 -0.0489548 -0.0590919 -0.0658272 -0.0687562 -0.0705319 -0.0803811 -0.10553
-0.0816239 -0.0769289 -0.0707683 -0.0663513 -0.0646311 -0.0633988 -0.0506257 -0.0228253 0 -0.0219377 -0.0308118 -0.0221981 -0.00980942 -0.000341783 0.00699563 0.0113679 0.0113883 0.00911003 0.00752832 0.008055 0.0111339 0.0157292 0.0202196 0.0224437 0.0219554 0.0202998 0.0183508 0.016321 0.0139702 0.0109121 0.00721616 0.00322181 -0.000334606 -0.00279645 -0.00389734 -0.00370204 -0.00269105 -0.00116811 0.000748161 0.00248883 0.00323401 0.00271875 0.000919365 -0.00229457 -0.00673677 -0.0111257 -0.0145342 -0.0172065 -0.0196343 -0.0224347 -0.0259041 -0.0301203 -0.0361621 -0.0451024 -0.0536225 -0.0581137 -0.0616954 -0.0703013 -0.0925687 -0.132087
-0.0800361 -0.0708468 -0.0592018 -0.0505803 -0.0409689 -0.0247828 -0.00805446 0.00136683 -5.75481E-05 -0.00924529 -0.0122326 -0.00422137 0.00647891 0.0149414 0.0199868 0.0210879 0.0184345 0.0147786 0.0132264 0.0143364 0.0176474 0.0217109 0.0249229 0.0257276 0.0239245 0.0208306 0.0171984 0.0132498 0.00900285 0.00437996 -0.000673231 -0.00597976 -0.0105742 -0.0136486 -0.0151617 -0.0152905 -0.0143831 -0.0128245 -0.0110417 -0.00970304 -0.00958056 -0.0109409 -0.0137381 -0.0175609 -0.0217437 -0.0251738 -0.0271788 -0.0281711 -0.0286969 -0.0292983 -0.0304427 -0.0325962 -0.037002 -0.0446176 -0.0510973 -0.0527788 -0.0585921 -0.0781795 -0.113597 -0.161458
-0.0677911 -0.0552557 -0.0405093 -0.0293019 -0.0158117 0.00615793 0.021703 0.0183445 0.00790827 0.0021569 0.00426725 0.0128759 0.022162 0.0284559 0.0303785 0.0282711 0.0236828 0.0196924 0.0190389 0.0207515 0.023161 0.0251924 0.0259433 0.0246691 0.021332 0.0166812 0.0113192 0.00566773 -0.000137364 -0.00611389 -0.0123119 -0.0185432 -0.0237407 -0.0270865 -0.0287836 -0.029125 -0.0283296 -0.0268147 -0.0252121 -0.0241958 -0.0244034 -0.0260134 -0.0288834 -0.0323539 -0.0355842 -0.0376634 -0.0381978 -0.0378797 -0.0373108 -0.036795 -0.0368502 -0.0382224 -0.0417499 -0.047653 -0.0515641 -0.0510945 -0.0607555 -0.0924398 -0.137948 -0.186344
-0.0483068 -0.0349611 -0.0202585 -0.00830649 0.00564573 0.0261528 0.0394491 0.03464 0.0241422 0.0193725 0.0217417 0.028971 0.035628 0.038632 0.0373099 0.0328822 0.0276571 0.0240923 0.0238313 0.0250492 0.0256419 0.0250236 0.0229454 0.0193278 0.0143109 0.00827178 0.00165403 -0.00509027 -0.011801 -0.0184892 -0.0252642 -0.031995 -0.0375808 -0.0412126 -0.0432427 -0.0439939 -0.0435088 -0.0421636 -0.0407019 -0.0398315 -0.0401354 -0.0415188 -0.0435717 -0.0458948 -0.0479794 -0.0489647 -0.0485218 -0.047547 -0.0466397 -0.0458061 -0.0454822 -0.0464624 -0.0486196 -0.0510795 -0.0518911 -0.052062 -0.0673566 -0.107889 -0.156901 -0.199471
-0.0259152 -0.0125958 0.000951468 0.0127762 0.025642 0.0419911 0.0535563 0.0533471 0.0468493 0.0407434 0.0395765 0.0432437 0.0461493 0.0455234 0.0415171 0.0358555 0.0309423 0.0280079 0.0273065 0.0270247 0.025426 0.0223071 0.0177855 0.0121105 0.00555851 -0.00157777 -0.00899714 -0.0164095 -0.0236744 -0.030767 -0.0378678 -0.04494 -0.0509306 -0.0550498 -0.0576271 -0.0589283 -0.0588971 -0.0578776 -0.0566506 -0.0559211 -0.0562095 -0.0571255 -0.0580144 -0.0590132 -0.0601541 -0.0603834 -0.0592231 -0.0577992 -0.0566775 -0.0554221 -0.0543955 -0.0545592 -0.0544749 -0.0519273 -0.0498326 -0.0544652 -0.0773058 -0.122289 -0.168452 -0.200005
-0.00449684 0.0104475 0.0244167 0.0365198 0.0488288 0.0630687 0.0736109 0.075186 0.0696044 0.0610498 0.0556657 0.0548439 0.0537562 0.0501754 0.0445976 0.0386499 0.0342767 0.0315859 0.0298261 0.0276672 0.0240703 0.0191215 0.0130537 0.00604872 -0.00162093 -0.00958331 -0.0176334 -0.0256973 -0.0336671 -0.0414522 -0.0491658 -0.0567559 -0.0633396 -0.0682051 -0.0714569 -0.07325 -0.0736556 -0.0730956 -0.0723458 -0.0719684 -0.072263 -0.0727384 -0.0727785 -0.0729585 -0.0736283 -0.0732885 -0.0711974 -0.0688881 -0.0669199 -0.0642017 -0.0611168 -0.0591833 -0.0559663 -0.0482728 -0.0449544 -0.0577957 -0.0893734 -0.134487 -0.173276 -0.190069
0.016513 0.0335436 0.0485895 0.0612604 0.0736502 0.0873758 0.0970767 0.0976198 0.0902639 0.078799 0.0695255 0.0644997 0.0600942 0.0546485 0.0485972 0.0430208 0.0390605 0.0361117 0.0329896 0.0288976 0.023429 0.0169302 0.00966522 0.00156278 -0.00717698 -0.0160265 -0.0248049 -0.0336055 -0.0424246 -0.0511945 -0.0597987 -0.0680039 -0.0752212 -0.0809207 -0.0848904 -0.0871193 -0.0878477 -0.087625 -0.0872699 -0.087228 -0.0875924 -0.0878135 -0.0873458 -0.0871236 -0.087709 -0.0870818 -0.084139 -0.0806678 -0.0772625 -0.0724571 -0.0661579 -0.0595267 -0.0518836 -0.042987 -0.0437406 -0.0655974 -0.102142 -0.14131 -0.16882 -0.170853
0.0381674 0.0560217 0.0713515 0.0845122 0.0972053 0.110359 0.118839 0.117815 0.108316 0.0940225 0.0815406 0.0734939 0.0670677 0.0608796 0.0551175 0.050142 0.0462153 0.0425348 0.0380214 0.0321422 0.0247781 0.0165224 0.00772887 -0.00183642 -0.0120054 -0.0221098 -0.0319211 -0.0415815 -0.0512797 -0.0611264 -0.0706943 -0.0794523 -0.0871591 -0.0935459 -0.098138 -0.100737 -0.101628 -0.101451 -0.101146 -0.10122 -0.101762 -0.102013 -0.101242 -0.100776 -0.101501 -0.100949 -0.0975192 -0.0927149 -0.0872109 -0.0800079 -0.0698956 -0.0560866 -0.0434853 -0.0402082 -0.0518595 -0.0800465 -0.113697 -0.140332 -0.153111 -0.142798
