data_raster/melanesia/PNMC_current_2021/202111_North.grd
DSAA																																																																																																																																																																																																																																																																																																																																																																																																																											
412	268																																																																																																																																																																																																																																																																																																																																																																																																																										
156	174.5																																																																																																																																																																																																																																																																																																																																																																																																																										
-26.5	-14.5																																																																																																																																																																																																																																																																																																																																																																																																																										
-0.589466	0.494958																																																																																																																																																																																																																																																																																																																																																																																																																										
[rows 108 to 134 of 268, columns 240 to 299 of 412]
-0.0258846 0.00778685 0.0278527 0.0378579 0.0418213 0.0423285 0.0366795 0.0193281 -0.00754376 -0.0384101 -0.0700698 -0.100041 -0.12575 -0.145575 -0.159962 -0.169514 -0.174699 -0.17649 -0.176272 -0.17446 -0.173758 -0.197789 -0.259873 -0.285721 -0.217407 -0.116086 0 0 0 0.0679167 0.0855525 0.0873571 0.0745859 0.0542807 0.0282149 -0.00345257 -0.0387297 -0.0753109 -0.111262 -0.144303 -0.171538 -0.192441 -0.209244 -0.223655 -0.236748 -0.24863 -0.258831 -0.266454 -0.270928 -0.273338 -0.274674 -0.274868 -0.273423 -0.269416 -0.261947 -0.250287 -0.235115 -0.217995 -0.199749 -0.180879
-0.0404845 -0.00990246 0.0148827 0.0309238 0.0383599 0.0398538 0.0341213 0.0176003 -0.00769941 -0.0372748 -0.0678961 -0.0967394 -0.12097 -0.138865 -0.151076 -0.158356 -0.161223 -0.161465 -0.162017 -0.164636 -0.173223 -0.212661 -0.290027 -0.290813 0 0 0 0 0 0.032684 0.0721239 0.0793214 0.0574048 0.0304926 0.00144114 -0.03323 -0.0689378 -0.100742 -0.128 -0.150824 -0.169486 -0.18512 -0.199725 -0.213549 -0.225512 -0.235257 -0.242864 -0.248668 -0.253109 -0.256709 -0.2596 -0.260976 -0.259883 -0.255352 -0.246761 -0.23395 -0.218071 -0.201009 -0.183289 -0.164946
-0.0549634 -0.027575 -0.000861543 0.0186092 0.0283703 0.0304442 0.0247402 0.00984714 -0.0125729 -0.0393491 -0.0673322 -0.0933912 -0.114428 -0.128593 -0.136686 -0.139779 -0.13891 -0.136486 -0.136257 -0.142173 -0.159641 -0.203758 -0.2707 -0.252198 0 0 0 0 0 0.0123957 0.0368836 0.0360028 0.0129589 -0.0135427 -0.040734 -0.0705547 -0.0987368 -0.121333 -0.139236 -0.154053 -0.167278 -0.180077 -0.193155 -0.205662 -0.215751 -0.223315 -0.229207 -0.234431 -0.239687 -0.244416 -0.247742 -0.248703 -0.246437 -0.240266 -0.230016 -0.216093 -0.199976 -0.183626 -0.167034 -0.14958
-0.0685448 -0.0429507 -0.0174175 0.00202843 0.0124618 0.014642 0.00910934 -0.00378403 -0.0228451 -0.04619 -0.070511 -0.0922041 -0.108183 -0.116694 -0.118613 -0.115384 -0.108841 -0.102096 -0.0995476 -0.106544 -0.128251 -0.164349 -0.201534 0 0 0 0 0 0 -0.000160306 -0.0149227 -0.0326319 -0.0505552 -0.0698458 -0.0896713 -0.108391 -0.124294 -0.136617 -0.147086 -0.157291 -0.167888 -0.178953 -0.18996 -0.199876 -0.207487 -0.213254 -0.218442 -0.2239 -0.229844 -0.23478 -0.237211 -0.23651 -0.232243 -0.224108 -0.212376 -0.197952 -0.182351 -0.167214 -0.151977 -0.135513
-0.0782146 -0.0546999 -0.0324397 -0.0152952 -0.00555099 -0.00354283 -0.00879275 -0.0203048 -0.0371194 -0.0577952 -0.0783138 -0.0944126 -0.103719 -0.105177 -0.0997184 -0.0887303 -0.0740189 -0.0602949 -0.0546377 -0.059341 -0.073165 -0.0924292 -0.10831 0 0 0 0 0 0 0 -0.0620758 -0.0860452 -0.102603 -0.114285 -0.123572 -0.13227 -0.139734 -0.145581 -0.151685 -0.159411 -0.168625 -0.17857 -0.187968 -0.195997 -0.202312 -0.207488 -0.212474 -0.217668 -0.222884 -0.226544 -0.227237 -0.224656 -0.218663 -0.209161 -0.196712 -0.182547 -0.167867 -0.153611 -0.13903 -0.123081
-0.0840458 -0.0632335 -0.0448623 -0.0309283 -0.0228845 -0.0215337 -0.0267565 -0.0377401 -0.0532991 -0.071565 -0.0880702 -0.0983055 -0.100334 -0.0937364 -0.0801926 -0.0609812 -0.0367094 -0.0141783 -0.00481144 -0.00340411 0.00326107 0.00712788 -0.00279592 0 0 0 -0.042038 -0.06928 -0.0740054 -0.079004 -0.0937269 -0.113635 -0.130944 -0.138152 -0.139765 -0.142956 -0.146914 -0.150144 -0.154518 -0.161332 -0.169974 -0.17929 -0.187782 -0.194889 -0.200817 -0.205923 -0.210573 -0.214783 -0.218218 -0.219738 -0.218381 -0.214008 -0.206606 -0.196205 -0.183509 -0.169867 -0.156005 -0.142094 -0.127505 -0.111672
-0.087331 -0.0694778 -0.0542381 -0.0432008 -0.0374793 -0.0376364 -0.0435074 -0.0543275 -0.0685954 -0.0840466 -0.0963192 -0.101034 -0.0959429 -0.0808985 -0.0592548 -0.0324694 0.000883252 0.0323439 0.0462556 0.0572047 0.0919517 0.12167 0.106714 0.0683256 0.0335198 0 -0.0456654 -0.0752534 -0.0877161 -0.0958995 -0.10703 -0.121922 -0.13601 -0.143091 -0.145698 -0.148522 -0.151294 -0.153579 -0.157713 -0.164935 -0.173867 -0.183002 -0.191036 -0.197558 -0.202849 -0.207204 -0.210854 -0.213692 -0.215346 -0.214911 -0.211655 -0.205513 -0.196602 -0.185186 -0.172059 -0.158481 -0.144831 -0.130835 -0.116041 -0.100293
-0.087166 -0.0723351 -0.0598677 -0.0513758 -0.0481041 -0.0506979 -0.0576547 -0.0664067 -0.0782581 -0.0943412 -0.10521 -0.101762 -0.0870326 -0.065339 -0.0384144 -0.00587257 0.0346745 0.073883 0.0941023 0.115109 0.170385 0.215036 0.189547 0.123032 0.0583854 0.0057624 -0.0330436 -0.0609342 -0.0814459 -0.0981411 -0.112555 -0.124514 -0.134386 -0.142745 -0.149277 -0.153556 -0.1561 -0.158272 -0.162971 -0.171282 -0.180787 -0.189626 -0.197012 -0.20276 -0.207113 -0.21033 -0.212623 -0.213941 -0.213978 -0.211851 -0.206856 -0.198994 -0.188513 -0.175905 -0.162001 -0.147895 -0.13378 -0.119238 -0.104076 -0.0884982
-0.0822808 -0.0703136 -0.0608977 -0.0547417 -0.053502 -0.0593478 -0.067814 -0.0715822 -0.0795562 -0.102201 -0.117405 -0.103668 -0.075404 -0.0470059 -0.0171677 0.017843 0.061791 0.106506 0.135081 0.163553 0.219575 0.258325 0.223419 0.149203 0.0818762 0.0275938 -0.0156446 -0.0515595 -0.0816578 -0.104475 -0.120509 -0.132091 -0.141184 -0.149211 -0.155758 -0.160058 -0.162746 -0.165409 -0.171141 -0.180707 -0.190533 -0.198471 -0.204521 -0.209021 -0.212426 -0.214751 -0.215814 -0.215629 -0.214065 -0.210246 -0.203479 -0.193878 -0.181809 -0.167854 -0.152835 -0.137732 -0.122665 -0.10722 -0.0915817 -0.0763579
-0.0727723 -0.0629777 -0.0562432 -0.0515641 -0.0513411 -0.0608137 -0.0727745 -0.0741941 -0.0792157 -0.106588 -0.130599 -0.121565 -0.0832136 -0.0301401 0.0147994 0.0465328 0.0858743 0.13317 0.169345 0.201953 0.249121 0.276461 0.242575 0.178035 0.120205 0.0671693 0.0141669 -0.0354588 -0.077103 -0.106053 -0.123762 -0.136642 -0.147013 -0.154801 -0.160604 -0.165197 -0.168971 -0.173036 -0.180576 -0.191955 -0.202257 -0.209092 -0.213574 -0.216756 -0.219375 -0.221086 -0.221121 -0.219482 -0.216186 -0.210378 -0.201408 -0.189557 -0.175365 -0.159586 -0.143112 -0.126889 -0.110997 -0.0950137 -0.0794231 -0.0650926
-0.0594603 -0.0507536 -0.045576 -0.0409289 -0.040492 -0.0539724 -0.0721585 -0.0759239 -0.0792657 -0.105036 -0.138275 -0.150692 -0.110067 -0.0176602 0.0532718 0.0766831 0.105162 0.153192 0.194817 0.229625 0.270147 0.294428 0.275211 0.229601 0.179393 0.123657 0.0613194 -0.00111644 -0.0555371 -0.0933853 -0.115604 -0.130918 -0.142998 -0.15245 -0.160202 -0.167138 -0.173412 -0.179959 -0.19017 -0.204037 -0.215216 -0.221159 -0.224354 -0.22656 -0.228583 -0.229741 -0.228794 -0.225644 -0.220345 -0.212082 -0.200292 -0.185439 -0.168356 -0.150216 -0.13213 -0.115044 -0.0989649 -0.0833749 -0.0687783 -0.0559657
-0.0441261 -0.0354987 -0.0304061 -0.0243086 -0.0231012 -0.0421014 -0.0672785 -0.0689213 -0.0662724 -0.0922557 -0.126884 -0.135934 0 0 0.0561173 0.074538 0.102328 0.154094 0.202391 0.2425 0.282691 0.309902 0.306829 0.279377 0.237164 0.181549 0.1148 0.043827 -0.0216465 -0.0695831 -0.0991291 -0.11892 -0.133929 -0.146593 -0.158051 -0.168787 -0.178625 -0.188309 -0.201315 -0.217376 -0.229247 -0.234483 -0.236843 -0.238476 -0.239846 -0.24004 -0.237668 -0.232604 -0.224924 -0.213884 -0.19903 -0.180993 -0.160942 -0.140626 -0.121388 -0.104036 -0.0884752 -0.074093 -0.0610734 -0.0497389
-0.0279354 -0.0178524 -0.0107113 -0.00154888 0.00149681 -0.0213524 -0.0508493 -0.047217 -0.0381342 -0.0674459 -0.0924458 0 0 0 0.0174384 0.0353019 0.0733464 0.130136 0.186315 0.236595 0.283587 0.31726 0 0.310971 0.279395 0.230501 0.16573 0.0915871 0.0185831 -0.0389826 -0.0777919 -0.1042 -0.123723 -0.140732 -0.156719 -0.171891 -0.185782 -0.198867 -0.214442 -0.232051 -0.244259 -0.248971 -0.250861 -0.252104 -0.252531 -0.251148 -0.24676 -0.239302 -0.228884 -0.21485 -0.196876 -0.17581 -0.153205 -0.131418 -0.111921 -0.0951448 -0.0808036 -0.0681777 -0.0568378 -0.0463626
-0.0109101 0.00366179 0.0161762 0.0304638 0.0388881 0.0233451 -0.00319788 0 0 0 0 0 0 0 0 0.00433431 0.0378725 0.088807 0.147972 0.209179 0.267452 0 0.331998 0.330227 0.310687 0.271338 0.212013 0.13835 0.0608615 -0.0050588 -0.0534609 -0.0871662 -0.111974 -0.134421 -0.155781 -0.175399 -0.193098 -0.209663 -0.227998 -0.247316 -0.260136 -0.264624 -0.266008 -0.266481 -0.26552 -0.262221 -0.255661 -0.245728 -0.232421 -0.215139 -0.193773 -0.16966 -0.144902 -0.122395 -0.103589 -0.0883216 -0.0758799 -0.0652092 -0.0551697 -0.0446709
0.0064353 0.0284488 0.0496875 0.0728111 0.0908951 0.08747 0.0624621 0 0 0 0 0 0 0.00453864 -0.00245148 -0.00557223 0.00774703 0.0432067 0.0990567 0.167506 0.236844 0.294139 0.328547 0.340932 0.333707 0.304219 0.25168 0.180723 0.1013 0.0289959 -0.0279 -0.0684381 -0.0987115 -0.12745 -0.154905 -0.178804 -0.199991 -0.220237 -0.24164 -0.262788 -0.276379 -0.280788 -0.28139 -0.280507 -0.277739 -0.272391 -0.263724 -0.251395 -0.235123 -0.214347 -0.189309 -0.162255 -0.136002 -0.113731 -0.0966265 -0.0837435 -0.0736904 -0.0648278 -0.0554807 -0.0442597
0.0229721 0.0535898 0.085635 0.123816 0.154445 0.145858 0 0 0 0 0 0 0 -0.00671844 -0.0101849 -0.0190228 -0.0157854 0.010098 0.0604578 0.128692 0.202742 0.269282 0.31662 0.342752 0.34744 0.327658 0.282388 0.215535 0.136417 0.0602826 -0.00292129 -0.0491924 -0.0848352 -0.120233 -0.154155 -0.182449 -0.207386 -0.231883 -0.256351 -0.278462 -0.292065 -0.296101 -0.295623 -0.29301 -0.288234 -0.280812 -0.270052 -0.255288 -0.235906 -0.211456 -0.182733 -0.153307 -0.126774 -0.106072 -0.0917517 -0.081917 -0.0743705 -0.0668503 -0.0576307 -0.0455796
0.0376996 0.0769217 0.120351 0.177128 0.220016 0 0 0 0 0 0 -0.00307869 -0.0122605 -0.0211823 -0.0315051 -0.0397402 -0.0341279 -0.00810343 0.0388421 0.102155 0.173756 0.242855 0.298744 0.336267 0.35174 0.341215 0.303261 0.241479 0.164576 0.0868941 0.0194527 -0.0312079 -0.0715877 -0.11343 -0.153925 -0.186961 -0.215922 -0.24455 -0.271367 -0.293271 -0.305936 -0.30915 -0.307426 -0.303094 -0.296485 -0.287203 -0.274462 -0.257263 -0.234729 -0.206681 -0.174642 -0.143673 -0.118088 -0.100184 -0.0895109 -0.0829606 -0.0776 -0.0708541 -0.0613153 -0.048388
0.0496959 0.0968908 0.150742 0.223495 0.274257 0.213642 0.0840128 0.0105596 0 0 0 -0.00847825 -0.0173588 -0.0287758 -0.0437709 -0.0561488 -0.0495894 -0.018789 0.0301226 0.0904361 0.155523 0.219859 0.278023 0.322863 0.347203 0.345234 0.314509 0.258618 0.185517 0.107834 0.0374183 -0.0164006 -0.0603986 -0.107952 -0.154882 -0.193044 -0.22582 -0.257103 -0.284674 -0.305435 -0.316572 -0.3186 -0.315717 -0.310147 -0.302317 -0.291708 -0.27729 -0.257807 -0.232289 -0.20106 -0.166476 -0.134884 -0.111134 -0.0967996 -0.090189 -0.0866119 -0.0826897 -0.0762042 -0.066047 -0.0518991
0.0577563 0.111813 0.174308 0.256741 0.309113 0.226554 0.0682413 -0.00572901 -0.00156904 0 0 -0.0121882 -0.0230488 -0.0324188 -0.0481676 -0.0652325 -0.0592963 -0.0239241 0.0287532 0.0880349 0.145748 0.201559 0.256682 0.30399 0.334378 0.339864 0.316425 0.267288 0.199452 0.123773 0.0521691 -0.00443061 -0.0524531 -0.105465 -0.158066 -0.2006 -0.235973 -0.268001 -0.294743 -0.313695 -0.323045 -0.323849 -0.32024 -0.314227 -0.305918 -0.294536 -0.27882 -0.257297 -0.228993 -0.194982 -0.158602 -0.127314 -0.106231 -0.095849 -0.0931091 -0.0918764 -0.0886582 -0.0819872 -0.0709387 -0.0552179
0.0611318 0.120543 0.189429 0.273795 0.321598 0.230464 0.0656838 -0.00557887 0 0 0 -0.0102342 -0.0251376 -0.0383824 -0.0542823 -0.0675384 -0.0586849 -0.022879 0.0294615 0.0867881 0.138865 0.187205 0.236349 0.281464 0.314514 0.325913 0.309801 0.268055 0.206607 0.135501 0.0653169 0.00548238 -0.0486833 -0.107428 -0.164129 -0.208842 -0.24461 -0.275587 -0.30039 -0.317165 -0.324829 -0.324833 -0.321285 -0.315743 -0.307614 -0.295875 -0.279233 -0.255965 -0.225059 -0.188538 -0.150909 -0.120772 -0.103182 -0.0967724 -0.0971138 -0.097436 -0.0944005 -0.0871634 -0.074943 -0.0574913
0.0621304 0.125074 0.197556 0.279705 0.321292 0.229655 0 0 0 0 0 -0.00753545 -0.019098 -0.0374081 -0.0538856 -0.059664 -0.047525 -0.0158059 0.0314414 0.0845768 0.132173 0.175035 0.217867 0.258886 0.2926 0.308138 0.297831 0.262076 0.206147 0.140298 0.0731362 0.0107251 -0.0493439 -0.11236 -0.170816 -0.215438 -0.249812 -0.278597 -0.300921 -0.315548 -0.322189 -0.322447 -0.319835 -0.315274 -0.307582 -0.295652 -0.278307 -0.25362 -0.220531 -0.181978 -0.143601 -0.115123 -0.101329 -0.098496 -0.10097 -0.102122 -0.0988833 -0.090728 -0.0771788 -0.0583239
0.0633226 0.127755 0.200616 0.280113 0.317967 0.22691 0.0640482 -0.0247781 0 0 -0.02619 -0.00881295 -0.0042013 -0.0220638 -0.0393809 -0.0410992 -0.029418 -0.00488229 0.0341215 0.0807807 0.124146 0.163469 0.201863 0.239678 0.273487 0.291215 0.283761 0.250807 0.197738 0.135743 0.0718254 0.00870053 -0.0542558 -0.118162 -0.175469 -0.218215 -0.250256 -0.276387 -0.296207 -0.309182 -0.315979 -0.317949 -0.316992 -0.313345 -0.305932 -0.29378 -0.275816 -0.250049 -0.215457 -0.175591 -0.136925 -0.110215 -0.0999286 -0.0999765 -0.103712 -0.105087 -0.101322 -0.091981 -0.0771383 -0.0575515
0.0649037 0.128782 0.198869 0.274024 0.308687 0.219744 0.0587403 -0.0389195 -0.063778 -0.0615674 -0.0415239 -0.00867821 0.00739154 -0.00748757 -0.024256 -0.0251202 -0.0160153 0.00187136 0.0329767 0.0733113 0.114082 0.152601 0.189091 0.224766 0.25759 0.275348 0.268463 0.236066 0.183819 0.124147 0.0630152 0.000483129 -0.0625181 -0.123799 -0.177194 -0.217157 -0.246754 -0.269949 -0.287483 -0.299883 -0.308176 -0.312806 -0.313497 -0.310146 -0.302725 -0.290427 -0.27194 -0.245418 -0.210086 -0.169637 -0.13094 -0.105773 -0.0984451 -0.100815 -0.10533 -0.106389 -0.101681 -0.0911971 -0.0753744 -0.0552904
0.0672154 0.128204 0.193026 0.261164 0.291294 0.207659 0.0580648 -0.0326673 -0.0548184 -0.0499245 -0.0303331 -0.00347306 0.0086222 -0.00373114 -0.0177595 -0.0194894 -0.0132321 0.000631366 0.0263588 0.0622157 0.102562 0.142724 0.17941 0.21353 0.243879 0.259684 0.252069 0.219246 0.166812 0.108345 0.0493162 -0.011905 -0.0728514 -0.12873 -0.176089 -0.212836 -0.240176 -0.260371 -0.276271 -0.28972 -0.300649 -0.307936 -0.3096 -0.305805 -0.298154 -0.285885 -0.267047 -0.240119 -0.204768 -0.164354 -0.12572 -0.101687 -0.0966514 -0.100903 -0.105988 -0.106303 -0.100253 -0.088876 -0.0725027 -0.0517834
0.0719141 0.126701 0.185503 0.245794 0.271044 0.196778 0.0649681 -0.0160654 -0.0366419 -0.0318363 -0.0159332 0.00216681 0.0092413 0.000270954 -0.010522 -0.0138697 -0.0109713 -0.00072932 0.0206073 0.0528005 0.09255 0.133813 0.170682 0.203151 0.230208 0.243102 0.234163 0.200642 0.147845 0.0901759 0.0330127 -0.0260438 -0.0834805 -0.133006 -0.17361 -0.206134 -0.230578 -0.248216 -0.264111 -0.280627 -0.294502 -0.302978 -0.30466 -0.30047 -0.292733 -0.280599 -0.261729 -0.234871 -0.199978 -0.159946 -0.12146 -0.0982532 -0.0948904 -0.100467 -0.105789 -0.10516 -0.0977054 -0.0855627 -0.0687957 -0.0474234
0.0767391 0.124038 0.177215 0.230443 0.25202 0.189968 0.0774945 0.00143663 -0.025347 -0.024999 -0.0111808 0.00522033 0.0133432 0.00876135 0.000688703 -0.00404908 -0.00445403 0.00192995 0.0191091 0.0476819 0.0853857 0.125729 0.161693 0.192084 0.215477 0.224994 0.214317 0.180286 0.127801 0.0711494 0.0158867 -0.0399891 -0.092763 -0.136238 -0.170615 -0.198109 -0.219038 -0.235083 -0.252605 -0.273272 -0.289592 -0.297635 -0.298643 -0.29448 -0.286956 -0.275072 -0.256544 -0.230157 -0.195838 -0.156253 -0.11806 -0.0955275 -0.0932583 -0.0995181 -0.104658 -0.103029 -0.0943304 -0.081491 -0.0644013 -0.0426318
0.0739138 0.118625 0.166616 0.21424 0.235057 0.184069 0.0873739 0.0164981 -0.0137875 -0.0168748 -0.00608829 0.00665343 0.013783 0.0122714 0.00685671 0.00201341 0.000436185 0.00515456 0.0194753 0.0446059 0.0796226 0.118237 0.15292 0.181029 0.200298 0.205557 0.192233 0.158069 0.107426 0.0524558 -0.000971382 -0.0526106 -0.0994247 -0.13735 -0.16685 -0.189991 -0.208207 -0.224059 -0.243352 -0.266528 -0.284168 -0.291962 -0.292571 -0.288438 -0.281225 -0.269842 -0.25193 -0.226035 -0.191927 -0.152603 -0.114972 -0.0931222 -0.0913775 -0.0976862 -0.102275 -0.0996042 -0.0898174 -0.0764454 -0.0593567 -0.0378316
