data_raster/melanesia/PNMC_current_2021/202101_North.grd
DSAA																																																																																																																																																																																																																																																																																																																																																																																																																											
412	268																																																																																																																																																																																																																																																																																																																																																																																																																										
156	174.5																																																																																																																																																																																																																																																																																																																																																																																																																										
-26.5	-14.5																																																																																																																																																																																																																																																																																																																																																																																																																										
-0.500976	0.423028																																																																																																																																																																																																																																																																																																																																																																																																																										
[rows 162 to 188 of 268, columns 0 to 59 of 412]
-0.0622942 -0.0670802 -0.0714394 -0.0751515 -0.0785249 -0.0816631 -0.084181 -0.085849 -0.0866856 -0.0869154 -0.0869164 -0.0870918 -0.0877723 -0.0888267 -0.0899695 -0.0909314 -0.091474 -0.0914259 -0.09089 -0.0903634 -0.0900766 -0.0899561 -0.0900227 -0.0903597 -0.0909475 -0.0917431 -0.0928264 -0.0942265 -0.0956918 -0.0969228 -0.0976401 -0.0978464 -0.0979332 -0.0983833 -0.0996653 -0.101425 -0.102852 -0.103554 -0.103242 -0.101288 -0.0972765 -0.0916327 -0.0850178 -0.0782442 -0.0717605 -0.0655395 -0.0594558 -0.0532997 -0.0466058 -0.0385397 -0.0269083 -0.0100726 0.00952632 0.0246691 0.0189927 -0.00447897 -0.00970611 0.00681059 0.0112112 0.00187315
-0.06183 -0.0672269 -0.0717977 -0.0750272 -0.0772009 -0.0786753 -0.0797031 -0.0803347 -0.0804279 -0.0802734 -0.0804744 -0.0813302 -0.0828839 -0.0846668 -0.0861276 -0.0870457 -0.0873444 -0.087114 -0.0866292 -0.0863951 -0.0864945 -0.0865855 -0.0867435 -0.0872908 -0.0880807 -0.0888603 -0.0899515 -0.0916303 -0.0934771 -0.0950723 -0.0962816 -0.0971883 -0.0981276 -0.0994364 -0.10139 -0.103746 -0.105972 -0.107759 -0.108769 -0.108119 -0.105107 -0.0999653 -0.0932614 -0.0858795 -0.0784297 -0.0711325 -0.0640455 -0.0570049 -0.0488163 -0.0385376 -0.0302352 -0.0257632 -0.0113422 0.015872 0.0226753 0.00202739 -0.00236372 0.0161369 0.0202941 0.0103863
-0.0619874 -0.0670873 -0.0712077 -0.0737229 -0.0749204 -0.0752623 -0.075254 -0.0751821 -0.0750921 -0.0752626 -0.0761189 -0.0776831 -0.0797051 -0.0816133 -0.0828632 -0.0833969 -0.0833524 -0.0830696 -0.0828602 -0.0829402 -0.083285 -0.0836556 -0.0841691 -0.0851286 -0.0862842 -0.0872864 -0.088577 -0.0905304 -0.0925497 -0.094152 -0.0954804 -0.0967329 -0.0980802 -0.0997452 -0.101969 -0.104615 -0.107337 -0.10996 -0.112208 -0.113057 -0.111587 -0.107729 -0.101766 -0.094353 -0.0861518 -0.0777748 -0.0696363 -0.0618818 -0.0536225 -0.0440621 -0.0364546 -0.0317155 -0.0160107 0.013385 0.0232341 0.00577745 0.00291184 0.0210337 0.0244999 0.0147362
-0.0622258 -0.0665985 -0.0699603 -0.0716909 -0.0721786 -0.0719408 -0.0714397 -0.0710775 -0.0711861 -0.0719793 -0.0735391 -0.0755612 -0.0775531 -0.0790902 -0.0798809 -0.080021 -0.0797865 -0.0796667 -0.0799179 -0.0803966 -0.0810113 -0.0817665 -0.0827596 -0.0841067 -0.0855871 -0.0869498 -0.088573 -0.0907257 -0.092731 -0.0941484 -0.0953977 -0.0967571 -0.0981733 -0.0997854 -0.101902 -0.104464 -0.107214 -0.11016 -0.113218 -0.115427 -0.115775 -0.113782 -0.109299 -0.102616 -0.0943027 -0.0852013 -0.0760596 -0.0674644 -0.0593649 -0.0512847 -0.0423378 -0.030813 -0.012431 0.0103732 0 0.00529813 0.0040901 0.0181319 0.0225329 0
-0.0621752 -0.0661136 -0.0689123 -0.0699284 -0.0697992 -0.0692293 -0.0686865 -0.0685214 -0.0689678 -0.0701309 -0.0719704 -0.073998 -0.0755827 -0.0765905 -0.077075 -0.0771456 -0.0770438 -0.0772814 -0.0780731 -0.0791267 -0.0802805 -0.0815509 -0.0829293 -0.0843885 -0.0859411 -0.0876343 -0.0895895 -0.091777 -0.0936223 -0.0948585 -0.0960606 -0.0975017 -0.0989126 -0.10033 -0.10208 -0.104148 -0.106351 -0.108926 -0.11208 -0.115114 -0.117091 -0.117081 -0.114485 -0.109315 -0.101878 -0.0927782 -0.082804 -0.0728461 -0.0634467 -0.0545937 -0.0441347 -0.0302152 -0.0151843 -0.00268931 0 0.00213424 0.0027398 0.00819796 0.0160503 0.0233141
-0.0621156 -0.0656014 -0.0678688 -0.0682957 -0.0677961 -0.0672488 -0.0670478 -0.0673401 -0.0680514 -0.0692358 -0.0709886 -0.0727924 -0.0739542 -0.0745946 -0.0750416 -0.0753602 -0.0756898 -0.0764688 -0.0778474 -0.0794749 -0.0811225 -0.0827314 -0.0842439 -0.0856309 -0.0871203 -0.0889822 -0.0911039 -0.09322 -0.094958 -0.0962106 -0.0974517 -0.0988809 -0.100233 -0.101463 -0.102747 -0.104086 -0.105425 -0.107163 -0.109719 -0.112781 -0.115683 -0.117329 -0.11682 -0.113773 -0.108059 -0.0998331 -0.0897545 -0.0788635 -0.0678968 -0.0571618 -0.0454554 -0.0322027 -0.0213936 -0.0152349 -0.00885118 -0.00130639 0.000437254 -0.000558213 0.00941234 0.0249913
-0.0621353 -0.0648361 -0.0664616 -0.0665342 -0.0661133 -0.0660591 -0.0664681 -0.067206 -0.0679859 -0.0689346 -0.0704195 -0.0720145 -0.0730345 -0.0736915 -0.0744003 -0.075196 -0.0761431 -0.0775608 -0.0794847 -0.0814683 -0.0832464 -0.0847901 -0.0861508 -0.0874446 -0.088907 -0.0907521 -0.0928134 -0.0948339 -0.0966371 -0.0981527 -0.0994952 -0.100758 -0.101972 -0.103076 -0.10394 -0.10455 -0.105018 -0.105758 -0.107219 -0.109462 -0.112248 -0.114806 -0.116229 -0.115541 -0.112067 -0.105559 -0.0965152 -0.085989 -0.0745825 -0.0625801 -0.0499506 -0.0370137 -0.0258812 -0.0176901 -0.010127 -0.0032 -0.00134016 -0.00169203 0.00614035 0.0178347
-0.0613217 -0.0633408 -0.0646214 -0.0648947 -0.0650974 -0.065843 -0.0668656 -0.0678621 -0.0686145 -0.0693433 -0.070527 -0.0719203 -0.0730223 -0.0740433 -0.0753186 -0.0767554 -0.0782899 -0.0801386 -0.0822794 -0.0842742 -0.0859036 -0.0872202 -0.0884002 -0.0896869 -0.0912399 -0.0931252 -0.0951457 -0.097084 -0.0989117 -0.10059 -0.101984 -0.103099 -0.104126 -0.105037 -0.105595 -0.105724 -0.105496 -0.105303 -0.105612 -0.106645 -0.108462 -0.110847 -0.1132 -0.114305 -0.113092 -0.108811 -0.101628 -0.0924115 -0.0815256 -0.0691327 -0.0559735 -0.0428494 -0.0299636 -0.0179738 -0.00900242 -0.00396468 -0.00139592 0.000912891 0.00545955 0.0105121
-0.0591029 -0.060948 -0.0625002 -0.0636885 -0.0650101 -0.0666513 -0.0681227 -0.069168 -0.0698864 -0.0705515 -0.071516 -0.0727621 -0.0741275 -0.0757366 -0.0777015 -0.0797407 -0.0816469 -0.083582 -0.0855632 -0.0873148 -0.0887369 -0.0899433 -0.091132 -0.0925354 -0.094251 -0.0962635 -0.0983183 -0.100173 -0.101849 -0.103381 -0.104725 -0.105835 -0.106688 -0.107291 -0.107668 -0.10764 -0.106991 -0.106105 -0.105527 -0.105392 -0.10579 -0.106968 -0.108825 -0.110554 -0.111052 -0.108997 -0.104036 -0.0966113 -0.0868764 -0.074948 -0.0617724 -0.0483879 -0.034996 -0.0221194 -0.0115638 -0.0042903 0.000459439 0.00367678 0.00639903 0.00915648
-0.055851 -0.0581371 -0.060559 -0.0631722 -0.0658247 -0.068252 -0.0700636 -0.0711707 -0.0718504 -0.0724522 -0.0733457 -0.0747184 -0.0766167 -0.0788354 -0.0811091 -0.0832649 -0.0852365 -0.0871535 -0.0890454 -0.0907523 -0.0922459 -0.0936508 -0.0950877 -0.0966572 -0.0983628 -0.100154 -0.101938 -0.103608 -0.105066 -0.106321 -0.107584 -0.108815 -0.109605 -0.109943 -0.11017 -0.110093 -0.109283 -0.10804 -0.106869 -0.105834 -0.104984 -0.104662 -0.105095 -0.106191 -0.107204 -0.106665 -0.103773 -0.0983326 -0.0902347 -0.0795352 -0.0670584 -0.0538056 -0.0403603 -0.0272389 -0.0150435 -0.00465013 0.00267734 0.00680823 0.00895894 0.0110321
-0.0520788 -0.0554262 -0.0591672 -0.0633722 -0.0672812 -0.0703189 -0.0724549 -0.0737773 -0.0744673 -0.0749814 -0.0759505 -0.07768 -0.0801819 -0.0828026 -0.0849074 -0.0867384 -0.0886281 -0.0906692 -0.0928171 -0.0948747 -0.0967818 -0.0986269 -0.100404 -0.102035 -0.103436 -0.104575 -0.105717 -0.107052 -0.108274 -0.109264 -0.110468 -0.111861 -0.112701 -0.112902 -0.112979 -0.112831 -0.112032 -0.110715 -0.109198 -0.107596 -0.105973 -0.104404 -0.103139 -0.102729 -0.103017 -0.102934 -0.101483 -0.0978109 -0.0915009 -0.0824814 -0.0713171 -0.0587382 -0.0452035 -0.0312062 -0.0174891 -0.00512128 0.00438018 0.0102041 0.0125232 0.0137233
-0.048327 -0.0532631 -0.0585099 -0.0640267 -0.0688721 -0.0724512 -0.0750025 -0.0766978 -0.0775706 -0.0781412 -0.0792533 -0.0811914 -0.083829 -0.0864174 -0.088319 -0.0900453 -0.0921403 -0.0946348 -0.0973669 -0.0999974 -0.102373 -0.104538 -0.106397 -0.10777 -0.108631 -0.109093 -0.109595 -0.110465 -0.111371 -0.112163 -0.11332 -0.11478 -0.11566 -0.115816 -0.115792 -0.115568 -0.114799 -0.113477 -0.111752 -0.109816 -0.107767 -0.105401 -0.102851 -0.100945 -0.0999702 -0.0994283 -0.0984053 -0.0957358 -0.0907917 -0.0833345 -0.0736131 -0.0620035 -0.0486791 -0.0340349 -0.0191408 -0.00534425 0.00573512 0.0128931 0.0156223 0.0164108
-0.0447538 -0.0515358 -0.0582592 -0.0646941 -0.070173 -0.0743363 -0.0774622 -0.0796813 -0.0809217 -0.0817022 -0.082934 -0.0848339 -0.0871959 -0.0895242 -0.091465 -0.0935167 -0.096145 -0.0993034 -0.102721 -0.105905 -0.108616 -0.110885 -0.112585 -0.113515 -0.113803 -0.113753 -0.113751 -0.114071 -0.114541 -0.1151 -0.116086 -0.117376 -0.118179 -0.118316 -0.118198 -0.117856 -0.117085 -0.115775 -0.113922 -0.111783 -0.109509 -0.106754 -0.103511 -0.100546 -0.0983316 -0.096841 -0.0954334 -0.0930158 -0.0888534 -0.0824975 -0.0739542 -0.0633418 -0.0505632 -0.0358307 -0.0202575 -0.0054275 0.00655316 0.0143081 0.017515 0.0185916
-0.0412032 -0.0496811 -0.0576891 -0.0648256 -0.0708677 -0.0757528 -0.0796373 -0.0825205 -0.0842382 -0.0852673 -0.0865226 -0.088296 -0.0905085 -0.0928719 -0.095183 -0.0977899 -0.100988 -0.104671 -0.108517 -0.111982 -0.114825 -0.117124 -0.118746 -0.119451 -0.119415 -0.119001 -0.118542 -0.118276 -0.118176 -0.118258 -0.118727 -0.119487 -0.120008 -0.120065 -0.119749 -0.119176 -0.118418 -0.117215 -0.115305 -0.113008 -0.110576 -0.107619 -0.104034 -0.10045 -0.0973732 -0.095033 -0.0930646 -0.0906198 -0.0868488 -0.0810277 -0.0731432 -0.0633172 -0.0511742 -0.036688 -0.0210041 -0.00586357 0.00634598 0.0143167 0.0181475 0.019959
-0.0376461 -0.0473503 -0.0563538 -0.0641731 -0.0708846 -0.0766029 -0.0813517 -0.0850112 -0.0873486 -0.0887627 -0.0901068 -0.091839 -0.0941408 -0.0968457 -0.09976 -0.103014 -0.106702 -0.110672 -0.114628 -0.118125 -0.121 -0.123376 -0.125105 -0.12589 -0.125808 -0.125129 -0.124191 -0.123279 -0.12245 -0.121762 -0.12137 -0.121275 -0.121256 -0.121067 -0.12049 -0.119697 -0.118996 -0.11796 -0.116054 -0.113625 -0.111022 -0.107942 -0.104257 -0.100381 -0.0967414 -0.0936914 -0.091121 -0.0884953 -0.0848674 -0.0792427 -0.0716932 -0.062467 -0.0509607 -0.0369419 -0.0216149 -0.00677523 0.00521433 0.0132354 0.0177016 0.0203308
-0.0340983 -0.0443739 -0.0540548 -0.0627044 -0.0702943 -0.0768656 -0.0824627 -0.0869763 -0.0901544 -0.0922756 -0.0940238 -0.0959479 -0.0984495 -0.10154 -0.105098 -0.109 -0.113098 -0.117186 -0.121054 -0.124505 -0.127482 -0.130058 -0.132041 -0.133089 -0.133112 -0.132199 -0.130725 -0.129067 -0.127343 -0.12566 -0.124198 -0.12306 -0.122229 -0.121541 -0.120739 -0.119928 -0.119332 -0.118425 -0.116577 -0.114061 -0.111247 -0.108089 -0.104509 -0.100509 -0.0963286 -0.0924685 -0.089109 -0.0860713 -0.0824266 -0.077024 -0.0698916 -0.0612551 -0.050406 -0.0370262 -0.0223291 -0.00806314 0.00357079 0.0115906 0.0164792 0.0196428
-0.0303675 -0.0408795 -0.0510789 -0.0606368 -0.0691852 -0.0765633 -0.0829678 -0.0883975 -0.0926064 -0.0957113 -0.098138 -0.10045 -0.103217 -0.106654 -0.110767 -0.115249 -0.119741 -0.123937 -0.127692 -0.131104 -0.134231 -0.13705 -0.1393 -0.140575 -0.140643 -0.13945 -0.137441 -0.135087 -0.13248 -0.129737 -0.127169 -0.124984 -0.123201 -0.121805 -0.12076 -0.120022 -0.119481 -0.118614 -0.116875 -0.114375 -0.111399 -0.108211 -0.10482 -0.100786 -0.0960967 -0.091326 -0.0869495 -0.0832268 -0.0793904 -0.0742712 -0.0677538 -0.059883 -0.0498017 -0.0371217 -0.0231587 -0.00961798 0.00161697 0.00964993 0.0147623 0.018137
-0.0263013 -0.0371166 -0.0478366 -0.0582145 -0.0676176 -0.0757403 -0.0829313 -0.0892998 -0.0946171 -0.0988277 -0.102072 -0.104894 -0.107992 -0.111732 -0.116242 -0.121185 -0.126112 -0.130553 -0.134343 -0.13779 -0.141046 -0.144046 -0.146446 -0.147738 -0.147632 -0.146067 -0.143596 -0.140761 -0.137474 -0.133779 -0.130229 -0.127141 -0.124428 -0.122212 -0.12079 -0.119984 -0.119321 -0.118367 -0.116771 -0.114439 -0.111474 -0.108341 -0.105122 -0.101104 -0.0960349 -0.0903502 -0.084771 -0.0800906 -0.0758294 -0.0709255 -0.0651565 -0.0583398 -0.0492361 -0.0372499 -0.0240117 -0.0112915 -0.00050697 0.00753669 0.0127527 0.0161252
-0.022229 -0.0333685 -0.0444896 -0.055408 -0.0655141 -0.0744628 -0.0824702 -0.0896379 -0.0958718 -0.101075 -0.105213 -0.108727 -0.112279 -0.116331 -0.121134 -0.126414 -0.131732 -0.136536 -0.14061 -0.144265 -0.14768 -0.150818 -0.153297 -0.154533 -0.154207 -0.152273 -0.149414 -0.146242 -0.142457 -0.137991 -0.13361 -0.129727 -0.126153 -0.123081 -0.121034 -0.119793 -0.118712 -0.117504 -0.116009 -0.113958 -0.11126 -0.10839 -0.105413 -0.101474 -0.0961395 -0.0896494 -0.0828857 -0.0770882 -0.0720938 -0.067057 -0.061837 -0.0561672 -0.0482795 -0.0371867 -0.0247312 -0.0127911 -0.00257616 0.00519825 0.0103643 0.0137304
-0.0184123 -0.029745 -0.0410159 -0.0521083 -0.0627638 -0.0726816 -0.0815357 -0.089254 -0.0960497 -0.101992 -0.107054 -0.111479 -0.115671 -0.120118 -0.125187 -0.130709 -0.136333 -0.141572 -0.146172 -0.150264 -0.153946 -0.157226 -0.159766 -0.16101 -0.160589 -0.158404 -0.155231 -0.151764 -0.147601 -0.142594 -0.137555 -0.132941 -0.128578 -0.124654 -0.121676 -0.119516 -0.117685 -0.116039 -0.114516 -0.112788 -0.110628 -0.108306 -0.105723 -0.101952 -0.0964585 -0.0893527 -0.0815784 -0.0746064 -0.068543 -0.0628357 -0.0576698 -0.0529494 -0.0464335 -0.0366278 -0.0251681 -0.0139422 -0.00443685 0.00267812 0.00762975 0.0110838
-0.0146221 -0.0258851 -0.0370805 -0.0481812 -0.0592601 -0.0700357 -0.0796159 -0.0877473 -0.094964 -0.10154 -0.107517 -0.112967 -0.118025 -0.123051 -0.128404 -0.134159 -0.140166 -0.145903 -0.151058 -0.15571 -0.159848 -0.163322 -0.165854 -0.167083 -0.166654 -0.164399 -0.161052 -0.157306 -0.152851 -0.14757 -0.142127 -0.13691 -0.131807 -0.126982 -0.122858 -0.119488 -0.116711 -0.114478 -0.112748 -0.111276 -0.10981 -0.108219 -0.10612 -0.102631 -0.0971674 -0.0896286 -0.0809422 -0.0727399 -0.065377 -0.0586067 -0.0529763 -0.0486734 -0.0433598 -0.0352181 -0.0252348 -0.0149672 -0.00617346 0.000382394 0.00507471 0.00846343
-0.0105805 -0.0215521 -0.0325628 -0.0436838 -0.0550635 -0.0663671 -0.076443 -0.0849693 -0.0926511 -0.0998787 -0.106742 -0.11324 -0.119346 -0.125152 -0.130858 -0.136915 -0.143452 -0.149739 -0.155373 -0.160619 -0.165369 -0.169091 -0.171551 -0.172707 -0.172316 -0.17019 -0.166853 -0.16286 -0.158181 -0.152839 -0.147209 -0.14151 -0.135701 -0.12995 -0.124629 -0.119997 -0.11621 -0.113275 -0.111139 -0.109769 -0.108978 -0.108138 -0.106535 -0.103449 -0.0982503 -0.0904991 -0.0810251 -0.0715948 -0.0628157 -0.0547454 -0.0481706 -0.0435382 -0.0389354 -0.0326091 -0.0246184 -0.0157891 -0.0077292 -0.00138708 0.00313922 0.00626669
-0.00606639 -0.0168537 -0.0277933 -0.0390047 -0.0505169 -0.0619546 -0.0723008 -0.0812726 -0.0894913 -0.0973755 -0.105118 -0.112659 -0.11982 -0.126469 -0.132673 -0.139142 -0.146217 -0.153079 -0.159269 -0.165115 -0.170409 -0.174371 -0.176812 -0.177938 -0.177655 -0.175805 -0.172645 -0.168519 -0.16367 -0.158274 -0.152424 -0.146211 -0.139744 -0.133214 -0.126904 -0.121174 -0.116394 -0.11265 -0.109949 -0.108467 -0.108098 -0.107817 -0.106658 -0.10405 -0.099325 -0.0917199 -0.0818435 -0.0713733 -0.0611566 -0.0516309 -0.043706 -0.0380071 -0.0333838 -0.0284989 -0.0226189 -0.015709 -0.00873037 -0.00259734 0.00198245 0.00504931
-0.00104026 -0.0118636 -0.0229068 -0.0342736 -0.045766 -0.0570143 -0.0674507 -0.0769115 -0.0857237 -0.0942672 -0.102887 -0.111444 -0.11957 -0.127052 -0.133924 -0.140912 -0.148436 -0.155871 -0.162784 -0.169252 -0.174948 -0.179127 -0.18167 -0.182876 -0.182765 -0.181251 -0.178367 -0.174262 -0.16932 -0.163803 -0.157636 -0.150889 -0.143877 -0.136814 -0.129825 -0.123257 -0.117563 -0.11294 -0.109521 -0.107616 -0.107185 -0.107066 -0.106206 -0.104095 -0.100009 -0.0929588 -0.0832237 -0.0721249 -0.0606623 -0.0496645 -0.0401338 -0.0328497 -0.0274839 -0.0232862 -0.0191258 -0.0142433 -0.00860835 -0.0028255 0.00191774 0.00511552
0.00432212 -0.00658663 -0.0177673 -0.029289 -0.0406995 -0.0516418 -0.0620656 -0.0719673 -0.081381 -0.0906085 -0.100086 -0.109595 -0.118625 -0.126957 -0.134625 -0.142188 -0.150058 -0.158042 -0.165816 -0.172983 -0.179053 -0.183485 -0.186247 -0.187639 -0.187732 -0.186487 -0.183866 -0.179927 -0.175031 -0.169427 -0.163021 -0.155927 -0.148598 -0.141231 -0.133793 -0.126589 -0.120108 -0.114608 -0.110286 -0.107514 -0.106344 -0.105814 -0.104994 -0.103332 -0.0999983 -0.0938385 -0.0847821 -0.0736944 -0.0615134 -0.0492385 -0.0380866 -0.0291331 -0.0225975 -0.0181761 -0.0147769 -0.0112577 -0.00663721 -0.00119488 0.00345728 0.00646661
0.00971 -0.00121482 -0.0124517 -0.0240433 -0.0353423 -0.0459969 -0.0563413 -0.0665414 -0.076511 -0.086444 -0.0966978 -0.107038 -0.116961 -0.126219 -0.134762 -0.142936 -0.151135 -0.159644 -0.168275 -0.176146 -0.182608 -0.18734 -0.190406 -0.19209 -0.192433 -0.191378 -0.188978 -0.185347 -0.180682 -0.175118 -0.168637 -0.161431 -0.153985 -0.146459 -0.138726 -0.131037 -0.123868 -0.117515 -0.11222 -0.108299 -0.105874 -0.104461 -0.103444 -0.102142 -0.0995654 -0.0944023 -0.0862913 -0.0757093 -0.0633697 -0.0502031 -0.037732 -0.0274142 -0.019612 -0.0141775 -0.0103437 -0.00699409 -0.00264901 0.00258491 0.00686509 0.0092882
0.0147822 0.00396199 -0.0071838 -0.0186883 -0.0298362 -0.0402763 -0.0504764 -0.0607583 -0.0711831 -0.0818068 -0.0926742 -0.103665 -0.114537 -0.124856 -0.134294 -0.143118 -0.151774 -0.160793 -0.170065 -0.178491 -0.185347 -0.190409 -0.193818 -0.195903 -0.196597 -0.195727 -0.193556 -0.190374 -0.186142 -0.180811 -0.17444 -0.167274 -0.159782 -0.152123 -0.144183 -0.136119 -0.128276 -0.121088 -0.114951 -0.109972 -0.106201 -0.103746 -0.102399 -0.101339 -0.0993786 -0.0950163 -0.0876961 -0.0776954 -0.0655281 -0.0519868 -0.038825 -0.0277499 -0.0189158 -0.0120399 -0.00667501 -0.00206967 0.00294016 0.00819878 0.0120973 0.0138407
