data_raster/melanesia/PNMC_current_2021/202112_North.grd
DSAA																																																																																																																																																																																																																																																																																																																																																																																																																											
412	268																																																																																																																																																																																																																																																																																																																																																																																																																										
156	174.5																																																																																																																																																																																																																																																																																																																																																																																																																										
-26.5	-14.5																																																																																																																																																																																																																																																																																																																																																																																																																										
-0.540727	0.340313																																																																																																																																																																																																																																																																																																																																																																																																																										
[rows 234 to 259 of 268, columns 120 to 179 of 412]
-0.225195 -0.197311 -0.166695 -0.137972 -0.112427 -0.0896328 -0.0680592 -0.0466984 -0.0269513 -0.0103919 0.0019234 0.00971587 0.0136124 0.0139781 0.0111213 0.00762371 0.00691204 0.00934009 0.0134875 0.015628 0.0132505 0.00846346 0.00359547 -3.14792E-05 -0.00497762 -0.0173482 -0.0308552 -0.0310607 -0.0185384 -0.00106245 0.0180193 0.0366135 0.0515851 0.0604864 0.0630036 0.0602439 0.0549685 0.0483739 0.0399328 0.0296619 0.0180451 0.00579419 -0.00634167 -0.0179354 -0.0286826 -0.0383563 -0.0469595 -0.0549241 -0.0621505 -0.0677488 -0.0710771 -0.0718132 -0.07003 -0.0660848 -0.0606306 -0.0543854 -0.0478196 -0.0411653 -0.0341803 -0.0268837
-0.20279 -0.175988 -0.146673 -0.119531 -0.0955259 -0.0737669 -0.0524081 -0.0304717 -0.0102731 0.00586843 0.0167821 0.0222212 0.0229666 0.0199863 0.0145236 0.00957327 0.00850674 0.0106411 0.0134942 0.0136925 0.00928756 0.00257758 -0.00407913 -0.00949108 -0.0159855 -0.0290303 -0.0421935 -0.0413449 -0.027809 -0.010068 0.00931143 0.0291729 0.0460512 0.0569956 0.0614383 0.0604189 0.056843 0.0515965 0.0434238 0.0325563 0.0203328 0.00804209 -0.00332456 -0.014067 -0.0247037 -0.0351994 -0.0453959 -0.055098 -0.0637761 -0.0704661 -0.0745668 -0.07587 -0.0744492 -0.070622 -0.0652232 -0.0591536 -0.0526667 -0.0458456 -0.0387907 -0.0317111
-0.181832 -0.156302 -0.128358 -0.102627 -0.0797316 -0.0584309 -0.037008 -0.0148109 0.00534705 0.0207795 0.0302566 0.0334776 0.0311782 0.0251194 0.0179054 0.0122529 0.0103846 0.0111047 0.0118953 0.0102485 0.00483094 -0.00267161 -0.0105033 -0.0176991 -0.0260354 -0.0396739 -0.0523658 -0.0512558 -0.0380049 -0.02085 -0.00170128 0.0189142 0.0375677 0.0510773 0.0583324 0.0599406 0.0586046 0.0548347 0.0468704 0.0353537 0.0226016 0.0102695 -0.000680016 -0.0110744 -0.0219561 -0.0333237 -0.044806 -0.0556913 -0.0651739 -0.072397 -0.0769061 -0.0786382 -0.0776777 -0.074283 -0.0693316 -0.0637392 -0.057464 -0.0503976 -0.0429686 -0.035577
-0.162545 -0.138304 -0.111526 -0.0866513 -0.0641994 -0.0429415 -0.0215506 0.000276974 0.019806 0.0343469 0.0423702 0.0434245 0.0383643 0.0297103 0.0212022 0.0149922 0.0119382 0.0107627 0.00943793 0.00622499 0.000214394 -0.00755355 -0.0160287 -0.0247286 -0.0348376 -0.0488511 -0.0609467 -0.0601651 -0.0481707 -0.0322748 -0.0139346 0.00663256 0.0263862 0.0422758 0.0526906 0.0575728 0.0588581 0.0566703 0.0492987 0.0378633 0.02534 0.0132133 0.0019857 -0.00913109 -0.020956 -0.0331682 -0.0451698 -0.0562542 -0.0657497 -0.0730633 -0.0778452 -0.0799848 -0.0795778 -0.0769057 -0.0726746 -0.0675695 -0.0614175 -0.0540529 -0.0459783 -0.0376942
-0.144664 -0.12156 -0.0955395 -0.0706933 -0.0479462 -0.0267173 -0.0059245 0.0147587 0.0330619 0.0464884 0.0530399 0.0521014 0.0448489 0.0341214 0.0239268 0.0164899 0.0125878 0.0106115 0.00816091 0.00334777 -0.00457149 -0.01373 -0.0228593 -0.0324422 -0.0436411 -0.0577538 -0.0692131 -0.0683837 -0.0572193 -0.0427193 -0.0257921 -0.00607804 0.0137787 0.0309867 0.0439609 0.0520464 0.0557301 0.0549264 0.0490092 0.0393375 0.0284531 0.0171169 0.00522531 -0.00740917 -0.0207219 -0.0337828 -0.0457816 -0.056502 -0.0657552 -0.0732792 -0.0785974 -0.0811024 -0.0809093 -0.078584 -0.074636 -0.0694575 -0.063046 -0.0553986 -0.0468108 -0.0377255
-0.12742 -0.105192 -0.0796262 -0.0545734 -0.0315183 -0.0106313 0.0091248 0.0283033 0.0450663 0.0570959 0.0620269 0.0592236 0.0503335 0.0381471 0.0262262 0.0171927 0.0125499 0.0103329 0.00738257 0.00112884 -0.00923467 -0.0203686 -0.0303421 -0.040744 -0.0529269 -0.0671968 -0.0780704 -0.0768413 -0.0659724 -0.0526274 -0.0372565 -0.018887 0.000240524 0.0177253 0.0324346 0.0432691 0.0489536 0.0493052 0.0453206 0.0384163 0.0300634 0.0201606 0.00807623 -0.00579593 -0.0205257 -0.0344909 -0.0465654 -0.0569202 -0.0658116 -0.0733572 -0.0789221 -0.0813087 -0.0807821 -0.078422 -0.0744798 -0.0689298 -0.0620732 -0.0542043 -0.0453529 -0.0358499
-0.109914 -0.0883094 -0.0632064 -0.0386861 -0.0163008 0.00377866 0.0225539 0.0405315 0.0558254 0.0661091 0.0690915 0.0644216 0.054257 0.0413091 0.0285697 0.0184368 0.012445 0.00892746 0.00500336 -0.0021081 -0.0134133 -0.0254336 -0.0363668 -0.0484437 -0.0625957 -0.0775402 -0.0879542 -0.0865769 -0.0761442 -0.063521 -0.0492002 -0.0322068 -0.0141961 0.00307115 0.0189174 0.0319089 0.0393178 0.0407579 0.0383393 0.0336191 0.0275047 0.0194957 0.00866296 -0.00481561 -0.0200357 -0.0348828 -0.0476803 -0.0581471 -0.0664643 -0.0731642 -0.0777803 -0.0790624 -0.0776817 -0.0752728 -0.0716476 -0.0661053 -0.0590621 -0.0510553 -0.0421169 -0.0325961
-0.0925547 -0.0718573 -0.0476236 -0.0240864 -0.00259719 0.016906 0.0351006 0.0520847 0.0657762 0.0739123 0.0746847 0.0682262 0.0570869 0.0438053 0.0307275 0.019745 0.0121152 0.00676246 0.00156363 -0.00618158 -0.0176948 -0.0300371 -0.0419146 -0.0558906 -0.0722206 -0.0879333 -0.0979734 -0.0967386 -0.0870123 -0.0750064 -0.0614793 -0.0457896 -0.0290396 -0.0123341 0.00408006 0.0186323 0.027659 0.0303433 0.0289644 0.0253217 0.0205772 0.0143386 0.00560563 -0.00605316 -0.0203005 -0.0349384 -0.0479415 -0.0584022 -0.0661752 -0.0719288 -0.0753963 -0.0755617 -0.0733942 -0.0707934 -0.0673321 -0.0619243 -0.0548841 -0.0467896 -0.0378974 -0.0286822
-0.0761185 -0.05712 -0.0343946 -0.0115884 0.00990345 0.0297429 0.0478412 0.0636849 0.0753318 0.0809471 0.0794366 0.0714138 0.0595402 0.045933 0.0321456 0.0199989 0.0110901 0.00455782 -0.00162132 -0.0103009 -0.022811 -0.0360453 -0.0487301 -0.0638227 -0.0813107 -0.097237 -0.106878 -0.105886 -0.0970518 -0.0860309 -0.0735804 -0.0591635 -0.043675 -0.0278721 -0.0114954 0.00404896 0.0146941 0.0189513 0.0182794 0.0147158 0.0103431 0.00517983 -0.00168256 -0.0109411 -0.0226364 -0.0349575 -0.0462008 -0.0556367 -0.0630458 -0.0687089 -0.0721803 -0.0724559 -0.0702543 -0.0671531 -0.0630872 -0.0574616 -0.0503948 -0.0422487 -0.033522 -0.0248185
-0.0604678 -0.0433183 -0.0220501 0.000361498 0.0221432 0.0421806 0.0598756 0.074416 0.0839508 0.0870429 0.0834313 0.0741036 0.0614368 0.0471032 0.0321826 0.0187628 0.00902263 0.00192499 -0.00495572 -0.0146024 -0.0282842 -0.0425225 -0.0558985 -0.0716806 -0.0897079 -0.105367 -0.114386 -0.113627 -0.105916 -0.0963517 -0.0853413 -0.0721618 -0.0578448 -0.0431495 -0.0273461 -0.0114616 0.000544335 0.00653559 0.00666974 0.00304283 -0.00128845 -0.00580635 -0.0111972 -0.0181585 -0.0268765 -0.0359314 -0.0441215 -0.0513418 -0.0576344 -0.0630257 -0.0668759 -0.0680344 -0.066582 -0.0633282 -0.0586728 -0.0528093 -0.0458022 -0.0378219 -0.0294325 -0.021316
-0.0451628 -0.0292799 -0.00882931 0.0132579 0.0346517 0.0536368 0.0699904 0.083267 0.0911634 0.0921488 0.0868187 0.0763958 0.0625861 0.0468402 0.0304675 0.0158825 0.00554363 -0.00190711 -0.00931551 -0.0195508 -0.0337212 -0.0484113 -0.0623189 -0.0788427 -0.0974211 -0.112528 -0.120513 -0.119899 -0.113558 -0.105806 -0.0964529 -0.0844429 -0.0711733 -0.0576675 -0.0428721 -0.02735 -0.0145448 -0.00695846 -0.00564351 -0.00875111 -0.012767 -0.0167066 -0.0208728 -0.0259746 -0.0323064 -0.0384812 -0.0434636 -0.0476174 -0.0514411 -0.0553391 -0.0588483 -0.0607584 -0.0604842 -0.0579283 -0.0535124 -0.0478066 -0.0410916 -0.0336161 -0.0257599 -0.0182155
-0.0296401 -0.0144002 0.00539567 0.0264532 0.0462297 0.0630656 0.0777022 0.0903172 0.0975028 0.0970714 0.0903925 0.0788786 0.0635129 0.0457384 0.027495 0.0114605 0.000121166 -0.0079021 -0.0155235 -0.0257984 -0.0399814 -0.0546272 -0.0685595 -0.085587 -0.104671 -0.118896 -0.125347 -0.124729 -0.119832 -0.113794 -0.105887 -0.0949026 -0.0826449 -0.0704353 -0.056977 -0.0423822 -0.0294706 -0.0208338 -0.0183418 -0.0206242 -0.0242911 -0.0277653 -0.0306139 -0.0337471 -0.0378435 -0.0415736 -0.0439341 -0.0454026 -0.0466774 -0.0484696 -0.050667 -0.0523907 -0.0527867 -0.051148 -0.047539 -0.0423679 -0.036135 -0.0292851 -0.022044 -0.0150978
-0.0137833 0.0011934 0.0200252 0.0390345 0.0560604 0.0702265 0.0833677 0.0961394 0.103579 0.102439 0.0946541 0.0818573 0.0646016 0.0444523 0.0239449 0.00592312 -0.00715128 -0.0162339 -0.0238852 -0.0337844 -0.0477312 -0.0619952 -0.0754137 -0.0925049 -0.111788 -0.124664 -0.129089 -0.128349 -0.12487 -0.120116 -0.113142 -0.103018 -0.0917979 -0.0809382 -0.069035 -0.0558473 -0.0435386 -0.0345413 -0.0311229 -0.0324948 -0.0358071 -0.0388214 -0.0401479 -0.0410484 -0.042851 -0.0445487 -0.0452391 -0.0451778 -0.0448119 -0.0446398 -0.0448154 -0.0451353 -0.0450234 -0.0437313 -0.0408845 -0.0363954 -0.0307355 -0.0244423 -0.01782 -0.0115764
0.00161463 0.0161619 0.0336397 0.0503416 0.0646778 0.0765922 0.0886946 0.101861 0.109786 0.108223 0.0993111 0.0849201 0.0657139 0.043369 0.0205432 0.000229595 -0.0149173 -0.0254863 -0.0337222 -0.0434628 -0.0568211 -0.0704713 -0.0835174 -0.100464 -0.119217 -0.130064 -0.132142 -0.131361 -0.129376 -0.1255 -0.118983 -0.109657 -0.0994625 -0.0897578 -0.0795082 -0.0682857 -0.0571419 -0.048083 -0.0437514 -0.0438885 -0.0461684 -0.0481919 -0.048183 -0.0474892 -0.0476841 -0.0480501 -0.0478021 -0.0469389 -0.045614 -0.0440581 -0.0424401 -0.0408445 -0.0391102 -0.0369165 -0.0338948 -0.0297535 -0.0246154 -0.0187958 -0.0128358 -0.00749925
0.0157953 0.0294337 0.0453006 0.0600355 0.0724945 0.0830653 0.0946069 0.107959 0.116108 0.114188 0.104111 0.0879086 0.0668259 0.0426485 0.0177454 -0.00482084 -0.0221301 -0.0346362 -0.0443894 -0.0545863 -0.0671848 -0.0802332 -0.0933717 -0.109817 -0.126821 -0.135016 -0.134935 -0.134326 -0.133732 -0.130295 -0.12384 -0.115289 -0.106125 -0.0973933 -0.0888505 -0.0800171 -0.0704065 -0.0613875 -0.0560297 -0.0545017 -0.0548824 -0.0552679 -0.0542805 -0.0529812 -0.0525811 -0.0524202 -0.0517626 -0.0504718 -0.0485736 -0.0462085 -0.0433529 -0.0398482 -0.0358205 -0.031559 -0.0272195 -0.0228133 -0.0179742 -0.0125562 -0.00731177 -0.00303488
0.0282016 0.040497 0.0548382 0.0681636 0.0795571 0.089537 0.100795 0.113979 0.122052 0.11994 0.108968 0.0910846 0.0681325 0.0422031 0.0156526 -0.00872715 -0.0283412 -0.0434037 -0.0554203 -0.0667026 -0.0789587 -0.0918276 -0.10526 -0.120172 -0.133702 -0.139073 -0.137916 -0.137697 -0.137823 -0.134228 -0.127523 -0.119663 -0.111627 -0.104061 -0.0973254 -0.0908735 -0.0829296 -0.0741819 -0.0677814 -0.0643089 -0.0624719 -0.0610687 -0.0592778 -0.0578445 -0.0574987 -0.0574192 -0.0567756 -0.0553444 -0.0530531 -0.0499266 -0.0458364 -0.0405509 -0.0343643 -0.0279081 -0.021837 -0.0165894 -0.0116321 -0.00655552 -0.00202701 0.00128542
0.0386267 0.0493439 0.0623342 0.0748144 0.0858559 0.0957952 0.106947 0.119741 0.127545 0.125354 0.113715 0.0943367 0.0696265 0.0421465 0.0145095 -0.0111359 -0.03314 -0.0512752 -0.0660962 -0.0790883 -0.0917177 -0.104791 -0.118225 -0.130573 -0.13959 -0.142578 -0.141613 -0.141786 -0.141662 -0.137297 -0.130088 -0.122716 -0.115851 -0.109779 -0.104914 -0.100497 -0.0940615 -0.0857665 -0.078494 -0.0731856 -0.0693304 -0.0664055 -0.0640625 -0.0627663 -0.062788 -0.0630118 -0.0624338 -0.0608384 -0.0580914 -0.0540403 -0.0485875 -0.0417243 -0.0338519 -0.0256539 -0.017994 -0.0115742 -0.00607547 -0.00115944 0.00279522 0.00535949
0.0471815 0.0564069 0.0680949 0.0801051 0.0913267 0.101585 0.112824 0.125329 0.132871 0.130513 0.118078 0.0971897 0.0710808 0.0427173 0.0146254 -0.0118825 -0.036181 -0.0575427 -0.075499 -0.0907863 -0.104475 -0.1177 -0.130255 -0.139665 -0.144837 -0.146582 -0.146593 -0.146767 -0.145406 -0.139771 -0.131856 -0.12464 -0.118805 -0.114427 -0.111345 -0.108385 -0.102984 -0.0951149 -0.0873853 -0.0809029 -0.0756545 -0.0717725 -0.0694356 -0.068662 -0.0690905 -0.0693275 -0.0683072 -0.066051 -0.0625343 -0.0574943 -0.0508286 -0.0426374 -0.0334447 -0.0240407 -0.0152396 -0.00770534 -0.00141231 0.00372518 0.00743887 0.00946829
0.0541465 0.0623639 0.0729275 0.084323 0.0956248 0.106521 0.118236 0.130532 0.13768 0.134965 0.121556 0.0991364 0.0719944 0.04339 0.0153816 -0.0116066 -0.037851 -0.0621568 -0.083121 -0.100806 -0.115758 -0.128816 -0.139806 -0.146824 -0.15 -0.15188 -0.153079 -0.152576 -0.149097 -0.141833 -0.133181 -0.126024 -0.121037 -0.118078 -0.116237 -0.113985 -0.109111 -0.101671 -0.0940293 -0.0872407 -0.0814401 -0.077332 -0.075617 -0.0756198 -0.0761777 -0.0759231 -0.0740065 -0.0707194 -0.0661921 -0.060147 -0.0524339 -0.0431022 -0.0328028 -0.0225145 -0.0128963 -0.00441733 0.00268611 0.00821674 0.0119117 0.0136346
0.0599077 0.0679164 0.0777252 0.0878046 0.0983926 0.110258 0.123031 0.134968 0.141289 0.137966 0.123531 0.0996934 0.0717644 0.0432441 0.0156672 -0.0113726 -0.0389559 -0.0654901 -0.0887626 -0.108244 -0.123994 -0.136496 -0.145967 -0.152084 -0.155698 -0.158883 -0.160862 -0.15886 -0.152659 -0.143638 -0.134472 -0.127631 -0.1233 -0.120895 -0.119229 -0.116861 -0.112162 -0.105323 -0.0983466 -0.0920848 -0.0866486 -0.0831082 -0.0824709 -0.0831935 -0.0833263 -0.0820989 -0.0792337 -0.074986 -0.0694427 -0.0623733 -0.053629 -0.0432222 -0.0318767 -0.0206878 -0.0102519 -0.00096801 0.0067044 0.012397 0.0160434 0.0177095
0.0649101 0.0729875 0.0819529 0.0905281 0.100317 0.113261 0.127121 0.138398 0.143379 0.138979 0.123483 0.0986173 0.0701948 0.0418544 0.0148789 -0.011832 -0.0401233 -0.068022 -0.0925799 -0.112887 -0.128815 -0.140931 -0.149984 -0.156838 -0.162231 -0.166606 -0.168259 -0.164266 -0.15568 -0.145552 -0.136354 -0.129788 -0.125558 -0.122823 -0.120509 -0.11754 -0.112934 -0.106953 -0.101077 -0.0959722 -0.0918011 -0.0895087 -0.0898453 -0.0907746 -0.0900999 -0.0877988 -0.084131 -0.0790599 -0.0724882 -0.0642883 -0.0544032 -0.0429037 -0.0305332 -0.018396 -0.00718324 0.00259362 0.010444 0.0160669 0.0196746 0.0215051
0.0694274 0.0772042 0.0847883 0.0924579 0.102303 0.116052 0.13024 0.140423 0.143582 0.137474 0.120924 0.0957491 0.0673416 0.0392601 0.0129672 -0.0131457 -0.0416532 -0.0701447 -0.0949536 -0.115148 -0.130902 -0.143463 -0.153892 -0.162609 -0.169425 -0.173475 -0.173293 -0.167365 -0.157692 -0.147769 -0.139118 -0.132365 -0.127391 -0.123726 -0.120488 -0.11693 -0.112631 -0.107805 -0.103279 -0.0996935 -0.0974976 -0.0968311 -0.0974245 -0.0977046 -0.0962323 -0.0932383 -0.0889784 -0.0830922 -0.0753462 -0.065789 -0.054557 -0.0418931 -0.0285362 -0.0155193 -0.00376394 0.00598643 0.0135492 0.0189931 0.0226622 0.0247855
0.0729044 0.0802867 0.0866708 0.094125 0.104368 0.117991 0.131241 0.139714 0.140694 0.132567 0.115294 0.090876 0.0636253 0.0366094 0.011344 -0.0141165 -0.0427739 -0.0717047 -0.096611 -0.116916 -0.133284 -0.147172 -0.159339 -0.169132 -0.17564 -0.177846 -0.175279 -0.168123 -0.158557 -0.149399 -0.141253 -0.134056 -0.128113 -0.1235 -0.119589 -0.1159 -0.112336 -0.108953 -0.105967 -0.103987 -0.103698 -0.104232 -0.104217 -0.10338 -0.10167 -0.0986626 -0.0938786 -0.0868796 -0.0775677 -0.0663072 -0.0535056 -0.0396065 -0.0253629 -0.0117447 0.000119505 0.00932139 0.0161876 0.0212843 0.0249091 0.0271723
0.0747239 0.0820281 0.0880802 0.0957987 0.106049 0.118215 0.129102 0.135134 0.133765 0.123849 0.106591 0.0841539 0.0595399 0.034823 0.0109295 -0.0141952 -0.0433384 -0.0730472 -0.0986167 -0.120035 -0.138276 -0.153824 -0.1665 -0.17515 -0.17915 -0.178624 -0.174184 -0.166837 -0.158061 -0.149372 -0.141191 -0.133655 -0.127236 -0.122223 -0.11831 -0.115231 -0.112897 -0.111167 -0.109869 -0.109345 -0.110064 -0.110629 -0.109371 -0.107589 -0.106482 -0.104093 -0.0986497 -0.0900473 -0.0786841 -0.0653672 -0.0508158 -0.0356554 -0.0206988 -0.00691013 0.00453172 0.0127529 0.0185879 0.0230385 0.0262809 0.0283389
0.0747095 0.0823532 0.0886793 0.0966116 0.106225 0.116105 0.123791 0.126758 0.123174 0.112496 0.0963987 0.0767919 0.0555069 0.0333722 0.0102077 -0.0156169 -0.0457064 -0.0762851 -0.1027 -0.125139 -0.144486 -0.160291 -0.171776 -0.178003 -0.17907 -0.176282 -0.170821 -0.163686 -0.155544 -0.146926 -0.138546 -0.1311 -0.125002 -0.120459 -0.117351 -0.115481 -0.114604 -0.114503 -0.114971 -0.115618 -0.115901 -0.115115 -0.112924 -0.111163 -0.110923 -0.108906 -0.102455 -0.0920098 -0.0785161 -0.0630914 -0.0467577 -0.0304339 -0.0150152 -0.00141278 0.00926434 0.0162667 0.0207633 0.0240776 0.0265124 0.0282117
0.0730074 0.0813254 0.0881311 0.0958634 0.104176 0.111431 0.115706 0.115396 0.110071 0.0999487 0.0860688 0.0695154 0.0512359 0.0308914 0.00711605 -0.0206141 -0.051795 -0.0826954 -0.10931 -0.131527 -0.149823 -0.163683 -0.172576 -0.176241 -0.175338 -0.171512 -0.165813 -0.158761 -0.150697 -0.141998 -0.133742 -0.127016 -0.122072 -0.118897 -0.117294 -0.11697 -0.117538 -0.118823 -0.120768 -0.121941 -0.120352 -0.117243 -0.115034 -0.114461 -0.114791 -0.112308 -0.10445 -0.0922124 -0.076905 -0.0596698 -0.0417529 -0.0244792 -0.00884541 0.00433778 0.0141005 0.0198388 0.0228297 0.0245957 0.0259183 0.0272847
