data_raster/melanesia/PNMC_current_2021/202108_North.grd
DSAA																																																																																																																																																																																																																																																																																																																																																																																																																											
412	268																																																																																																																																																																																																																																																																																																																																																																																																																										
156	174.5																																																																																																																																																																																																																																																																																																																																																																																																																										
-26.5	-14.5																																																																																																																																																																																																																																																																																																																																																																																																																										
-0.505694	0.500036																																																																																																																																																																																																																																																																																																																																																																																																																										
[rows 0 to 26 of 268, columns 177 to 235 of 412]
0.0989137 0.0750806 0.047971 0.0260708 0.0145282 0.0131112 0.0167133 0.01711 0.0128126 0.00610801 -0.00124254 -0.00799836 -0.0141032 -0.0198569 -0.0257347 -0.0319597 -0.0382748 -0.0437919 -0.0470648 -0.0479998 -0.0475826 -0.0471146 -0.0479797 -0.0512245 -0.057258 -0.0647079 -0.0727977 -0.0828634 -0.0940513 -0.102057 -0.107183 -0.114233 -0.123258 -0.13148 -0.140038 -0.151903 -0.17022 -0.195647 -0.221181 -0.238668 -0.240648 -0.224857 -0.19588 -0.159555 -0.122206 -0.0878023 -0.0579195 -0.0279116 0.00869441 0.0555744 0.108682 0.14535 0.153078 0.142795 0.12509 0.106912 0.0892599 0.0688839 0.0462165
0.0861031 0.0625902 0.0374204 0.0223226 0.0204931 0.0234165 0.0240152 0.0176818 0.00621717 -0.00556183 -0.016236 -0.0256579 -0.0336443 -0.0401605 -0.0455619 -0.0502534 -0.0545895 -0.0579622 -0.0588061 -0.0570954 -0.0540501 -0.0512844 -0.0505059 -0.0529424 -0.0589818 -0.0667024 -0.0745356 -0.0827571 -0.0904645 -0.0948199 -0.0968567 -0.10123 -0.107555 -0.11278 -0.1202 -0.135075 -0.158269 -0.186912 -0.210799 -0.221686 -0.217976 -0.200229 -0.171016 -0.136435 -0.10508 -0.0795367 -0.05821 -0.0364102 -0.008545 0.0296229 0.0768217 0.118002 0.141211 0.144254 0.132597 0.118961 0.104967 0.0839144 0.0584959
0.0733416 0.0519618 0.0308654 0.0213846 0.0247108 0.0286208 0.0257942 0.0143112 -0.00196713 -0.0168741 -0.029477 -0.0404907 -0.0494169 -0.05581 -0.0600823 -0.0628476 -0.0648048 -0.0657778 -0.0646963 -0.0617424 -0.0581012 -0.0551559 -0.0543055 -0.0565659 -0.0620899 -0.0685295 -0.0740137 -0.0788887 -0.0828781 -0.0844688 -0.0849286 -0.0880236 -0.0927778 -0.0960355 -0.102894 -0.1203 -0.146248 -0.17461 -0.194799 -0.200076 -0.192935 -0.17544 -0.147946 -0.116643 -0.0921207 -0.0746793 -0.0587757 -0.0422032 -0.0229864 0.00562155 0.046636 0.089727 0.123154 0.136955 0.132771 0.125072 0.115569 0.0963311 0.0714132
0.0600073 0.0430488 0.0285146 0.0225439 0.0244834 0.0249145 0.0186233 0.00486712 -0.0123175 -0.0271842 -0.0394935 -0.0504606 -0.0589668 -0.064008 -0.0662575 -0.0665897 -0.0657764 -0.064271 -0.0622078 -0.0600692 -0.0585859 -0.058259 -0.0594316 -0.0622415 -0.0662295 -0.0691418 -0.0696897 -0.0695498 -0.0697645 -0.0699078 -0.0708126 -0.0743993 -0.0789929 -0.0816994 -0.0889365 -0.108445 -0.13433 -0.157485 -0.171268 -0.172772 -0.165514 -0.15111 -0.128037 -0.102251 -0.0852775 -0.0740935 -0.0587742 -0.0429172 -0.0316537 -0.0136289 0.020101 0.0604838 0.0960343 0.116547 0.121557 0.121485 0.117482 0.103729 0.0841561
0.0437492 0.0305138 0.0207914 0.015993 0.0146777 0.0118459 0.00449559 -0.00811549 -0.0228297 -0.0351536 -0.0455926 -0.0556256 -0.0632839 -0.066798 -0.0669505 -0.0649443 -0.0620256 -0.0592474 -0.0574122 -0.0568681 -0.0576275 -0.0596748 -0.0627728 -0.0655568 -0.066558 -0.0652277 -0.0618888 -0.0583506 -0.0559925 -0.0552619 -0.0565567 -0.0601272 -0.0640738 -0.0663572 -0.0747212 -0.0973055 -0.123289 -0.140265 -0.147887 -0.147915 -0.141776 -0.129856 -0.111528 -0.092072 -0.0807658 -0.0720782 -0.0545151 -0.0370965 -0.0311678 -0.0231633 -1.86332E-05 0.0325608 0.0656131 0.0901225 0.103408 0.110114 0.111089 0.104255 0.0921525
0.0231895 0.0110535 0.00208456 -0.00362683 -0.0070876 -0.0107064 -0.0163836 -0.025213 -0.0352873 -0.0436616 -0.0512758 -0.0595042 -0.0658081 -0.0678305 -0.0660097 -0.0617786 -0.0574759 -0.0546574 -0.0538498 -0.0546406 -0.0560796 -0.0583201 -0.0615183 -0.0628404 -0.0599128 -0.0552978 -0.0513638 -0.0477399 -0.0445455 -0.0431252 -0.0438949 -0.0461773 -0.0484776 -0.0500521 -0.05964 -0.0853816 -0.112448 -0.125772 -0.129937 -0.129853 -0.123813 -0.111871 -0.0974622 -0.0845032 -0.0762559 -0.0665998 -0.0467559 -0.0278243 -0.0231185 -0.0217173 -0.0107431 0.010947 0.0394075 0.0652655 0.083286 0.0938679 0.0980102 0.0968913 0.0913339
-0.000879183 -0.0136525 -0.0236239 -0.0314242 -0.0376671 -0.0430358 -0.0481207 -0.0533543 -0.0584159 -0.0627292 -0.0667275 -0.0707105 -0.0730153 -0.0719882 -0.0671872 -0.0597111 -0.0528498 -0.0488319 -0.0483445 -0.0501131 -0.0517108 -0.0529726 -0.0543116 -0.05305 -0.0473463 -0.041684 -0.0391437 -0.0367671 -0.0334758 -0.032072 -0.0332928 -0.0355323 -0.0376145 -0.0397123 -0.0493715 -0.0732971 -0.0986036 -0.111929 -0.115853 -0.113841 -0.105271 -0.0926885 -0.08319 -0.0781716 -0.0734921 -0.0636407 -0.0444723 -0.0254694 -0.0175809 -0.0150039 -0.00913998 0.00435481 0.0253551 0.0471316 0.0646388 0.0757949 0.0809202 0.0820002 0.0797243
-0.0275396 -0.0413505 -0.0521639 -0.0618971 -0.0712525 -0.0794742 -0.0856615 -0.0890333 -0.0904168 -0.0912041 -0.090725 -0.0879624 -0.0835326 -0.0777384 -0.0691565 -0.0580317 -0.0477614 -0.0410967 -0.0395264 -0.041396 -0.0430132 -0.0430921 -0.0414983 -0.0376104 -0.0317396 -0.0279174 -0.0279953 -0.0273158 -0.0243354 -0.0232707 -0.0254756 -0.0290366 -0.0327776 -0.0367216 -0.045391 -0.0630822 -0.0835019 -0.0984013 -0.103054 -0.0963853 -0.0832874 -0.0709938 -0.0683294 -0.0729234 -0.0729428 -0.0641768 -0.0479688 -0.0303388 -0.0173789 -0.00775608 0.00140492 0.0119146 0.024432 0.037865 0.0502513 0.0589133 0.0629257 0.0629464 0.0608558
-0.0559271 -0.0696798 -0.0802671 -0.0901051 -0.0998181 -0.107869 -0.113444 -0.116457 -0.116867 -0.11452 -0.108483 -0.0983644 -0.086963 -0.0763708 -0.065047 -0.0525191 -0.0409802 -0.0325703 -0.0289107 -0.0289643 -0.0297805 -0.0290105 -0.0252651 -0.0205131 -0.0175739 -0.0183688 -0.0224397 -0.0245524 -0.0227597 -0.0208539 -0.0212855 -0.0245726 -0.0296305 -0.0349217 -0.0431979 -0.0576572 -0.0744506 -0.0872642 -0.0886451 -0.076548 -0.0600691 -0.0497393 -0.0553776 -0.0699863 -0.0731702 -0.0626712 -0.0469634 -0.0306728 -0.0160997 -0.00257475 0.0104887 0.0213994 0.0294309 0.0361966 0.0421545 0.0461322 0.0474848 0.0462463 0.0440791
-0.0842892 -0.0960126 -0.104628 -0.112345 -0.119627 -0.124877 -0.128368 -0.131662 -0.132555 -0.127269 -0.115551 -0.0990962 -0.0820122 -0.067448 -0.0547397 -0.0431179 -0.0326153 -0.0237715 -0.0175572 -0.0142223 -0.0132145 -0.011924 -0.00792911 -0.00529827 -0.0084206 -0.0154518 -0.0228679 -0.026412 -0.0245561 -0.0199793 -0.0161628 -0.0166859 -0.0205859 -0.0248044 -0.0336193 -0.0516903 -0.0697774 -0.0771375 -0.0708701 -0.0538071 -0.0371894 -0.0321016 -0.0470459 -0.0701398 -0.0739109 -0.0586985 -0.0404905 -0.0247814 -0.0120052 0.0004794 0.0143053 0.0262773 0.0340813 0.0383822 0.0399802 0.0394767 0.0375544 0.0349392 0.0320627
-0.110067 -0.117576 -0.122146 -0.126317 -0.130907 -0.134625 -0.137518 -0.140443 -0.140158 -0.131936 -0.116167 -0.0956033 -0.0746999 -0.0571084 -0.0434574 -0.0330469 -0.023788 -0.014668 -0.00607495 0.000712088 0.00416831 0.0059246 0.00790703 0.00509841 -0.00644082 -0.0191567 -0.0257609 -0.025003 -0.0182361 -0.00943542 -0.00201389 0.00166626 0.00268443 0.00291688 -0.0069724 -0.0352406 -0.0611793 -0.0641293 -0.049314 -0.0283586 -0.0158017 -0.0211433 -0.0458234 -0.0735816 -0.075735 -0.0558255 -0.0349494 -0.0190564 -0.00735 0.00320247 0.0147492 0.0255221 0.0338234 0.0392306 0.0413467 0.0397175 0.0349776 0.0286005 0.0216338
-0.129867 -0.132197 -0.132295 -0.133773 -0.137716 -0.141988 -0.144967 -0.145517 -0.141358 -0.130054 -0.112149 -0.0897958 -0.0670556 -0.0476345 -0.0331892 -0.0232906 -0.0146447 -0.00536235 0.00446675 0.0130155 0.0175921 0.0186331 0.017167 0.00889011 -0.00815072 -0.0219127 -0.0228839 -0.013773 0.00020823 0.0127488 0.0216121 0.0285663 0.0334255 0.0335414 0.0186598 -0.0177147 -0.0483084 -0.0478934 -0.0274001 -0.00510436 -6.61556E-05 -0.0190193 -0.0517575 -0.0790321 -0.0773504 -0.0536841 -0.0309452 -0.0144985 -0.00256186 0.00655888 0.014352 0.0218244 0.0295038 0.0371571 0.0427799 0.0425107 0.0351165 0.0219491 0.00779791
-0.141053 -0.139176 -0.136871 -0.138895 -0.145474 -0.151184 -0.152462 -0.147796 -0.137584 -0.123081 -0.104422 -0.0820544 -0.0592588 -0.0393951 -0.0243127 -0.0138851 -0.00515719 0.00364999 0.0125787 0.0196928 0.0220344 0.0200619 0.0153434 0.00608353 -0.00740995 -0.0138957 -0.00582325 0.0110317 0.0294146 0.042783 0.0504866 0.05699 0.0578097 0.043722 0.0164835 -0.0153733 -0.0349959 -0.0301437 -0.00988704 0.00937231 0.00512325 -0.0262963 -0.0627168 -0.0841891 -0.0766107 -0.0499465 -0.026007 -0.00914729 0.00296222 0.0108915 0.0154531 0.0193471 0.0249598 0.0334374 0.0417199 0.0421244 0.0308782 0.00872037 -0.0131021
-0.148012 -0.144484 -0.143036 -0.147255 -0.155687 -0.160898 -0.158712 -0.148363 -0.132677 -0.115721 -0.0971482 -0.0758406 -0.0540641 -0.0344631 -0.0185884 -0.00674401 0.0025206 0.0100602 0.0158274 0.0189283 0.0181151 0.0142526 0.00911007 0.00355225 -0.000429369 0.0039976 0.0202023 0.0416125 0.0611616 0.0732569 0.0777357 0.0787969 0.0688499 0.0360527 -0.00261957 -0.0224193 -0.023526 -0.0130966 0.0027815 0.013602 0.000206882 -0.0371517 -0.0716102 -0.0854343 -0.0723893 -0.0437459 -0.0188337 -0.00166425 0.00966078 0.015732 0.0177546 0.0195003 0.02442 0.0344221 0.0442505 0.0409112 0.0213873 -0.00792844 -0.0316335
-0.156827 -0.155002 -0.157362 -0.162621 -0.167784 -0.168441 -0.162103 -0.148336 -0.130338 -0.112522 -0.0944633 -0.0746156 -0.0540853 -0.0345323 -0.0174041 -0.00376292 0.00591418 0.0112755 0.0121795 0.0103844 0.00877567 0.00770774 0.006713 0.0078389 0.0137983 0.0267127 0.0465012 0.0684797 0.087269 0.0975228 0.0972852 0.0875467 0.0638238 0.021441 -0.0174119 -0.0260745 -0.0140304 0.00139211 0.0113034 0.00882349 -0.0118203 -0.0453261 -0.0722335 -0.0798703 -0.0639067 -0.0345403 -0.00877839 0.00845442 0.017553 0.0206114 0.0208154 0.0230849 0.030922 0.0445112 0.054304 0.0409755 0.00820571 -0.0222231 -0.0376885
-0.17039 -0.171953 -0.176908 -0.180115 -0.178733 -0.17349 -0.163913 -0.148731 -0.130451 -0.113006 -0.0959554 -0.0776236 -0.0578733 -0.0375231 -0.0188452 -0.00420083 0.0043195 0.0061057 0.00238995 -0.00233102 -0.0020063 0.00230838 0.00708945 0.0149232 0.0290761 0.048211 0.0699059 0.091479 0.108974 0.11664 0.109599 0.0846385 0.0466308 0.00658716 -0.0191842 -0.0174802 -0.0007327 0.0134703 0.0147686 -0.000541198 -0.0256428 -0.0515957 -0.0684333 -0.0690859 -0.0502923 -0.020998 0.00398141 0.0194646 0.0253234 0.0261532 0.0272351 0.0323687 0.042527 0.0539098 0.0559979 0.0324836 -0.00644801 -0.0314062 -0.036427
-0.188524 -0.192971 -0.196284 -0.194122 -0.18603 -0.176415 -0.165473 -0.150122 -0.13223 -0.115749 -0.100015 -0.0828746 -0.0630929 -0.0411566 -0.0212617 -0.00739936 -0.00217264 -0.0047982 -0.0107888 -0.0144326 -0.0102027 -0.00076151 0.0086649 0.0212519 0.0409589 0.0649102 0.0893211 0.11158 0.127516 0.130434 0.113829 0.073293 0.0255729 -0.0016111 -0.00513837 0.0060212 0.0188046 0.0216536 0.0111628 -0.0110724 -0.0365992 -0.0567643 -0.063958 -0.0551683 -0.0321332 -0.00384662 0.0177119 0.0292441 0.0321925 0.0330864 0.0375762 0.0453787 0.0528653 0.0523137 0.0386204 0.0110291 -0.0195194 -0.0347853 -0.0348254
-0.205372 -0.210187 -0.209613 -0.202223 -0.18988 -0.177937 -0.166602 -0.152078 -0.135436 -0.119904 -0.104728 -0.0878052 -0.0676017 -0.0448496 -0.0255448 -0.0143942 -0.0125239 -0.0170917 -0.0213551 -0.0205746 -0.0122994 0.000608561 0.0139375 0.0304523 0.0534001 0.0797838 0.105539 0.127137 0.138757 0.131376 0.102304 0.0567285 0.0158118 0.0065262 0.0202146 0.0341499 0.035464 0.0193957 -0.00319373 -0.0235842 -0.0429674 -0.0576655 -0.056542 -0.0388556 -0.0136262 0.0107328 0.0273871 0.0360465 0.0394154 0.0417072 0.0456642 0.0490178 0.0477617 0.0364658 0.0154954 -0.00773255 -0.0263385 -0.0349812 -0.0354834
-0.215753 -0.218179 -0.213885 -0.204028 -0.191175 -0.178922 -0.167424 -0.154178 -0.139381 -0.124474 -0.108902 -0.0914199 -0.0710375 -0.0490408 -0.0321753 -0.0245145 -0.0242722 -0.0269631 -0.0260123 -0.0192394 -0.00788021 0.00666155 0.0233718 0.043537 0.0681394 0.0945323 0.118966 0.136897 0.140595 0.118576 0.0774456 0.0414012 0.0246797 0.0317756 0.0487387 0.0553857 0.0410701 0.00618701 -0.0241468 -0.0354961 -0.0434197 -0.0516442 -0.04436 -0.0216253 0.00179215 0.0195102 0.0310108 0.0386978 0.0450338 0.0479583 0.0452307 0.0372961 0.0255658 0.0123425 -0.00100296 -0.0142498 -0.0260487 -0.0342388 -0.0381218
-0.21712 -0.216972 -0.210949 -0.201699 -0.191258 -0.18035 -0.16889 -0.15626 -0.142546 -0.128121 -0.112609 -0.0953641 -0.0757905 -0.055312 -0.0402889 -0.0339285 -0.0329554 -0.0324436 -0.0266709 -0.0152259 -0.00139583 0.0144049 0.0331915 0.0556044 0.081324 0.107197 0.128907 0.140855 0.135466 0.103523 0.0594128 0.0386806 0.0448826 0.0597375 0.0684029 0.0597787 0.032179 -0.00747087 -0.0347165 -0.0378622 -0.0366189 -0.037973 -0.0278842 -0.0065076 0.012739 0.0251928 0.0321138 0.0368024 0.0415539 0.0411932 0.0318938 0.0186561 0.00667933 -0.00120296 -0.00623563 -0.0139057 -0.0243386 -0.0333502 -0.0389198
-0.210508 -0.209013 -0.203902 -0.197735 -0.19114 -0.182158 -0.170609 -0.157867 -0.144549 -0.130722 -0.115883 -0.0994058 -0.0810191 -0.0620674 -0.0476543 -0.0402251 -0.0368625 -0.0333033 -0.0246741 -0.0108727 0.0049081 0.0222569 0.0421812 0.0655305 0.0919161 0.116925 0.134669 0.137945 0.122484 0.0892898 0.0550596 0.0489837 0.0657932 0.0784058 0.0739248 0.0491017 0.0150197 -0.0144081 -0.029465 -0.0283479 -0.0231614 -0.0190901 -0.0102841 0.00319601 0.0155513 0.0238311 0.0273494 0.0280979 0.0278403 0.0229498 0.0119972 0.00316123 0.000927605 0.000436509 -0.00295067 -0.0121121 -0.0241988 -0.0324978 -0.0367074
-0.200458 -0.198695 -0.196525 -0.194541 -0.191272 -0.1831 -0.170735 -0.158269 -0.146294 -0.133413 -0.11852 -0.101081 -0.0823222 -0.0644413 -0.0509685 -0.04306 -0.0376183 -0.0311345 -0.0203168 -0.00526482 0.0116535 0.0304557 0.0521668 0.0765966 0.102193 0.124138 0.135422 0.125935 0.0973421 0.0690601 0.0549094 0.0604209 0.0754137 0.0807516 0.0680806 0.0374766 0.00537226 -0.0124845 -0.0169103 -0.012647 -0.00597985 -0.000767641 0.0026147 0.00427297 0.00461112 0.0049107 0.00664751 0.00911474 0.0105353 0.00835036 0.0025242 0.000269698 0.00389708 0.00503346 -0.000926948 -0.0125721 -0.0249351 -0.0313601 -0.0336043
-0.188323 -0.187561 -0.189586 -0.191542 -0.190008 -0.181887 -0.169262 -0.157924 -0.147701 -0.135297 -0.119324 -0.099898 -0.0801145 -0.063297 -0.0515238 -0.0443917 -0.037768 -0.028629 -0.0156994 0.00042881 0.018097 0.0379679 0.0612744 0.0859603 0.108538 0.124355 0.126638 0.104815 0.0667976 0.0473637 0.0543302 0.0671101 0.0740239 0.0706658 0.055625 0.0308609 0.00810797 -0.00218473 -0.0021191 0.00352013 0.00933835 0.0111503 0.00664634 -0.00309605 -0.0139462 -0.0204658 -0.0177875 -0.00956263 -0.00197401 0.00255379 0.00396338 0.0058746 0.00863457 0.00586994 -0.00400722 -0.0160814 -0.0258286 -0.0299903 -0.0312772
-0.173337 -0.175218 -0.181703 -0.186132 -0.184517 -0.177433 -0.167421 -0.157959 -0.147948 -0.134203 -0.116681 -0.0969524 -0.0782462 -0.063456 -0.0536195 -0.0473773 -0.0399691 -0.0287678 -0.0139266 0.00356266 0.0223671 0.042699 0.0649885 0.0866447 0.103649 0.110544 0.102475 0.0768547 0.044871 0.0363685 0.0530276 0.0680831 0.0699303 0.0589711 0.0422882 0.0284112 0.0189398 0.0136308 0.0128225 0.0152783 0.0164474 0.0123312 0.000507757 -0.0151643 -0.0257444 -0.0273493 -0.0201049 -0.00953304 -0.00189062 0.00247448 0.00487609 0.00692448 0.00759707 0.0013225 -0.0111556 -0.0213613 -0.0265305 -0.0289016 -0.0308274
-0.158626 -0.163968 -0.173052 -0.177791 -0.175348 -0.170279 -0.164522 -0.157305 -0.146673 -0.13074 -0.111792 -0.0933 -0.0772925 -0.0650585 -0.0568814 -0.0510506 -0.0429199 -0.0303903 -0.0145053 0.00358938 0.0228251 0.0423907 0.0613946 0.0778293 0.0883666 0.0864668 0.0701504 0.0490567 0.0342616 0.0360501 0.0506448 0.0610163 0.0594099 0.0461459 0.0319814 0.0285288 0.0295376 0.0270815 0.0240221 0.0224937 0.0191899 0.0109126 -0.00412246 -0.0196185 -0.0233066 -0.0159151 -0.00573593 0.00201715 0.00458379 0.00407037 0.00309993 0.00226315 -5.11415E-06 -0.0082864 -0.0206871 -0.0277638 -0.0287937 -0.0299526 -0.0325801
-0.148101 -0.156363 -0.164173 -0.16704 -0.164644 -0.161819 -0.159287 -0.154088 -0.143648 -0.12658 -0.106982 -0.0899204 -0.0763688 -0.066199 -0.0589761 -0.0528696 -0.0439258 -0.0308521 -0.0154807 0.00111989 0.0184973 0.0354903 0.0505619 0.062126 0.0675338 0.0606096 0.0420512 0.0292445 0.0308046 0.0390709 0.0457723 0.0440596 0.0360482 0.0293096 0.0271207 0.0296917 0.0321643 0.0306244 0.028476 0.027813 0.0254376 0.0187255 0.00696245 -0.00435346 -0.0054065 0.00124585 0.00646927 0.00795174 0.00642694 0.00369555 0.000822769 -0.00382988 -0.0113977 -0.0212661 -0.0306799 -0.0348881 -0.0346743 -0.0349366 -0.0362838
-0.138845 -0.148572 -0.153092 -0.154074 -0.153645 -0.153523 -0.152753 -0.148255 -0.137962 -0.12127 -0.102748 -0.0876025 -0.0760841 -0.067268 -0.0602537 -0.0533879 -0.0438543 -0.0310975 -0.0171246 -0.00292097 0.0113171 0.024696 0.0358964 0.0432653 0.0446599 0.0366753 0.0218999 0.0165462 0.0252229 0.0330091 0.0317188 0.0221341 0.013233 0.0168897 0.0271413 0.0324474 0.0331033 0.0325758 0.0333575 0.0357804 0.0363033 0.0327188 0.0253548 0.0176527 0.0150121 0.0154722 0.0134712 0.00945471 0.00570694 0.0019909 -0.00298271 -0.0115302 -0.0233993 -0.0335662 -0.0394044 -0.0417592 -0.0419775 -0.0415215 -0.0406806
