data_raster/melanesia/PNMC_current_2021/202111_North.grd
DSAA																																																																																																																																																																																																																																																																																																																																																																																																																											
412	268																																																																																																																																																																																																																																																																																																																																																																																																																										
156	174.5																																																																																																																																																																																																																																																																																																																																																																																																																										
-26.5	-14.5																																																																																																																																																																																																																																																																																																																																																																																																																										
-0.589466	0.494958																																																																																																																																																																																																																																																																																																																																																																																																																										
[rows 135 to 161 of 268, columns 120 to 179 of 412]
-0.144117 -0.153544 -0.15884 -0.156961 -0.146893 -0.129259 -0.108042 -0.0871068 -0.0672226 -0.0480797 -0.0283766 -0.00675299 0.0179498 0.0444589 0.0695512 0.0915448 0.109796 0.124264 0.135008 0.141564 0.144608 0.148063 0.154296 0.16209 0.168918 0.171494 0.171945 0.176158 0.185578 0.198855 0.212349 0.222048 0.225403 0.220928 0.208849 0.189503 0.162991 0.128301 0.0834273 0.0281234 -0.035915 -0.101769 -0.161017 -0.209789 -0.246084 -0.269371 -0.280743 -0.283966 -0.28055 -0.268515 -0.247218 -0.21759 -0.181578 -0.141198 -0.094855 -0.043359 -0.0045416 0.00838199 0.00790218 0.00510394
-0.14501 -0.158532 -0.167512 -0.167793 -0.158441 -0.140645 -0.11879 -0.0969794 -0.0758799 -0.0552132 -0.0340783 -0.0113214 0.0143173 0.0417863 0.0681578 0.091911 0.112456 0.129637 0.143402 0.153463 0.160562 0.168234 0.178182 0.188204 0.195391 0.196817 0.195013 0.196279 0.202512 0.212803 0.223832 0.231764 0.233875 0.228402 0.21523 0.194597 0.166833 0.130125 0.080766 0.0194472 -0.0496293 -0.119447 -0.18235 -0.233853 -0.271074 -0.293119 -0.301467 -0.301583 -0.295294 -0.278864 -0.250737 -0.212134 -0.168391 -0.125908 -0.081102 -0.0316087 0.00148392 0.00337975 -0.00549737 -0.00831359
-0.145536 -0.163876 -0.176649 -0.178601 -0.169252 -0.150787 -0.128034 -0.105273 -0.0830337 -0.0609823 -0.0384267 -0.0145495 0.0114952 0.0390819 0.0663425 0.0917823 0.114293 0.133662 0.149969 0.163066 0.173724 0.185207 0.19865 0.210889 0.218789 0.220049 0.217212 0.216149 0.218999 0.225473 0.232972 0.238267 0.238709 0.232399 0.218874 0.197926 0.169338 0.130641 0.0774871 0.0113871 -0.0618323 -0.135272 -0.201882 -0.256147 -0.294037 -0.314724 -0.320384 -0.317937 -0.30892 -0.286906 -0.250249 -0.202671 -0.152023 -0.107169 -0.0669554 0 -0.00780743 -0.0100813 -0.0194107 -0.0214175
-0.14826 -0.169841 -0.184859 -0.187605 -0.178011 -0.158977 -0.135727 -0.112642 -0.0897669 -0.0664889 -0.0424422 -0.0172803 0.00931618 0.0369862 0.0647561 0.0914193 0.115751 0.137196 0.155577 0.171181 0.185038 0.199764 0.215838 0.229678 0.238186 0.23955 0.236269 0.233763 0.233981 0.236714 0.240118 0.241798 0.239382 0.231269 0.217592 0.197569 0.168636 0.128073 0.0734086 0.00545918 -0.0720662 -0.150827 -0.221102 -0.276927 -0.314501 -0.333224 -0.335847 -0.330548 -0.318367 -0.290037 -0.244886 -0.19089 -0.135294 -0.084991 -0.0490427 -0.0342341 -0.0335263 -0.0361479 -0.0314522 0
-0.151782 -0.174417 -0.190218 -0.193535 -0.18431 -0.165491 -0.142597 -0.12008 -0.0972078 -0.0729143 -0.0472745 -0.0205044 0.00715785 0.0353561 0.0636062 0.091148 0.117051 0.140315 0.160303 0.177919 0.194569 0.211927 0.229733 0.244393 0.25312 0.254675 0.251426 0.24812 0.246199 0.245234 0.244263 0.241944 0.236224 0.225825 0.211574 0.192224 0.162995 0.121341 0.0672438 -0.000559724 -0.0827113 -0.167578 -0.239894 -0.29482 -0.330905 -0.34733 -0.346699 -0.338199 -0.322523 -0.288167 -0.235552 -0.176635 -0.118766 -0.0672767 -0.0354173 -0.034169 -0.050203 -0.0631937 0 0
-0.153074 -0.174887 -0.190895 -0.195557 -0.18816 -0.170873 -0.149375 -0.128232 -0.105927 -0.0809083 -0.0536503 -0.0249336 0.00437878 0.0337268 0.0628041 0.0911669 0.118197 0.142717 0.163894 0.183129 0.20205 0.221399 0.240225 0.254975 0.263419 0.265292 0.262593 0.258717 0.254504 0.249553 0.24411 0.238143 0.229822 0.217682 0.201972 0.181259 0.151257 0.109836 0.0570646 -0.0106608 -0.0970721 -0.186229 -0.256958 -0.307728 -0.341409 -0.355813 -0.352127 -0.340293 -0.321152 -0.282201 -0.223915 -0.159727 -0.10266 -0.0630564 0 -0.0196292 -0.0310485 -0.0741009 -0.0871764 0
-0.150012 -0.170151 -0.186608 -0.193745 -0.189558 -0.174756 -0.155078 -0.135366 -0.113753 -0.0884295 -0.0600184 -0.0296582 0.00123285 0.0318258 0.0618187 0.0908991 0.118641 0.144004 0.166272 0.186958 0.207554 0.228044 0.247049 0.261327 0.269294 0.271536 0.26953 0.26517 0.258699 0.249814 0.240001 0.230588 0.220149 0.206846 0.18929 0.165905 0.134722 0.0936314 0.0403027 -0.0290573 -0.116633 -0.204146 -0.268917 -0.313713 -0.345294 -0.358494 -0.351908 -0.336425 -0.31389 -0.272233 -0.211363 -0.143987 -0.0905521 -0.0692843 -0.0519634 -0.0104887 0 -0.0602923 -0.0970423 0
-0.142273 -0.160675 -0.178044 -0.188448 -0.188264 -0.176379 -0.158396 -0.139529 -0.118375 -0.0933362 -0.064736 -0.0336846 -0.00197766 0.0293536 0.0599804 0.089569 0.117724 0.143766 0.167287 0.189392 0.211016 0.23166 0.249935 0.263377 0.270978 0.273539 0.272005 0.267222 0.258889 0.246602 0.23273 0.219726 0.206967 0.192559 0.173295 0.147254 0.114649 0.0726805 0.0156413 -0.0569428 -0.140281 -0.217934 -0.272875 -0.311758 -0.342705 -0.355735 -0.345922 -0.325797 -0.299485 -0.257074 -0.198014 -0.132662 -0.0851466 -0.0786995 -0.0728272 -0.0241301 0.00760768 -0.0243029 0 0
-0.134295 -0.150282 -0.167438 -0.180033 -0.183316 -0.174613 -0.158617 -0.140334 -0.11965 -0.0957048 -0.0680133 -0.0372822 -0.00563911 0.0257475 0.0566077 0.0865142 0.114959 0.141623 0.166386 0.189651 0.211627 0.231688 0.248742 0.261162 0.268396 0.27117 0.269963 0.264899 0.255229 0.240346 0.222944 0.206067 0.189957 0.173209 0.152076 0.124231 0.0898857 0.0459246 -0.0137275 -0.085909 -0.160544 -0.224975 -0.269389 -0.303549 -0.33542 -0.348594 -0.333829 -0.306225 -0.274059 -0.232334 -0.180294 -0.123453 0 -0.0823038 -0.0831538 -0.0424354 -4.63567E-05 0 -0.00211556 -0.00144966
-0.129988 -0.142385 -0.157063 -0.169396 -0.174546 -0.169003 -0.155574 -0.13809 -0.118158 -0.0960212 -0.0701286 -0.0405854 -0.00980766 0.0209665 0.0516151 0.0816239 0.110311 0.137517 0.163217 0.187103 0.208779 0.227808 0.243523 0.254906 0.26172 0.264628 0.263715 0.258504 0.247901 0.231092 0.210593 0.189502 0.168925 0.14848 0.125375 0.0968664 0.0607886 0.0147483 -0.0434053 -0.108925 -0.172294 -0.224517 -0.260362 -0.291607 -0.325365 -0.33785 -0.31518 -0.276099 -0.235177 -0.195524 -0.156021 -0.113797 -0.0819211 -0.077563 -0.0769054 -0.0498355 0 0 0.0143452 0.00668351
-0.130271 -0.138196 -0.148657 -0.158532 -0.163715 -0.160634 -0.149993 -0.133913 -0.115107 -0.0947213 -0.0707624 -0.0429502 -0.0135878 0.0161443 0.0461443 0.0758733 0.104591 0.132033 0.157993 0.181738 0.202588 0.220333 0.234696 0.245182 0.251755 0.254889 0.254247 0.248797 0.237114 0.218176 0.194278 0.168681 0.143999 0.121072 0.0969786 0.0683 0.0317327 -0.0141309 -0.0683992 -0.125662 -0.177765 -0.219329 -0.249041 -0.279016 -0.314085 -0.323444 -0.289433 -0.235641 -0.184576 -0.149498 0 -0.102941 -0.0809975 -0.0758045 -0.0723045 -0.0502123 0 0.00255623 0.00922912 0.00120894
-0.135267 -0.1385 -0.143907 -0.149733 -0.153114 -0.15114 -0.142829 -0.128566 -0.111126 -0.0920432 -0.0697163 -0.0438365 -0.0161622 0.0122839 0.0412172 0.0701683 0.0985426 0.12573 0.151094 0.173905 0.193585 0.209987 0.223074 0.232863 0.239422 0.242806 0.24222 0.236182 0.223014 0.201567 0.174175 0.144567 0.11717 0.0937464 0.0696002 0.0405967 0.00489704 -0.038078 -0.0874326 -0.137411 -0.179682 -0.212081 -0.237165 -0.266334 -0.301311 -0.305107 -0.257661 -0.18919 -0.130656 -0.104132 -0.10276 -0.096052 -0.0843428 -0.0834268 -0.0780082 -0.0489291 -0.0172302 -0.00461714 -0.00423483 -0.00717904
-0.144497 -0.143812 -0.144442 -0.145428 -0.145368 -0.142614 -0.135203 -0.122213 -0.105965 -0.0879622 -0.0670584 -0.042994 -0.0170082 0.00998663 0.0374688 0.0651325 0.0926711 0.119028 0.143049 0.164359 0.182751 0.197948 0.20994 0.219177 0.225689 0.228933 0.227754 0.220546 0.205704 0.182271 0.152833 0.121413 0.0927865 0.0687215 0.0437185 0.0137779 -0.0212272 -0.0609067 -0.104354 -0.146474 -0.180093 -0.204607 -0.224117 -0.250583 -0.284431 -0.282532 -0.223232 -0.146381 -0.0899538 -0.0772165 -0.0958788 -0.104805 -0.099987 -0.097454 -0.0854198 -0.0499197 -0.0186589 -0.0151953 -0.020067 -0.0177394
-0.157195 -0.153611 -0.150139 -0.146176 -0.141646 -0.136307 -0.128082 -0.115433 -0.0998687 -0.0825233 -0.0627758 -0.0404313 -0.0161024 0.00942127 0.0353059 0.0613753 0.087612 0.112569 0.134678 0.154092 0.171103 0.185238 0.196359 0.205078 0.21127 0.213864 0.211516 0.202747 0.186366 0.161918 0.132155 0.100887 0.0717187 0.0457809 0.0186539 -0.0125707 -0.0472635 -0.0839082 -0.120302 -0.153227 -0.179084 -0.196696 -0.208606 -0.229995 -0.263098 -0.257594 -0.190323 -0.114654 -0.0709172 -0.067535 -0.0911188 -0.111772 -0.118275 -0.111253 -0.0890417 -0.0536846 -0.0277636 -0.026741 -0.0307749 -0.0249648
-0.172363 -0.166389 -0.159187 -0.150694 -0.141619 -0.13258 -0.122231 -0.109191 -0.0935923 -0.0759273 -0.0568481 -0.0363897 -0.013838 0.0103774 0.0348953 0.0594245 0.0840471 0.10714 0.127001 0.144257 0.159649 0.172713 0.183146 0.191237 0.196651 0.198256 0.19469 0.184532 0.167104 0.142527 0.113168 0.0820206 0.051555 0.0226814 -0.0069949 -0.0389921 -0.0727021 -0.105606 -0.133664 -0.156386 -0.175171 -0.186369 -0.188647 -0.203746 -0.238936 -0.234156 -0.163645 -0.0982063 -0.0725725 -0.0570108 -0.0502182 -0.0774183 -0.114981 -0.115835 -0.0876074 -0.0575558 -0.0379652 -0.0319127 -0.0282295 0
-0.188976 -0.180407 -0.169389 -0.15694 -0.14395 -0.13105 -0.117926 -0.103846 -0.0876626 -0.0692049 -0.0502749 -0.0311927 -0.0101974 0.0126744 0.0358197 0.0587852 0.0815722 0.102609 0.120321 0.135579 0.149356 0.161321 0.171041 0.178248 0.182444 0.182816 0.178103 0.166845 0.148806 0.124577 0.0957704 0.0643111 0.0319974 -3.13593E-05 -0.0320832 -0.0643844 -0.0966019 -0.125354 -0.144792 -0.157422 -0.169734 -0.172913 -0.159682 -0.165753 -0.209663 -0.215072 -0.146974 -0.0919579 -0.0801472 0 -0.00469638 0 -0.0946078 -0.107521 -0.0809254 -0.0586719 -0.0442273 -0.0316529 0 -0.00903403
-0.205661 -0.193707 -0.178414 -0.162515 -0.146685 -0.130794 -0.115047 -0.0993412 -0.082406 -0.0637123 -0.0445244 -0.0252566 -0.00502823 0.0161436 0.0374386 0.0585527 0.0793149 0.0983891 0.114498 0.128408 0.140959 0.151848 0.160561 0.166523 0.169215 0.168148 0.162224 0.150029 0.131579 0.107677 0.0793292 0.0476608 0.0139973 -0.0203653 -0.0543045 -0.0870394 -0.11812 -0.14329 -0.15527 -0.159096 -0.16505 -0.156116 -0.117711 -0.110267 -0.172278 -0.201668 -0.142104 -0.0863358 -0.0741777 -0.0504103 0 -0.034507 -0.0782378 -0.087666 -0.0699237 -0.0547279 -0.0434633 -0.0314912 -0.0188999 -0.00939521
-0.218665 -0.20362 -0.184417 -0.165598 -0.147831 -0.130276 -0.112853 -0.0955396 -0.0778567 -0.059338 -0.0397151 -0.0193199 0.000820176 0.0204928 0.0401632 0.0595837 0.0780702 0.0949063 0.109579 0.122431 0.133799 0.143454 0.15092 0.155464 0.156561 0.153921 0.146756 0.134 0.115697 0.0924223 0.0644455 0.0322026 -0.00290758 -0.0392136 -0.0749128 -0.108517 -0.138881 -0.1608 -0.165939 -0.160405 -0.156346 -0.133206 -0.0743838 -0.0582492 -0.136945 -0.189426 -0.141175 -0.081813 -0.0634779 -0.0597728 -0.0581476 -0.0633939 -0.0703131 -0.0686327 -0.0593106 -0.0476857 -0.0375344 0 -0.0245408 -0.0204193
-0.223786 -0.207469 -0.18596 -0.164974 -0.14587 -0.128023 -0.110401 -0.0922543 -0.0739714 -0.0554877 -0.0355221 -0.0142819 0.00605075 0.0251845 0.0443833 0.0628728 0.0789743 0.0930271 0.105887 0.117329 0.12702 0.13504 0.141116 0.144261 0.143819 0.13959 0.131299 0.118612 0.101366 0.0793579 0.0516201 0.0177343 -0.0198502 -0.0584132 -0.0960699 -0.130879 -0.16048 -0.178649 -0.176292 -0.158503 -0.137445 -0.102023 -0.0454984 -0.0363728 -0.116587 -0.172774 -0.134686 -0.0821893 -0.0645275 -0.0637511 -0.0665257 -0.0685615 -0.0676956 -0.0629543 -0.053813 -0.041088 0 -0.0272644 -0.0292568 -0.0355465
-0.219454 -0.203916 -0.18251 -0.16102 -0.141495 -0.124004 -0.107029 -0.0892082 -0.0709217 -0.0522733 -0.0322759 -0.0111418 0.00931078 0.0288138 0.0483205 0.0665663 0.0814197 0.0936226 0.104605 0.114077 0.12161 0.127528 0.131715 0.1331 0.131034 0.125462 0.116495 0.104261 0.0881105 0.0668418 0.038461 0.00209642 -0.0381857 -0.0783643 -0.11702 -0.152033 -0.179524 -0.192366 -0.181209 -0.149628 -0.10968 -0.0682568 -0.0349362 0 -0.110768 -0.152804 -0.124633 -0.0864646 -0.0728546 -0.0657269 -0.0591757 -0.0610447 -0.066123 -0.0624861 -0.0508527 -0.0372788 -0.0277927 -0.0270299 -0.0357521 -0.0518886
-0.206014 -0.193015 -0.174365 -0.154612 -0.135789 -0.118535 -0.102193 -0.0857726 -0.0683916 -0.0496658 -0.0301213 -0.0101649 0.0100735 0.0303442 0.0502133 0.0685879 0.0841568 0.0966431 0.106237 0.113392 0.118551 0.121965 0.123506 0.122465 0.118554 0.112027 0.102961 0.0911434 0.0751903 0.0530922 0.022766 -0.0161903 -0.0581486 -0.0981291 -0.135681 -0.168842 -0.192274 -0.198434 -0.178623 -0.13513 -0.0798496 -0.0391299 -0.0390172 -0.0712523 -0.113555 -0.132742 -0.115304 -0.0921424 0 -0.0706667 -0.0618105 -0.0603029 -0.0621321 -0.0578927 -0.0482357 -0.0380591 -0.0322448 -0.0348516 -0.0476268 -0.0682321
-0.187231 -0.177777 -0.163504 -0.146772 -0.129142 -0.111755 -0.0954738 -0.0803714 -0.0644633 -0.0466344 -0.0281126 -0.00938716 0.0102748 0.0305416 0.0501571 0.0685818 0.0855089 0.0993414 0.108586 0.114173 0.117268 0.118085 0.116641 0.112878 0.107026 0.0996012 0.0903749 0.0784048 0.0616618 0.0377458 0.00530385 -0.0349811 -0.0765092 -0.114057 -0.148531 -0.17859 -0.198118 -0.200467 -0.179175 -0.13199 -0.0644542 -0.0198511 -0.0418983 -0.08993 -0.114047 -0.116517 -0.108167 -0.0963629 -0.0853661 -0.0757312 -0.0674744 -0.0604501 -0.0555146 -0.0535194 -0.0509377 -0.0446242 -0.041045 -0.0470035 -0.0629372 -0.0851992
-0.166237 -0.160443 -0.151067 -0.137786 -0.121534 -0.10391 -0.0870893 -0.0723506 -0.0579091 -0.0422268 -0.0252932 -0.0073133 0.0114359 0.030403 0.0488721 0.0668493 0.0844052 0.0993388 0.109277 0.114684 0.116508 0.115109 0.110919 0.104646 0.0969765 0.0884608 0.0785338 0.0656706 0.0475157 0.0216829 -0.0120393 -0.0517353 -0.090625 -0.123954 -0.154043 -0.180513 -0.197387 -0.200072 -0.185434 -0.144334 -0.0707515 -0.016235 -0.0378569 -0.0874179 -0.106655 -0.10694 -0.104745 -0.0990583 -0.0895745 -0.0797364 -0.0693756 -0.0556427 -0.0462487 -0.0521776 -0.0608173 -0.0562667 -0.0513431 -0.0603587 -0.0800368 -0.103399
-0.143745 -0.140753 -0.136009 -0.126493 -0.112404 -0.0955204 -0.0784387 -0.0631767 -0.0494163 -0.0360113 -0.0210795 -0.0041427 0.0134055 0.0307278 0.0476223 0.0643566 0.0811207 0.0959643 0.106592 0.112647 0.114283 0.111728 0.105685 0.097635 0.0885878 0.0788638 0.0677947 0.0538641 0.0346135 0.00765695 -0.0263125 -0.0644742 -0.100247 -0.129416 -0.155062 -0.177469 -0.191158 -0.192575 -0.180194 -0.146302 -0.0847241 -0.035593 -0.0447489 -0.0794801 -0.097827 -0.104343 -0.10757 -0.105576 -0.0978493 -0.0873762 -0.0725502 -0.0490996 -0.0335884 -0.0489323 -0.0712011 -0.0688539 -0.0626743 -0.0760181 -0.0998144 -0.122778
-0.121437 -0.119853 -0.11869 -0.112793 -0.101669 -0.086927 -0.0704411 -0.0541574 -0.0400134 -0.0281276 -0.0152107 8.53543E-05 0.0161652 0.031985 0.0471995 0.0619987 0.0766524 0.090049 0.100658 0.107422 0.109604 0.107003 0.100296 0.0914871 0.0817203 0.0709679 0.0587215 0.0439808 0.024256 -0.00302607 -0.0366022 -0.0730876 -0.106285 -0.132318 -0.154035 -0.171955 -0.181606 -0.178968 -0.161324 -0.131234 -0.095863 -0.0696711 -0.0662268 -0.0781387 -0.0935952 -0.107063 -0.115118 -0.116179 -0.110367 -0.099541 -0.0797239 -0.0442921 -0.0194218 0 -0.0775386 -0.0802983 -0.0763166 -0.0955319 -0.122989 -0.143872
-0.102487 -0.100965 -0.101539 -0.0981357 -0.0899177 -0.0781454 -0.0631426 -0.0460089 -0.0308426 -0.019366 -0.00779654 0.00577991 0.0201107 0.0342387 0.0476886 0.0604479 0.0726857 0.0840646 0.0938588 0.10058 0.10293 0.1006 0.0942004 0.0856054 0.0758282 0.0647316 0.0519524 0.0367858 0.0166173 -0.0112898 -0.0448132 -0.0797861 -0.110749 -0.134264 -0.152178 -0.165376 -0.172051 -0.16816 -0.148581 -0.121297 -0.101683 -0.0907836 -0.0843706 -0.0857437 -0.0972844 -0.111239 -0.120563 -0.123769 -0.120593 -0.111169 -0.0886931 -0.0436702 -0.00943701 -0.033918 -0.0796711 -0.0918102 -0.0953861 -0.120313 -0.149605 -0.167961
-0.0872859 -0.0846007 -0.0850303 -0.0828138 -0.076986 -0.0682565 -0.0553493 -0.0382446 -0.0221747 -0.0101206 0.00099382 0.0130224 0.0253846 0.0375206 0.0490494 0.0598192 0.0698201 0.0791059 0.0874283 0.0932346 0.0951251 0.0929445 0.0872079 0.0792192 0.0697376 0.0587823 0.0460003 0.0305694 0.00979109 -0.0189664 -0.0525376 -0.085906 -0.114591 -0.135685 -0.149639 -0.157858 -0.162297 -0.160205 -0.144842 -0.121686 -0.10372 -0.0945599 -0.0931723 -0.0976555 -0.105635 -0.114061 -0.120431 -0.123623 -0.122588 -0.115805 -0.0950893 -0.0499666 -0.0137885 -0.0357018 -0.0835231 -0.106459 -0.121296 -0.150076 -0.178384 -0.193908
