data_raster/melanesia/PNMC_current_2021/202102_North.grd
DSAA																																																																																																																																																																																																																																																																																																																																																																																																																											
412	268																																																																																																																																																																																																																																																																																																																																																																																																																										
156	174.5																																																																																																																																																																																																																																																																																																																																																																																																																										
-26.5	-14.5																																																																																																																																																																																																																																																																																																																																																																																																																										
-0.475827	0.379428																																																																																																																																																																																																																																																																																																																																																																																																																										
[rows 156 to 181 of 268, columns 177 to 235 of 412]
-0.0376467 -0.0602904 -0.0966523 -0.131057 -0.154297 -0.168296 -0.174638 -0.174198 -0.16944 -0.163316 -0.15623 -0.148082 -0.140497 -0.134112 -0.126093 -0.113913 -0.0964921 -0.0746443 -0.0510544 -0.0271113 -0.00317992 0.0201464 0.0422276 0.062858 0.0819829 0.0995686 0.114796 0.125136 0.129797 0.130914 0.131076 0.132908 0.136778 0.141856 0.149785 0.162373 0.176874 0.189442 0.19698 0.198475 0.196711 0.192674 0.184483 0.172283 0.158023 0.141545 0.122009 0.102757 0.087669 0.0758094 0.0650543 0.0534664 0.040395 0.027376 0.014841 0.0017097 -0.0119287 -0.0250504 -0.0374075
-0.0336016 -0.0617311 -0.101372 -0.135048 -0.154434 -0.164863 -0.169421 -0.168705 -0.164338 -0.158337 -0.151314 -0.143603 -0.136487 -0.130127 -0.121348 -0.107677 -0.0886857 -0.0655214 -0.0407969 -0.0160425 0.00810305 0.0311583 0.0527108 0.0723536 0.0898412 0.105468 0.11876 0.127336 0.131022 0.133237 0.136318 0.141138 0.147359 0.154101 0.162245 0.172893 0.184456 0.194579 0.201005 0.202527 0.199966 0.19367 0.183113 0.16915 0.153757 0.137016 0.118403 0.101116 0.0884532 0.0778782 0.0663103 0.0533016 0.0393263 0.0256791 0.0124644 -0.00163556 -0.0163588 -0.0302363 -0.0430939
-0.0308912 -0.0699471 -0.109166 -0.13806 -0.153387 -0.160701 -0.163268 -0.161991 -0.157906 -0.152099 -0.145303 -0.138172 -0.131584 -0.125214 -0.115652 -0.100568 -0.0802278 -0.0560621 -0.0304734 -0.00506072 0.019269 0.0420159 0.0628505 0.0812979 0.0970334 0.110405 0.121298 0.128303 0.13197 0.13592 0.141718 0.148642 0.156056 0.16357 0.171674 0.180959 0.190644 0.199319 0.204897 0.205807 0.201759 0.193027 0.180448 0.165317 0.149214 0.132699 0.115997 0.101217 0.0900827 0.0795263 0.066641 0.052295 0.0376795 0.0234234 0.00931448 -0.00570363 -0.021236 -0.0358108 -0.0492425
-0.0399699 -0.0865183 -0.120027 -0.140611 -0.151154 -0.15549 -0.155988 -0.153721 -0.149582 -0.144337 -0.138482 -0.132402 -0.126438 -0.119871 -0.109385 -0.0929685 -0.0714281 -0.0463884 -0.0200521 0.00591987 0.0303614 0.0526438 0.0724185 0.0894124 0.103446 0.114575 0.122915 0.128621 0.132952 0.138699 0.146464 0.154622 0.162572 0.170486 0.178617 0.187144 0.195744 0.203513 0.208231 0.207997 0.202046 0.190964 0.176909 0.161347 0.145046 0.129072 0.114589 0.102119 0.0913929 0.0799084 0.0658382 0.0507063 0.0357868 0.0209205 0.00572082 -0.0102368 -0.0264412 -0.0417179 -0.0557896
-0.0569192 -0.0997682 -0.124335 -0.137386 -0.144614 -0.147365 -0.146888 -0.144513 -0.141018 -0.136832 -0.132181 -0.127129 -0.12141 -0.114003 -0.102219 -0.0845977 -0.0621416 -0.0364324 -0.00943405 0.0170219 0.0413171 0.0626685 0.0808015 0.0959082 0.108215 0.117544 0.124098 0.129125 0.134232 0.141275 0.150182 0.159048 0.167363 0.175568 0.183744 0.191809 0.199696 0.206736 0.210429 0.208665 0.200832 0.187948 0.172889 0.157265 0.141487 0.126684 0.114127 0.103017 0.0917684 0.0790077 0.064174 0.0487246 0.0335545 0.0179809 0.00160796 -0.0153918 -0.0323081 -0.0481107 -0.0625912
-0.0742953 -0.104365 -0.119908 -0.128382 -0.134382 -0.137072 -0.13683 -0.135236 -0.132908 -0.129903 -0.12631 -0.122026 -0.116142 -0.107387 -0.0940814 -0.0754577 -0.052365 -0.0261953 0.00121114 0.0278166 0.0515842 0.0716 0.0876963 0.100655 0.111282 0.119402 0.125204 0.130146 0.135772 0.143439 0.152844 0.162148 0.17084 0.179296 0.187485 0.195229 0.202546 0.208797 0.211178 0.207587 0.198146 0.18429 0.168795 0.153365 0.138653 0.125377 0.114019 0.103159 0.0909686 0.0771219 0.0619239 0.0463123 0.0306657 0.0142043 -0.00332438 -0.0213794 -0.0390451 -0.0552515 -0.0699621
-0.0831014 -0.101626 -0.111674 -0.118469 -0.124372 -0.127561 -0.127901 -0.126814 -0.124959 -0.122522 -0.11958 -0.115839 -0.109746 -0.0997704 -0.0851946 -0.0658458 -0.0422712 -0.0157991 0.0114529 0.037426 0.0602397 0.0788903 0.0931021 0.104124 0.113317 0.120703 0.126427 0.131527 0.137286 0.145095 0.154705 0.164319 0.17332 0.181906 0.190044 0.197592 0.204423 0.209697 0.210419 0.204771 0.194071 0.180158 0.165034 0.15019 0.136575 0.124386 0.113248 0.101903 0.08906 0.0747273 0.0592896 0.0432217 0.0266482 0.00906451 -0.00952687 -0.0284282 -0.0467267 -0.063464 -0.0785701
-0.0822566 -0.0944914 -0.10294 -0.109872 -0.115835 -0.119308 -0.12003 -0.118913 -0.116852 -0.114589 -0.112096 -0.108705 -0.102387 -0.0914609 -0.0759253 -0.0560668 -0.0322625 -0.00587179 0.0206946 0.0454883 0.0670134 0.0843101 0.09702 0.106572 0.114614 0.121517 0.127474 0.132883 0.13867 0.146421 0.156058 0.165866 0.175094 0.183701 0.191664 0.198908 0.205089 0.209145 0.208098 0.200583 0.18912 0.175857 0.161833 0.148001 0.135207 0.123306 0.111564 0.099354 0.0861575 0.0717184 0.0559571 0.0390814 0.0212379 0.00239026 -0.0171631 -0.0367013 -0.0554874 -0.0728288 -0.0883868
-0.0758396 -0.0866428 -0.0957061 -0.103024 -0.108376 -0.11138 -0.112008 -0.11062 -0.108367 -0.106547 -0.104704 -0.101509 -0.0948055 -0.0830446 -0.0666852 -0.0464156 -0.0228241 0.00279375 0.0283593 0.0519845 0.0720637 0.0879071 0.0995183 0.108143 0.115251 0.121669 0.127854 0.133753 0.139886 0.147664 0.157138 0.166974 0.176363 0.18493 0.192535 0.19908 0.20417 0.206775 0.204227 0.195608 0.184043 0.171787 0.159296 0.146797 0.134397 0.121945 0.109172 0.0960147 0.0823786 0.0676636 0.0513517 0.0334975 0.0143374 -0.00573303 -0.0261643 -0.0462509 -0.0654199 -0.0831924 -0.0988907
-0.0698596 -0.0810854 -0.0908574 -0.0979014 -0.10195 -0.10387 -0.103986 -0.102244 -0.0998961 -0.0985343 -0.0972945 -0.094291 -0.0872401 -0.0747121 -0.057634 -0.037133 -0.014085 0.0103472 0.0346378 0.0570134 0.0756911 0.0902716 0.101148 0.1092 0.115525 0.121418 0.127694 0.134033 0.140596 0.148446 0.15769 0.167415 0.176806 0.185197 0.192323 0.198037 0.201885 0.202963 0.199285 0.190433 0.179456 0.1684 0.157408 0.146039 0.133527 0.120005 0.106096 0.0920309 0.0777101 0.0623518 0.0452518 0.0263952 0.00609271 -0.0149721 -0.0361065 -0.0566587 -0.0760751 -0.0938465 -0.109161
-0.0690656 -0.0794101 -0.088311 -0.0940593 -0.0964625 -0.0970832 -0.0964746 -0.0943898 -0.0919273 -0.0905757 -0.0895106 -0.0868143 -0.079698 -0.0664955 -0.048843 -0.0283962 -0.00602157 0.0172254 0.0399898 0.0608117 0.0782895 0.0920952 0.102499 0.110062 0.115676 0.121014 0.127182 0.133654 0.140371 0.148235 0.157342 0.166892 0.176054 0.18407 0.190697 0.195799 0.198649 0.198336 0.193934 0.185641 0.175862 0.166053 0.156044 0.145033 0.131909 0.117204 0.102283 0.0873543 0.0720659 0.0556943 0.0376368 0.017878 -0.00324388 -0.0249399 -0.0465077 -0.0673917 -0.0868509 -0.104022 -0.11837
-0.069613 -0.0783876 -0.0857668 -0.0900101 -0.0909678 -0.0904331 -0.0891076 -0.0867833 -0.0842933 -0.0827829 -0.0816378 -0.0791698 -0.072097 -0.0584483 -0.0404478 -0.0202037 0.00141556 0.0234443 0.0446851 0.0640068 0.0804141 0.0935637 0.10349 0.110492 0.115314 0.119922 0.125683 0.13208 0.138942 0.146953 0.156083 0.165515 0.174428 0.182087 0.188242 0.192721 0.194665 0.193315 0.188808 0.18178 0.173497 0.164603 0.154801 0.143349 0.129325 0.113545 0.097654 0.0817432 0.0652765 0.047731 0.0287256 0.00825264 -0.013385 -0.0354458 -0.0572543 -0.0782418 -0.0974367 -0.113652 -0.126781
-0.0674005 -0.0751251 -0.0814424 -0.0846973 -0.0847816 -0.0834893 -0.0816442 -0.0792232 -0.0768492 -0.0753012 -0.0740103 -0.0714377 -0.0642608 -0.0504788 -0.0324296 -0.0124284 0.00834543 0.0290143 0.0488991 0.0670432 0.0823672 0.0945867 0.103812 0.110103 0.113983 0.11761 0.122649 0.128903 0.136175 0.144614 0.153938 0.163402 0.172245 0.179748 0.185494 0.189153 0.190168 0.188289 0.184393 0.17913 0.172291 0.16368 0.153249 0.140721 0.125719 0.109063 0.0921133 0.0749654 0.0572249 0.0385821 0.0188107 -0.00215078 -0.0240976 -0.0464008 -0.0683421 -0.089131 -0.107694 -0.122876 -0.134861
-0.0639278 -0.0711927 -0.0766068 -0.0790152 -0.0785664 -0.0769111 -0.0748327 -0.0723573 -0.069989 -0.0683058 -0.0666255 -0.0634325 -0.0558216 -0.0420833 -0.0243003 -0.00473052 0.0150579 0.0342382 0.0526874 0.0695751 0.0836371 0.0946866 0.103014 0.108515 0.111504 0.114161 0.118362 0.124419 0.13219 0.141166 0.150772 0.160391 0.169304 0.17675 0.182181 0.185195 0.185623 0.183715 0.180773 0.177243 0.17151 0.162672 0.151092 0.137137 0.12113 0.103685 0.0855339 0.0669567 0.0480012 0.028497 0.0082134 -0.0130867 -0.0353242 -0.0578511 -0.0797975 -0.100101 -0.117746 -0.131891 -0.142852
-0.060427 -0.0676331 -0.0721054 -0.0736158 -0.0728057 -0.0711116 -0.0690749 -0.0665119 -0.0638941 -0.0618302 -0.0594515 -0.0551748 -0.0467979 -0.0331299 -0.0158601 0.0029946 0.0216365 0.0392542 0.056049 0.0713458 0.0839054 0.0936486 0.100981 0.105729 0.108064 0.109989 0.113425 0.119226 0.127377 0.136804 0.146672 0.156455 0.165436 0.172796 0.178016 0.180792 0.181184 0.179679 0.177713 0.175466 0.170314 0.160902 0.148006 0.132585 0.115574 0.0973096 0.0778553 0.0578261 0.0378693 0.0178266 -0.00272187 -0.0243281 -0.0470102 -0.0697981 -0.0915605 -0.111118 -0.127672 -0.140811 -0.150851
-0.0559 -0.063144 -0.0670616 -0.0680986 -0.0672333 -0.0657122 -0.0638297 -0.0611604 -0.0581895 -0.0556412 -0.0525052 -0.0471392 -0.0379659 -0.0242922 -0.00758301 0.0103558 0.0277359 0.0438086 0.058917 0.0725103 0.0834632 0.0918618 0.0982653 0.10245 0.10443 0.105917 0.108751 0.114238 0.122528 0.132194 0.142174 0.151897 0.160697 0.167866 0.172945 0.175695 0.176369 0.175571 0.174515 0.173007 0.167886 0.157672 0.143585 0.126965 0.108997 0.0898255 0.0691561 0.0479529 0.02735 0.00706787 -0.013623 -0.0356588 -0.0590496 -0.0821134 -0.1034 -0.121974 -0.137387 -0.149588 -0.158762
-0.0499712 -0.0571561 -0.0610065 -0.0621702 -0.0616277 -0.0603857 -0.0586133 -0.0558687 -0.0526153 -0.0495579 -0.0457045 -0.0395118 -0.0297563 -0.0160476 0.000125893 0.0170423 0.0331018 0.0476925 0.0612253 0.0732139 0.0826139 0.089734 0.0953687 0.0992205 0.1011 0.102421 0.104879 0.110011 0.118115 0.127706 0.137569 0.146927 0.155222 0.162039 0.166968 0.169752 0.17084 0.170903 0.170653 0.169437 0.163934 0.152808 0.137758 0.120285 0.101442 0.0813464 0.0597777 0.0379139 0.0170588 -0.0033233 -0.0242905 -0.0470007 -0.0712619 -0.094492 -0.114987 -0.132399 -0.146697 -0.158019 -0.166348
-0.0433125 -0.0503033 -0.0542035 -0.0558146 -0.0559236 -0.0549814 -0.0531592 -0.0504428 -0.0471235 -0.0434999 -0.0388501 -0.0320729 -0.0220738 -0.008519 0.00704163 0.0229102 0.0376528 0.0508127 0.0629241 0.0735324 0.0815833 0.0875975 0.0926273 0.0962734 0.0981372 0.0994663 0.10181 0.106589 0.114154 0.123292 0.132791 0.141602 0.149222 0.155493 0.160135 0.162969 0.164532 0.165438 0.165885 0.164798 0.158806 0.146776 0.130878 0.112707 0.0930853 0.0722714 0.0503571 0.0284638 0.00765373 -0.0129935 -0.0347516 -0.0584395 -0.0833817 -0.106436 -0.125898 -0.142079 -0.155299 -0.165744 -0.17323
-0.0362122 -0.0428658 -0.0468484 -0.0490853 -0.0500574 -0.0494749 -0.0475479 -0.044891 -0.0415856 -0.0373903 -0.0319724 -0.0248242 -0.014892 -0.00176882 0.0130225 0.0278373 0.0413498 0.0532161 0.0640765 0.0734936 0.0803874 0.0854583 0.0899787 0.0934305 0.0952372 0.09665 0.0991161 0.103645 0.110508 0.118963 0.12793 0.136136 0.143032 0.148571 0.15272 0.155538 0.157535 0.159132 0.160097 0.159047 0.152628 0.139885 0.123311 0.104568 0.0843353 0.0631045 0.0413283 0.0198133 -0.000922613 -0.0221592 -0.0451698 -0.0699428 -0.0951587 -0.117617 -0.135895 -0.15089 -0.163105 -0.172582 -0.179121
-0.0285897 -0.0347883 -0.0390537 -0.0420854 -0.04397 -0.0439361 -0.0421181 -0.039378 -0.035829 -0.0311775 -0.0253027 -0.0179724 -0.0082722 0.00417316 0.0179958 0.0317238 0.0441823 0.0550421 0.0648177 0.0730813 0.0788752 0.0830628 0.0870524 0.0902098 0.0918357 0.0933168 0.0960693 0.100587 0.106952 0.114801 0.123227 0.130869 0.13708 0.14176 0.14519 0.147817 0.150067 0.152101 0.153296 0.152074 0.145334 0.132285 0.115402 0.0963284 0.0757561 0.0543897 0.032914 0.0117029 -0.00930633 -0.0314719 -0.0557891 -0.0813675 -0.106365 -0.12787 -0.144903 -0.158858 -0.170185 -0.178499 -0.183843
-0.0205025 -0.0263027 -0.0310636 -0.0349684 -0.0377117 -0.0383922 -0.0369521 -0.0340429 -0.0300365 -0.0250875 -0.0190696 -0.0116733 -0.0022854 0.00927989 0.021967 0.0346029 0.046156 0.0562259 0.0650537 0.072215 0.0769632 0.0802962 0.0836859 0.0864075 0.0877032 0.0891835 0.0923109 0.0971036 0.103368 0.110863 0.118827 0.126026 0.131706 0.135566 0.13815 0.140293 0.142433 0.144562 0.145667 0.14406 0.137136 0.124245 0.10744 0.0882628 0.0676154 0.0463316 0.0251049 0.00388794 -0.0178178 -0.0411493 -0.0666088 -0.0925475 -0.116821 -0.137098 -0.152899 -0.165888 -0.17633 -0.183383 -0.187449
-0.0121173 -0.0177844 -0.0231612 -0.027889 -0.0313756 -0.0328119 -0.0319225 -0.0289356 -0.0245131 0 -0.0133716 -0.00595229 0.00305468 0.0135678 0.0250011 0.03656 0.0472507 0.0565698 0.0645478 0.0707528 0.0745806 0.0771064 0.0798319 0.0819922 0.0828386 0.084235 0.0877507 0.0930708 0.0996828 0.107145 0.114791 0.121732 0.127146 0.130427 0.132179 0.13347 0.134977 0.136778 0.1375 0.135373 0.128419 0.116064 0.0996289 0.0805012 0.05997 0.0388915 0.0177353 -0.00384976 -0.0265549 -0.0511146 -0.0774519 -0.103287 -0.12638 -0.145251 -0.159885 -0.171831 -0.181216 -0.187107 -0.190126
-0.00374577 -0.00942775 -0.0153901 -0.0208297 -0.0249296 -0.0269636 -0.0265483 -0.0236609 -0.0190431 -0.013687 -0.00752943 -0.000228154 0.00811512 0.0173183 0.0272604 0.0375297 0.047232 0.0557887 0.0630028 0.0684004 0.0714717 0.0733026 0.0753743 0.0769702 0.0774297 0.0787625 0.082601 0.0884828 0.0956567 0.103365 0.11097 0.117922 0.123325 0.126245 0.127237 0.127487 0.127958 0.128962 0.129052 0.126483 0.11961 0.107815 0.0918486 0.0729513 0.0526473 0.0317421 0.010479 -0.0116708 -0.0354328 -0.0610677 -0.0879293 -0.113274 -0.134919 -0.152316 -0.165832 -0.176657 -0.18487 -0.189763 -0.192056
0.00425844 -0.0013823 -0.00772902 -0.0137007 -0.0182596 -0.0205669 -0.0203343 -0.0177511 -0.0132667 -0.00746214 -0.000876792 0.00605973 0.0132782 0.0208446 0.0289415 0.037484 0.0459169 0.0536627 0.0601676 0.0648728 0.0673804 0.0687061 0.070218 0.0713666 0.0716747 0.0730743 0.077114 0.0833554 0.091 0.099122 0.107049 0.114323 0.11992 0.122649 0.123024 0.122299 0.121555 0.121317 0.120578 0.117814 0.111072 0.0995297 0.083952 0.0654781 0.0454322 0.0245447 0.00305136 -0.01966 -0.0443148 -0.0706968 -0.0976565 -0.122212 -0.142342 -0.158282 -0.170675 -0.180336 -0.187379 -0.19146 -0.193332
0.0115952 0.00610179 -0.000266071 -0.0063864 -0.0111178 -0.013452 -0.0132692 -0.0111318 -0.007054 -0.000942429 0.00600642 0.0124584 0.0184019 0.0241811 0.0302325 0.0367791 0.043658 0.0503639 0.0560659 0.0601554 0.062333 0.0634016 0.0644591 0.0652267 0.0655272 0.0670829 0.071239 0.0776085 0.0854689 0.0939526 0.102358 0.110118 0.116094 0.118984 0.119144 0.117686 0.11574 0.114079 0.112379 0.109449 0.102838 0.0914483 0.0761852 0.0581151 0.0382881 0.0173548 -0.00441789 -0.0276881 -0.0531354 -0.0799817 -0.106589 -0.130046 -0.148627 -0.163082 -0.17423 -0.182647 -0.188564 -0.192016 -0.193688
0.0180758 0.0128926 0.00696608 0.00124097 -0.00324483 -0.0054609 -0.00539869 -0.00379704 -0.00032991 0.00559493 0.0124671 0.0184235 0.0232655 0.0273436 0.0313751 0.035886 0.0409787 0.0462809 0.0509558 0.0544366 0.0564633 0.0574963 0.0582272 0.0586589 0.0589627 0.0606595 0.0648661 0.0711693 0.0789491 0.0875816 0.0963904 0.104615 0.1111 0.114595 0.115109 0.113326 0.110434 0.107506 0.104823 0.101555 0.0950056 0.0838354 0.0688091 0.050929 0.0312366 0.0103009 -0.0117289 -0.0355663 -0.0617768 -0.0888677 -0.114674 -0.136681 -0.153612 -0.166481 -0.176199 -0.183268 -0.188109 -0.191104 -0.192724
