data_raster/melanesia/PNMC_current_2021/202105_North.grd
DSAA																																																																																																																																																																																																																																																																																																																																																																																																																											
412	268																																																																																																																																																																																																																																																																																																																																																																																																																										
156	174.5																																																																																																																																																																																																																																																																																																																																																																																																																										
-26.5	-14.5																																																																																																																																																																																																																																																																																																																																																																																																																										
-0.447725	0.302917																																																																																																																																																																																																																																																																																																																																																																																																																										
[rows 26 to 51 of 268, columns 177 to 235 of 412]
-0.0138577 -0.0159932 -0.0179023 -0.0198281 -0.0222502 -0.0258871 -0.0303081 -0.0341797 -0.0368789 -0.0384074 -0.0400164 -0.0429129 -0.0463547 -0.0489327 -0.0487741 -0.046117 -0.0446874 -0.0454112 -0.0458516 -0.045164 -0.0438755 -0.0428407 -0.042707 -0.0422277 -0.0400756 -0.0367825 -0.0325111 -0.025769 -0.0168357 -0.00888271 -0.00391331 -0.00234313 -0.00227634 -0.000823669 0.000983508 0.000974478 1.21103E-06 -0.000650808 -0.00107599 -0.00153066 -0.00207935 -0.00282063 -0.0039047 -0.00503495 -0.00562304 -0.0062989 -0.00819642 -0.0108557 -0.013527 -0.0169413 -0.0217592 -0.0274146 -0.0330755 -0.0378286 -0.0416833 -0.0457602 -0.0512016 -0.058918 -0.0679923
-0.0172856 -0.0193928 -0.0204296 -0.0205533 -0.0208317 -0.0232856 -0.0280823 -0.0337874 -0.0389967 -0.0426934 -0.0459253 -0.0497741 -0.0524989 -0.0523309 -0.0491329 -0.0441869 -0.0406173 -0.0392337 -0.038188 -0.0371631 -0.0370183 -0.0379089 -0.0394117 -0.0400007 -0.0384591 -0.0358572 -0.032557 -0.026321 -0.017121 -0.00865665 -0.00353769 -0.00271827 -0.00385005 -0.00303873 -0.00118219 -0.000730301 -0.001175 -0.00146002 -0.00150879 -0.00155647 -0.00208218 -0.00323976 -0.00471064 -0.00611996 -0.00710933 -0.00772593 -0.00826377 -0.00902059 -0.0103802 -0.0130837 -0.0174626 -0.022504 -0.0273442 -0.031792 -0.0361041 -0.0410012 -0.0474021 -0.0561468 -0.0660504
-0.021143 -0.0231635 -0.0233482 -0.0219132 -0.0202404 -0.0209037 -0.0247396 -0.0309777 -0.0379928 -0.0440129 -0.0491207 -0.0534797 -0.0549035 -0.0519137 -0.0461936 -0.039936 -0.035314 -0.0326871 -0.0305232 -0.0290599 -0.0297133 -0.0319374 -0.034202 -0.0350996 -0.0339325 -0.0322626 -0.0305265 -0.0256613 -0.0172467 -0.00939996 -0.00498802 -0.00498839 -0.00698546 -0.00694381 -0.0054767 -0.00483624 -0.00502765 -0.00543937 -0.00560357 -0.00550387 -0.00594884 -0.00719438 -0.0086509 -0.0100351 -0.0113429 -0.0120472 -0.0115262 -0.0106613 -0.0107398 -0.0122126 -0.0150235 -0.0183485 -0.021726 -0.0255649 -0.030366 -0.0366108 -0.0444089 -0.0534991 -0.0629587
-0.0244221 -0.0263523 -0.0263609 -0.0245668 -0.0220624 -0.0209374 -0.0225254 -0.0273136 -0.0342192 -0.0413916 -0.0476144 -0.0517218 -0.051826 -0.0471754 -0.0402668 -0.0335928 -0.0287678 -0.0258405 -0.0233361 -0.0215888 -0.0220943 -0.0241027 -0.025899 -0.026753 -0.0266221 -0.0266765 -0.0268913 -0.0240824 -0.0178392 -0.0123853 -0.00999635 -0.010488 -0.0119524 -0.0118266 -0.0108277 -0.0107801 -0.0117093 -0.0130844 -0.014299 -0.0151015 -0.0159612 -0.0170576 -0.0180837 -0.0189291 -0.0196455 -0.019794 -0.0188326 -0.0175218 -0.0168422 -0.016501 -0.016168 -0.016303 -0.0174932 -0.0203191 -0.0253576 -0.0330832 -0.0423796 -0.0510555 -0.0588592
-0.0265088 -0.0280967 -0.028073 -0.0265795 -0.0243103 -0.0224935 -0.0224524 -0.0254017 -0.0309861 -0.0378432 -0.0438796 -0.0469682 -0.0458867 -0.0405386 -0.0330818 -0.0257323 -0.020187 -0.0167501 -0.0143143 -0.0129634 -0.0135271 -0.0150651 -0.0160738 -0.0168693 -0.0181845 -0.0201102 -0.0219557 -0.0216401 -0.0189995 -0.0168979 -0.0164471 -0.0167693 -0.0170623 -0.0168025 -0.0167211 -0.0178623 -0.0200826 -0.0228265 -0.0253526 -0.0272038 -0.0285526 -0.02953 -0.0301159 -0.0303206 -0.0301762 -0.0295525 -0.028308 -0.0268778 -0.0256539 -0.0238812 -0.0211579 -0.0188287 -0.0181965 -0.0199697 -0.0246418 -0.0323974 -0.0414124 -0.0486351 -0.0545921
-0.0271799 -0.0281353 -0.0278596 -0.0268279 -0.0255422 -0.0243976 -0.0242325 -0.0261511 -0.0301614 -0.0354334 -0.0398506 -0.0412428 -0.039064 -0.0335117 -0.0256654 -0.017104 -0.00996736 -0.00531279 -0.00293014 -0.00252488 -0.00369308 -0.00521685 -0.00592252 -0.00705655 -0.00994572 -0.0134614 -0.0164171 -0.018656 -0.0202331 -0.021301 -0.0217663 -0.0213524 -0.0206528 -0.0207661 -0.0221163 -0.0247497 -0.0283911 -0.0325249 -0.0361976 -0.038807 -0.0406057 -0.0417825 -0.0423115 -0.0422159 -0.0415734 -0.0404167 -0.0387857 -0.0369539 -0.0351078 -0.03268 -0.0294139 -0.026413 -0.0248519 -0.0256146 -0.0290325 -0.0347403 -0.0411874 -0.0462451 -0.0510289
-0.0267415 -0.0271181 -0.0265294 -0.0260122 -0.0259448 -0.0257409 -0.0258838 -0.0276429 -0.0307134 -0.0338541 -0.035627 -0.0348249 -0.0313922 -0.0255718 -0.0176696 -0.00863889 -0.000464613 0.00534771 0.00802329 0.00810696 0.00704586 0.00574199 0.00451781 0.00214007 -0.0023664 -0.00735215 -0.0115702 -0.0158805 -0.0202656 -0.0230428 -0.0236033 -0.0226149 -0.0215948 -0.0223741 -0.0251127 -0.029235 -0.0342741 -0.0396752 -0.0445219 -0.0482278 -0.050991 -0.0529568 -0.054081 -0.0543679 -0.0538759 -0.0526501 -0.0507497 -0.0483886 -0.0457671 -0.0427702 -0.0394171 -0.0363087 -0.0341188 -0.033468 -0.0346006 -0.0372875 -0.0407974 -0.0442461 -0.0489066
-0.025731 -0.0257192 -0.0249427 -0.0248883 -0.025816 -0.0263185 -0.0267237 -0.0286365 -0.0310744 -0.0318654 -0.0306158 -0.0275798 -0.0229298 -0.0168031 -0.00930568 -0.000924061 0.00721121 0.0136957 0.0170277 0.0177397 0.01769 0.0169343 0.0146762 0.010526 0.00460211 -0.00171847 -0.00747236 -0.0131851 -0.0185094 -0.0215793 -0.0220078 -0.0210481 -0.0204413 -0.0219813 -0.0257549 -0.0310752 -0.037253 -0.043624 -0.0496005 -0.0547679 -0.0590265 -0.0623388 -0.0646976 -0.0660507 -0.0663121 -0.0654921 -0.0636753 -0.0610409 -0.0578194 -0.0542954 -0.0507422 -0.0473634 -0.0443174 -0.0417111 -0.0398842 -0.0394337 -0.0405316 -0.0431104 -0.0481978
-0.0248302 -0.0245105 -0.0238232 -0.0240577 -0.0254117 -0.0266055 -0.0275102 -0.0288484 -0.0294873 -0.0276209 -0.0237994 -0.0191959 -0.0139868 -0.00810305 -0.00146245 0.00584769 0.0134317 0.0201468 0.0241945 0.0258388 0.0266833 0.0262729 0.0233657 0.0181657 0.0114292 0.00415154 -0.00289915 -0.00956109 -0.0152253 -0.0185568 -0.0194648 -0.0191928 -0.0193765 -0.0216661 -0.0261349 -0.0321218 -0.0388652 -0.0457089 -0.0523994 -0.0587272 -0.064422 -0.0692852 -0.0732149 -0.0759762 -0.0772467 -0.0771209 -0.0759187 -0.0737641 -0.0707834 -0.0674465 -0.0640633 -0.0602762 -0.0558594 -0.0510293 -0.0464349 -0.0431668 -0.0419954 -0.0434294 -0.0481525
-0.0240162 -0.0234568 -0.0230591 -0.0234715 -0.0248295 -0.02655 -0.0278349 -0.0277724 -0.0257337 -0.0214717 -0.0160611 -0.0107479 -0.00554914 -0.000206624 0.0054865 0.0116802 0.0184131 0.0248664 0.0293862 0.0318627 0.0332179 0.0329646 0.03012 0.0249283 0.0180635 0.010274 0.0022983 -0.00517981 -0.0113881 -0.0154521 -0.0173936 -0.0181792 -0.0192798 -0.0222738 -0.0272074 -0.0334327 -0.0403051 -0.0473228 -0.0544079 -0.0614715 -0.0682457 -0.0744801 -0.0799635 -0.0842305 -0.0866602 -0.0874323 -0.0871429 -0.085901 -0.0837247 -0.0810804 -0.0781505 -0.0740499 -0.068375 -0.0618915 -0.0555099 -0.0501686 -0.0467892 -0.0462377 -0.0490056
-0.0228261 -0.0221543 -0.0220288 -0.0226722 -0.0240441 -0.025739 -0.0265678 -0.0248819 -0.0207702 -0.0153041 -0.00950725 -0.00412826 0.00105476 0.00632077 0.0115154 0.0166766 0.0222394 0.0278644 0.0323671 0.0353888 0.0371515 0.0372387 0.0350237 0.0305218 0.0240323 0.0160965 0.00741627 -0.00106237 -0.00833523 -0.0134041 -0.0162785 -0.018004 -0.0199821 -0.0236331 -0.0289498 -0.0353187 -0.0423163 -0.0496428 -0.0571999 -0.0648494 -0.0723027 -0.0793851 -0.0860691 -0.0917965 -0.0956104 -0.0974902 -0.0979524 -0.0972444 -0.0955581 -0.0933193 -0.0906365 -0.0866093 -0.0808785 -0.0743332 -0.0677014 -0.0613831 -0.0560576 -0.0526156 -0.0516599
-0.0213888 -0.0207364 -0.0208229 -0.0216512 -0.0229485 -0.0241058 -0.02395 -0.0210589 -0.0160241 -0.0104271 -0.0049264 0.000302644 0.00559938 0.0111122 0.0162158 0.0207056 0.0252427 0.0298978 0.0340139 0.0371868 0.0392109 0.0397067 0.0382394 0.0345613 0.0286049 0.0207045 0.0114846 0.00202512 -0.00640547 -0.0124099 -0.0159356 -0.0182932 -0.0208963 -0.0250162 -0.0306461 -0.0372538 -0.0445484 -0.0523288 -0.0604482 -0.0686646 -0.0765368 -0.0840198 -0.0915755 -0.0987283 -0.1042 -0.107486 -0.108632 -0.108088 -0.106439 -0.104148 -0.101379 -0.0975836 -0.0925466 -0.0868393 -0.0807745 -0.0742817 -0.0676396 -0.061446 -0.0564699
-0.0200626 -0.0195309 -0.0197865 -0.0205591 -0.0214232 -0.0218103 -0.0208794 -0.0177197 -0.0128957 -0.00766163 -0.00239198 0.00290855 0.00838363 0.0139878 0.0191238 0.0235597 0.0277894 0.0319262 0.0355926 0.0385099 0.0404741 0.0411196 0.0400093 0.0367692 0.0311506 0.0232619 0.0136359 0.00357868 -0.00545644 -0.0120107 -0.0159942 -0.0186944 -0.0214985 -0.0256752 -0.0314073 -0.0383679 -0.0461383 -0.0543721 -0.06302 -0.0718316 -0.0800694 -0.0877781 -0.0960461 -0.104618 -0.111998 -0.117079 -0.119194 -0.118869 -0.11704 -0.114379 -0.111257 -0.107448 -0.102814 -0.0975522 -0.0917492 -0.0853246 -0.0782722 -0.0707098 -0.0632771
-0.0188795 -0.0184996 -0.0187639 -0.019222 -0.019485 -0.0192909 -0.0181591 -0.0155013 -0.0115293 -0.0068458 -0.00166875 0.00389678 0.00962252 0.0152419 0.0204701 0.0252326 0.0297936 0.0340705 0.0375794 0.0401188 0.0416873 0.0420427 0.040818 0.0376414 0.0321757 0.0242076 0.0141528 0.00375686 -0.00539147 -0.012242 -0.016747 -0.0198308 -0.022576 -0.026095 -0.0311355 -0.0380723 -0.0462999 -0.0551179 -0.0644051 -0.073836 -0.0824919 -0.0904883 -0.0993282 -0.109053 -0.118285 -0.125447 -0.129121 -0.129521 -0.127566 -0.124376 -0.120785 -0.116706 -0.112002 -0.106711 -0.100858 -0.0944232 -0.0872757 -0.0792509 -0.0706957
-0.0177805 -0.017463 -0.0174796 -0.0174582 -0.0172499 -0.0169723 -0.0162912 -0.0145318 -0.0115291 -0.00741306 -0.00231362 0.00355112 0.00962154 0.0154124 0.0208288 0.0259761 0.0311702 0.0361377 0.0399677 0.0423113 0.0432649 0.042891 0.0411785 0.0378452 0.0324534 0.0243439 0.0137649 0.00306204 -0.00605518 -0.0132488 -0.0185742 -0.022372 -0.025019 -0.0270638 -0.0302205 -0.036241 -0.0445802 -0.0541569 -0.0643109 -0.0743898 -0.0836236 -0.0921921 -0.101497 -0.11188 -0.122567 -0.131876 -0.137803 -0.139722 -0.137932 -0.134243 -0.13023 -0.125765 -0.120665 -0.115131 -0.109163 -0.102484 -0.0949548 -0.0865773 -0.0774663
-0.016756 -0.0161658 -0.0157989 -0.0154082 -0.0150174 -0.0149384 -0.0148853 -0.0140844 -0.0120437 -0.0084959 -0.00351752 0.0025808 0.00907909 0.0153389 0.0211717 0.0266822 0.0323183 0.0377909 0.0419948 0.044378 0.044879 0.043778 0.0414402 0.0377931 0.0324316 0.0243208 0.0134627 0.00243272 -0.00704483 -0.0150088 -0.0214383 -0.0261023 -0.0286637 -0.0290653 -0.0298257 -0.033983 -0.0415487 -0.0515161 -0.0624967 -0.0733416 -0.0835316 -0.0931703 -0.103075 -0.113788 -0.125415 -0.136536 -0.144899 -0.148817 -0.147595 -0.143694 -0.139455 -0.134704 -0.129197 -0.123306 -0.117059 -0.110033 -0.10212 -0.0934724 -0.0840519
-0.015953 -0.0146795 -0.0138575 -0.0132876 -0.0129585 -0.0130798 -0.013421 -0.0133604 -0.012167 -0.00917026 -0.00439891 0.00177864 0.00868945 0.0156479 0.022123 0.0279666 0.0336017 0.0389194 0.0431689 0.0457173 0.0461257 0.0446315 0.0417603 0.0377617 0.0324755 0.0246669 0.0140036 0.00264194 -0.00782484 -0.017123 -0.0248648 -0.0304367 -0.0331556 -0.0326746 -0.0314524 -0.0327998 -0.0380791 -0.0473902 -0.0587609 -0.0704724 -0.0820818 -0.093361 -0.104204 -0.11518 -0.127288 -0.139661 -0.150199 -0.156231 -0.155972 -0.152272 -0.148058 -0.143239 -0.137548 -0.13129 -0.124579 -0.117243 -0.109206 -0.100467 -0.0908922
-0.0158267 -0.0138112 -0.0123125 -0.0113314 -0.0108876 -0.0110272 -0.0115047 -0.0117987 -0.0110919 -0.008538 -0.00409544 0.00191742 0.00895361 0.0163614 0.0233702 0.0295556 0.0350872 0.0399663 0.0439266 0.0464175 0.046776 0.0451161 0.0419541 0.0378482 0.0329122 0.0257097 0.0155153 0.00390148 -0.00768874 -0.0184594 -0.0276296 -0.0343999 -0.0382064 -0.0387886 -0.0369589 -0.0344723 -0.0352484 -0.0421556 -0.052976 -0.0653621 -0.0785958 -0.091851 -0.103987 -0.115446 -0.127931 -0.141229 -0.153659 -0.161724 -0.162609 -0.159337 -0.15525 -0.150468 -0.144779 -0.138333 -0.131275 -0.123697 -0.115614 -0.106973 -0.0976018
-0.0162685 -0.0138316 -0.0115731 -0.00986405 -0.00892739 -0.00876159 -0.00907121 -0.0093028 -0.00867606 -0.0063996 -0.00236085 0.00324379 0.0100044 0.0173772 0.0246153 0.031134 0.0366718 0.0411382 0.0445735 0.0466481 0.0468184 0.045141 0.042034 0.0382072 0.0339075 0.027484 0.0178697 0.00618425 -0.00628204 -0.0184228 -0.0292114 -0.0377451 -0.0438504 -0.047548 -0.0466467 -0.039784 -0.0342083 -0.0367936 -0.0456453 -0.0579956 -0.0726 -0.0878748 -0.101668 -0.114102 -0.127225 -0.141395 -0.155457 -0.165344 -0.167419 -0.164698 -0.160757 -0.156019 -0.150432 -0.144021 -0.136887 -0.129203 -0.121117 -0.112719 -0.103851
-0.0162927 -0.014075 -0.0115575 -0.00929989 -0.0076881 -0.0068067 -0.00650351 -0.00640162 -0.00571499 -0.00356055 0.000159552 0.00524578 0.0114833 0.0185347 0.025767 0.0324988 0.0380589 0.0421822 0.0450374 0.0465569 0.0465145 0.0450039 0.0423323 0.0390725 0.0353701 0.0296223 0.0206781 0.00921261 -0.0038089 -0.0173496 -0.0302529 -0.041339 -0.0505531 -0.0579322 -0.0585127 -0.048032 -0.0361707 -0.0331085 -0.0381521 -0.0489721 -0.0640271 -0.0810645 -0.096906 -0.111059 -0.125394 -0.140606 -0.156067 -0.167501 -0.170823 -0.168839 -0.165112 -0.160408 -0.154908 -0.148578 -0.141518 -0.134011 -0.126201 -0.118093 -0.109544
-0.0150955 -0.0136763 -0.01156 -0.00920642 -0.00701593 -0.00521335 -0.00398469 -0.00340015 -0.00262911 -0.000516544 0.0029908 0.00760026 0.0132749 0.0198733 0.0268395 0.0334599 0.038882 0.0427135 0.0450862 0.0461055 0.045851 0.0445253 0.0423997 0.0397759 0.036586 0.0314733 0.0233773 0.0125027 -0.000704664 -0.0156655 -0.0311501 -0.0454063 -0.0581278 -0.0691167 -0.0715609 -0.0591643 -0.0421366 -0.0322277 -0.031177 -0.0384709 -0.0528245 -0.0714394 -0.0897905 -0.106401 -0.122593 -0.139151 -0.155868 -0.16857 -0.173095 -0.171937 -0.168477 -0.163813 -0.158387 -0.152157 -0.145273 -0.138142 -0.130781 -0.122905 -0.114411
-0.0122263 -0.0117533 -0.010386 -0.00835993 -0.00596978 -0.00348877 -0.00141313 -0.000293881 0.000619503 0.00262695 0.00589904 0.0102201 0.0155187 0.0216075 0.0279254 0.0338484 0.0387522 0.0422764 0.0443622 0.0450628 0.0445243 0.0430663 0.0410781 0.0388589 0.036321 0.0321662 0.0252528 0.0153573 0.00235755 -0.0138402 -0.0319454 -0.0494413 -0.0657417 -0.0805655 -0.0858848 -0.0737085 -0.0527169 -0.0345234 -0.0247779 -0.0264013 -0.0390628 -0.0594057 -0.0807675 -0.100311 -0.118838 -0.137088 -0.155072 -0.168819 -0.174286 -0.173783 -0.170568 -0.166003 -0.160748 -0.154785 -0.148217 -0.14136 -0.13418 -0.126386 -0.118014
-0.00850595 -0.00878222 -0.00804687 -0.00632582 -0.00380648 -0.000796424 0.00192752 0.00336945 0.00417519 0.00576877 0.00864755 0.0128518 0.0180072 0.0235932 0.0289762 0.0337098 0.0376819 0.04072 0.0425593 0.0430795 0.0423103 0.0405984 0.0384471 0.036344 0.0343691 0.0312327 0.0256086 0.0167365 0.00406313 -0.0127112 -0.0324991 -0.0529539 -0.0730665 -0.0917505 -0.100309 -0.0898014 -0.0663399 -0.0402072 -0.0208944 -0.0151685 -0.0245874 -0.0457607 -0.0697859 -0.0923309 -0.113546 -0.133877 -0.153278 -0.167938 -0.174023 -0.17392 -0.170963 -0.166679 -0.161833 -0.156367 -0.150243 -0.143535 -0.136263 -0.12842 -0.120241
-0.00546202 -0.00601875 -0.00530093 -0.00322934 -2.86091E-05 0.00376734 0.00700144 0.00823524 0.00822729 0.00883608 0.0110343 0.0151451 0.0202847 0.0254086 0.0297973 0.0331778 0.0359205 0.0381123 0.0394667 0.0398103 0.0390966 0.0375076 0.0353738 0.0332086 0.0312456 0.0285579 0.0238388 0.0155036 0.00290217 -0.0132056 -0.0326159 -0.0556104 -0.0801864 -0.10217 -0.112848 -0.104078 -0.0799861 -0.0490868 -0.0222235 -0.00847471 -0.0124006 -0.0318835 -0.0568894 -0.0818804 -0.105917 -0.128714 -0.149777 -0.165316 -0.17174 -0.171829 -0.169245 -0.165554 -0.161454 -0.156721 -0.151143 -0.144647 -0.137314 -0.12937 -0.121221
-0.00347804 -0.00359292 -0.00222108 0.000821743 0.00519857 0.00995702 0.0135328 0.0141643 0.0128584 0.0120363 0.0131895 0.0169317 0.0218633 0.0264196 0.0298334 0.0319537 0.0334303 0.0345863 0.0353021 0.0355007 0.0351409 0.0340581 0.0321334 0.029823 0.0274954 0.0245692 0.0198899 0.0115133 -0.000846806 -0.0150327 -0.0325388 -0.0580184 -0.0875525 -0.111556 -0.122207 -0.114287 -0.0908688 -0.0585634 -0.027318 -0.00687265 -0.00511764 -0.0216271 -0.0454946 -0.070775 -0.0966101 -0.121842 -0.144672 -0.161039 -0.167588 -0.167722 -0.165595 -0.162643 -0.159389 -0.155538 -0.150782 -0.144914 -0.137872 -0.129769 -0.121219
-0.00228317 -0.00110331 0.00141872 0.0057133 0.011393 0.0169974 0.0206753 0.0206126 0.0180094 0.0156296 0.0153942 0.018221 0.0224108 0.026093 0.0285391 0.0296616 0.030132 0.0303996 0.0305846 0.0307615 0.0309158 0.0304607 0.028741 0.0262744 0.0235781 0.0198442 0.0140237 0.00518487 -0.00620096 -0.0178726 -0.0335177 -0.0616859 -0.0956443 -0.11951 -0.127453 -0.118947 -0.0966581 -0.0653057 -0.0330056 -0.00918706 -0.00436328 -0.0188504 -0.0396794 -0.0616614 -0.0870609 -0.114151 -0.138563 -0.15557 -0.162055 -0.162134 -0.160477 -0.158181 -0.155567 -0.152628 -0.149121 -0.144558 -0.138377 -0.130108 -0.12066
