data_raster/melanesia/PNMC_current_2021/202102_North.grd
DSAA																																																																																																																																																																																																																																																																																																																																																																																																																											
412	268																																																																																																																																																																																																																																																																																																																																																																																																																										
156	174.5																																																																																																																																																																																																																																																																																																																																																																																																																										
-26.5	-14.5																																																																																																																																																																																																																																																																																																																																																																																																																										
-0.475827	0.379428																																																																																																																																																																																																																																																																																																																																																																																																																										
[rows 208 to 233 of 268, columns 118 to 176 of 412]
0.210803 0.211733 0.208815 0.201898 0.189919 0.172131 0.154456 0.144036 0.140426 0.140858 0.142059 0.141546 0.138535 0.132883 0.125051 0.115971 0.106849 0.0978427 0.0885485 0.0788991 0.0689063 0.0583624 0.0470744 0.0350274 0.0220714 0.00779583 -0.00765954 -0.023514 -0.0393161 -0.0549223 -0.0703954 -0.0858027 -0.100657 -0.114316 -0.126256 -0.136154 -0.144081 -0.150203 -0.154735 -0.157819 -0.159504 -0.159753 -0.158537 -0.156365 -0.15388 -0.151127 -0.147868 -0.143548 -0.13799 -0.131906 -0.125352 -0.117353 -0.107214 -0.0946046 -0.0794964 -0.0621071 -0.0431003 -0.0232451 -0.00296465
0.207381 0.206753 0.202429 0.194141 0.182315 0.168301 0.156875 0.15266 0.152854 0.153385 0.152583 0.149499 0.143741 0.135582 0.126054 0.116077 0.106357 0.0968581 0.0871692 0.0772708 0.067206 0.0566587 0.045306 0.033037 0.0196323 0.00465265 -0.0116515 -0.0282406 -0.0445281 -0.0603541 -0.0759034 -0.0913933 -0.10625 -0.119697 -0.131205 -0.140549 -0.14807 -0.15407 -0.158665 -0.16185 -0.16351 -0.163494 -0.161736 -0.158985 -0.156211 -0.153594 -0.150846 -0.146969 -0.141621 -0.136071 -0.130699 -0.124382 -0.115858 -0.103918 -0.088345 -0.0696428 -0.0490065 -0.027739 -0.00637745
0.202252 0.20004 0.194786 0.18666 0.177133 0.168515 0.163083 0.162178 0.162985 0.162302 0.159208 0.153401 0.144988 0.134673 0.12384 0.113251 0.103068 0.0931921 0.0834047 0.0736008 0.0636624 0.0532407 0.0419498 0.0294581 0.0154887 -0.000136374 -0.0170022 -0.034047 -0.0505925 -0.0663475 -0.0815521 -0.0965577 -0.110816 -0.123545 -0.134232 -0.142753 -0.149731 -0.155587 -0.16026 -0.163563 -0.165224 -0.164966 -0.162669 -0.159401 -0.156534 -0.154204 -0.151918 -0.14842 -0.143267 -0.137985 -0.133318 -0.128566 -0.122236 -0.112289 -0.0976854 -0.0783241 -0.0561121 -0.033417 -0.010979
0.19608 0.192713 0.187345 0.181112 0.175452 0.17179 0.170167 0.169836 0.169199 0.166662 0.161324 0.152931 0.142232 0.130353 0.118705 0.10779 0.0973245 0.0872539 0.0776223 0.0681617 0.0584917 0.0482658 0.037075 0.0243296 0.00974042 -0.0064108 -0.023526 -0.0407179 -0.0572608 -0.0726505 -0.0871271 -0.101156 -0.114309 -0.125912 -0.135534 -0.143159 -0.149605 -0.155312 -0.15997 -0.163209 -0.164671 -0.163997 -0.161035 -0.157215 -0.154338 -0.152403 -0.15066 -0.147737 -0.143052 -0.137881 -0.133241 -0.129409 -0.125209 -0.118184 -0.106087 -0.087402 -0.0644762 -0.0407365 -0.0172795
0.190052 0.186553 0.182099 0.178405 0.176216 0.175481 0.17517 0.173966 0.171194 0.166303 0.158604 0.148043 0.135824 0.123216 0.111336 0.10044 0.090081 0.0801777 0.0708161 0.061685 0.052324 0.0422957 0.0311005 0.0180706 0.00298136 -0.0135827 -0.03085 -0.0479328 -0.0640774 -0.0787314 -0.0921629 -0.104916 -0.11669 -0.126978 -0.135564 -0.142559 -0.148659 -0.154152 -0.158572 -0.161415 -0.162223 -0.160698 -0.156869 -0.152369 -0.149203 -0.147492 -0.146495 -0.144592 -0.140813 -0.135887 -0.130929 -0.12722 -0.124344 -0.120198 -0.111577 -0.0953598 -0.0734648 -0.0495013 -0.0252598
0.185072 0.182498 0.179666 0.178184 0.177986 0.177906 0.176886 0.174045 0.169039 0.161681 0.151804 0.139763 0.126893 0.11432 0.102725 0.0921548 0.0821624 0.0726035 0.0634794 0.0545282 0.0453472 0.035382 0.0240391 0.0107283 -0.00466085 -0.0214157 -0.0386262 -0.0552674 -0.070618 -0.0842784 -0.0965592 -0.108004 -0.11841 -0.127426 -0.135097 -0.141634 -0.147418 -0.15249 -0.156319 -0.158341 -0.158034 -0.155298 -0.150498 -0.145265 -0.141515 -0.139663 -0.139241 -0.13847 -0.135964 -0.131696 -0.126575 -0.122502 -0.119999 -0.118017 -0.112996 -0.100579 -0.0814999 -0.058556 -0.0342307
0.181711 0.180705 0.179512 0.179157 0.179172 0.178183 0.175399 0.170381 0.163109 0.153714 0.142419 0.129789 0.117003 0.104933 0.0939499 0.0838841 0.0741749 0.0647293 0.0556707 0.046709 0.0373815 0.0271794 0.0155788 0.00205173 -0.0134157 -0.0299564 -0.0465857 -0.0623117 -0.0765771 -0.089216 -0.100519 -0.110907 -0.120221 -0.128215 -0.13504 -0.140922 -0.146051 -0.150301 -0.153069 -0.153802 -0.152086 -0.148068 -0.142397 -0.136545 -0.132142 -0.129706 -0.129046 -0.128831 -0.127697 -0.124702 -0.120123 -0.115808 -0.113035 -0.112129 -0.109896 -0.101552 -0.086495 -0.0661387 -0.0430173
0.179648 0.180086 0.179958 0.179604 0.178547 0.17583 0.17095 0.163717 0.154464 0.143649 0.131678 0.119116 0.106833 0.0954349 0.0851096 0.0754996 0.0658726 0.0562607 0.0470317 0.0378014 0.0279658 0.0172135 0.00525065 -0.00835488 -0.0235422 -0.0393716 -0.0549088 -0.0693545 -0.0823766 -0.0940207 -0.1045 -0.114043 -0.122489 -0.12964 -0.135611 -0.140559 -0.144572 -0.147459 -0.148631 -0.147657 -0.144348 -0.139056 -0.132572 -0.126182 -0.121204 -0.117981 -0.116421 -0.116009 -0.115842 -0.11442 -0.111227 -0.107221 -0.103974 -0.103179 -0.102633 -0.0980328 -0.0875677 -0.0709943 -0.0502751
0.178061 0.179035 0.178968 0.177802 0.175182 0.170592 0.163816 0.154875 0.144294 0.132684 0.120504 0.108246 0.0965155 0.0856851 0.0757828 0.0663475 0.0565998 0.0466556 0.0370112 0.0272127 0.0165873 0.00506807 -0.00733763 -0.0208181 -0.0352429 -0.0498852 -0.064026 -0.0770518 -0.0887954 -0.0994276 -0.109067 -0.117759 -0.125324 -0.131574 -0.136557 -0.140314 -0.142757 -0.143683 -0.142749 -0.139775 -0.134791 -0.12823 -0.120863 -0.113886 -0.108457 -0.104563 -0.101951 -0.100738 -0.100672 -0.100599 -0.0994541 -0.0965459 -0.0931148 -0.0918654 -0.0919862 -0.0904538 -0.0845176 -0.0722513 -0.0547432
0.175796 0.176356 0.175495 0.173015 0.168717 0.162424 0.154147 0.144067 0.132798 0.12097 0.108912 0.0969716 0.0856256 0.0751129 0.0653299 0.0557765 0.045715 0.0353068 0.0250861 0.0145858 0.00314973 -0.00907468 -0.0218105 -0.0349647 -0.0483789 -0.061728 -0.0745351 -0.0862008 -0.0966371 -0.10613 -0.114697 -0.122202 -0.128483 -0.133405 -0.136956 -0.139076 -0.139532 -0.138157 -0.13493 -0.129946 -0.123415 -0.115719 -0.107429 -0.099704 -0.0936953 -0.0891683 -0.0857032 -0.0836271 -0.0831442 -0.0838867 -0.0846603 -0.0833585 -0.0804798 -0.0788135 -0.0789164 -0.0795875 -0.0776081 -0.0697052 -0.0559888
0.171682 0.17111 0.16893 0.164925 0.159058 0.151407 0.142095 0.131358 0.119884 0.108283 0.0965759 0.0848717 0.0736443 0.0631233 0.0531553 0.0432426 0.0326975 0.0217167 0.0108632 -0.000282557 -0.0123057 -0.0249209 -0.0376914 -0.0503525 -0.0627849 -0.0750562 -0.0868175 -0.0972661 -0.106318 -0.114413 -0.121473 -0.127189 -0.131489 -0.134377 -0.135815 -0.135708 -0.133846 -0.130153 -0.12479 -0.118033 -0.110244 -0.101652 -0.0924987 -0.0838601 -0.0769423 -0.0716611 -0.0676815 -0.0651224 -0.0641967 -0.0651025 -0.0669269 -0.0673312 -0.0659784 -0.0644814 -0.0643212 -0.0662867 -0.0673249 -0.0634921 -0.0539458
0.164847 0.162759 0.159051 0.153558 0.146389 0.137816 0.127952 0.11696 0.105541 0.0942794 0.0829879 0.0715635 0.0603301 0.0494953 0.0390363 0.0285515 0.0174065 0.00581448 -0.0056545 -0.0173408 -0.0297268 -0.0424436 -0.0549865 -0.0670539 -0.0785691 -0.089767 -0.100357 -0.109459 -0.116944 -0.123239 -0.128249 -0.131654 -0.133465 -0.133783 -0.132613 -0.129923 -0.125645 -0.119797 -0.112548 -0.104238 -0.0953485 -0.0860034 -0.0761884 -0.0667937 -0.0589395 -0.0527845 -0.0482244 -0.0452558 -0.0439821 -0.0446671 -0.0467803 -0.0487043 -0.0494465 -0.0488444 -0.0486914 -0.0513154 -0.054404 -0.0541701 -0.048884
0.15477 0.151095 0.145942 0.139208 0.131114 0.12204 0.112023 0.101074 0.0897798 0.0786674 0.0676175 0.0564487 0.045087 0.0336318 0.0223627 0.0110871 -0.000735241 -0.0129015 -0.0248885 -0.0369398 -0.0494064 -0.0618728 -0.0738371 -0.0850704 -0.0955017 -0.105244 -0.114066 -0.121354 -0.126926 -0.130941 -0.133374 -0.134122 -0.133213 -0.130729 -0.126779 -0.121478 -0.114938 -0.107237 -0.0984157 -0.0887769 -0.0788644 -0.0688313 -0.0586303 -0.0488558 -0.0402984 -0.0332263 -0.0277796 -0.0241982 -0.0226257 -0.0229638 -0.0249357 -0.0280214 -0.0309096 -0.0318563 -0.0323597 -0.0353646 -0.0396576 -0.0423715 -0.04107
0.141551 0.136458 0.130165 0.1226 0.113968 0.104615 0.0945679 0.0837918 0.0725987 0.0613055 0.049956 0.0384339 0.0264215 0.0139544 0.00152439 -0.0108209 -0.0233977 -0.0360296 -0.0483228 -0.0603767 -0.0723453 -0.0838325 -0.094419 -0.103982 -0.112466 -0.119849 -0.126007 -0.130704 -0.133761 -0.135071 -0.134667 -0.132644 -0.129039 -0.123903 -0.11743 -0.109856 -0.101434 -0.0922825 -0.0823228 -0.0717525 -0.0610546 -0.0504628 -0.040054 -0.0301164 -0.021034 -0.0131673 -0.00688589 -0.00261045 -0.000552233 -0.000476443 -0.00231469 -0.00622714 -0.0108425 -0.0136462 -0.0154979 -0.0190011 -0.0239457 -0.0286983 -0.0306158
0.125492 0.11926 0.112156 0.104088 0.095129 0.0854526 0.0751662 0.0643322 0.0529476 0.0410317 0.0287207 0.0160501 0.00283097 -0.0108298 -0.0244298 -0.0377394 -0.0507723 -0.0633797 -0.07534 -0.0866037 -0.0971235 -0.106591 -0.114731 -0.121526 -0.126976 -0.131046 -0.13375 -0.135157 -0.135169 -0.133579 -0.130414 -0.12581 -0.119839 -0.112584 -0.104238 -0.0950529 -0.0853603 -0.0753077 -0.0647553 -0.0537711 -0.0426623 -0.0317242 -0.0212096 -0.0111708 -0.0016576 0.00683068 0.0137306 0.0187098 0.0215424 0.0221264 0.020302 0.0158806 0.0101204 0.0054115 0.00168541 -0.00255689 -0.00781159 -0.0136966 -0.0178843
0.107035 0.0998899 0.0920405 0.0833866 0.0738804 0.0635314 0.0524422 0.0407242 0.0283472 0.0152846 0.00163484 -0.0124671 -0.0268567 -0.0412324 -0.0551321 -0.0682782 -0.0805607 -0.0918441 -0.101988 -0.110943 -0.118657 -0.124932 -0.129636 -0.132897 -0.134795 -0.135265 -0.134397 -0.132459 -0.129464 -0.125237 -0.119773 -0.113165 -0.105546 -0.0970526 -0.0877805 -0.0779021 -0.0677833 -0.0575743 -0.0470602 -0.0361825 -0.0250897 -0.0140951 -0.00356297 0.00658919 0.0165023 0.0255709 0.0331065 0.0388791 0.0426432 0.0439393 0.0423857 0.0378017 0.0312091 0.024631 0.0189069 0.0139556 0.00866818 0.00216071 -0.00363419
0.0860859 0.0780987 0.0693441 0.0597701 0.0493124 0.0379163 0.0255986 0.0124361 -0.00136429 -0.015616 -0.0302956 -0.0452252 -0.0598766 -0.0737608 -0.0864994 -0.0978912 -0.107877 -0.116336 -0.123144 -0.128422 -0.13231 -0.134671 -0.135455 -0.135029 -0.133585 -0.130924 -0.12709 -0.122437 -0.117066 -0.110871 -0.103842 -0.0960435 -0.0876647 -0.0788747 -0.0696159 -0.0599199 -0.050135 -0.0403873 -0.0304001 -0.0200185 -0.00926832 0.00156264 0.0120746 0.0223791 0.0326689 0.0423527 0.0507214 0.0574499 0.0621919 0.0644028 0.0635368 0.059137 0.0519142 0.0436573 0.0361049 0.0305157 0.0252564 0.0183275 0.0113847
0.0621355 0.0531632 0.0432049 0.0323562 0.0206575 0.00811656 -0.00523386 -0.0192966 -0.0337332 -0.0482111 -0.0626096 -0.0766434 -0.0896466 -0.10117 -0.111096 -0.119332 -0.12579 -0.130406 -0.133185 -0.134467 -0.134586 -0.133316 -0.130599 -0.127167 -0.123388 -0.118805 -0.113292 -0.107187 -0.100587 -0.0934026 -0.0856782 -0.0775469 -0.0692125 -0.0608131 -0.0521704 -0.0431823 -0.0340808 -0.0249581 -0.0156201 -0.00586793 0.00444814 0.0150923 0.0256241 0.0361015 0.0467033 0.0570419 0.0665172 0.0744096 0.0801199 0.0833377 0.0834729 0.0795686 0.0720028 0.0624853 0.05343 0.0470661 0.0415401 0.0342194 0.0265056
0.0364118 0.0263522 0.0151623 0.00313227 -0.00956456 -0.0228284 -0.036487 -0.0503155 -0.0639975 -0.0772087 -0.089676 -0.101038 -0.110756 -0.11859 -0.124704 -0.129109 -0.131674 -0.132439 -0.131588 -0.12962 -0.126957 -0.123247 -0.118367 -0.113294 -0.108503 -0.103331 -0.0974725 -0.0911529 -0.084406 -0.0771196 -0.0694033 -0.0614751 -0.0534974 -0.0455449 -0.0374508 -0.0290755 -0.0204647 -0.011677 -0.00274321 0.00650267 0.0163921 0.0267864 0.0372679 0.0478598 0.0587318 0.0697472 0.0804454 0.0896478 0.0964467 0.100766 0.102015 0.0988271 0.0912985 0.0810418 0.0708371 0.0635073 0.0573836 0.04976 0.0415973
0.0112036 0.00020165 -0.0117168 -0.0241307 -0.0368482 -0.049799 -0.062642 -0.0749462 -0.0864097 -0.0967878 -0.105897 -0.113535 -0.119451 -0.123572 -0.126052 -0.127004 -0.126496 -0.124669 -0.121753 -0.118231 -0.114504 -0.11024 -0.105273 -0.100335 -0.0957597 -0.0909696 -0.085633 -0.0797996 -0.073454 -0.0665306 -0.0591164 -0.051365 -0.0433508 -0.0351219 -0.0267314 -0.0181776 -0.00933355 -0.000233042 0.00883164 0.0179041 0.0273719 0.0372736 0.0474312 0.0579752 0.0691214 0.0807838 0.0925154 0.103028 0.111241 0.116827 0.119081 0.116708 0.109645 0.0991607 0.088112 0.0796983 0.0728258 0.0651629 0.056824
-0.0122464 -0.0235612 -0.0352972 -0.0470284 -0.0586207 -0.0700766 -0.0809724 -0.0907532 -0.0991151 -0.105905 -0.111202 -0.1151 -0.11764 -0.118848 -0.118757 -0.117582 -0.11568 -0.113213 -0.110264 -0.107159 -0.10417 -0.100985 -0.0973501 -0.0935466 -0.0896681 -0.0853521 -0.0803589 -0.0746459 -0.0682457 -0.0612371 -0.0536599 -0.0455271 -0.0368154 -0.0275674 -0.0181012 -0.00863062 0.00100599 0.010771 0.0202545 0.029367 0.0383829 0.0475713 0.0571902 0.0675355 0.0788352 0.0908967 0.103231 0.114821 0.124598 0.131603 0.134834 0.133263 0.126803 0.116403 0.104821 0.095392 0.0877576 0.0802012 0.0718373
-0.0329291 -0.0434692 -0.0538846 -0.0638707 -0.0733294 -0.0822527 -0.0903051 -0.0970502 -0.102243 -0.105825 -0.108122 -0.109444 -0.109939 -0.109709 -0.108831 -0.107599 -0.10646 -0.10543 -0.104321 -0.10324 -0.102264 -0.100891 -0.0986819 -0.0957328 -0.0920516 -0.0873544 -0.081506 -0.0745845 -0.0668069 -0.0584642 -0.0496185 -0.0402087 -0.0301619 -0.0195059 -0.00864003 0.00208936 0.0126448 0.0229336 0.0327159 0.0418563 0.0503754 0.0587624 0.0677809 0.077808 0.0889557 0.100939 0.11332 0.125557 0.136734 0.145211 0.149529 0.148648 0.14255 0.132281 0.120473 0.110305 0.102019 0.0944986 0.0861069
-0.0485995 -0.0574632 -0.0657826 -0.073307 -0.0799761 -0.0858268 -0.0906876 -0.0943474 -0.0968264 -0.0983378 -0.0994627 -0.100582 -0.101569 -0.102372 -0.103103 -0.103935 -0.105043 -0.106238 -0.107165 -0.107782 -0.108033 -0.107312 -0.105134 -0.101673 -0.0970179 -0.0909399 -0.0834005 -0.074625 -0.0649743 -0.0548625 -0.0443383 -0.0332817 -0.0217068 -0.00972036 0.00240719 0.0143545 0.0257682 0.0364445 0.0464099 0.0555584 0.0636886 0.0714009 0.0797767 0.089236 0.0998291 0.111342 0.123505 0.136124 0.148369 0.158076 0.163349 0.162946 0.156935 0.146676 0.134772 0.124216 0.11554 0.107947 0.0993732
-0.0569441 -0.0635785 -0.069477 -0.0743103 -0.0781455 -0.0812657 -0.0836099 -0.0850872 -0.0861571 -0.0874818 -0.0898552 -0.0935539 -0.0978305 -0.102172 -0.106506 -0.11062 -0.11416 -0.11682 -0.118355 -0.118708 -0.117823 -0.115359 -0.111115 -0.105426 -0.0985364 -0.0903934 -0.0810468 -0.0707037 -0.0596685 -0.0482701 -0.0364402 -0.0239787 -0.0111176 0.00183604 0.0148368 0.0277084 0.0398453 0.0509105 0.0610621 0.0702505 0.0782294 0.0855459 0.093241 0.101813 0.111475 0.122323 0.134345 0.147299 0.1602 0.170638 0.176475 0.176263 0.170117 0.159655 0.147605 0.136979 0.128241 0.120479 0.111464
-0.0566167 -0.0607252 -0.0640522 -0.0665774 -0.0687503 -0.0712257 -0.0739279 -0.0766109 -0.0797048 -0.083791 -0.0893305 -0.096282 -0.103694 -0.110814 -0.117274 -0.122692 -0.126677 -0.12904 -0.129712 -0.128587 -0.125577 -0.120737 -0.114219 -0.106348 -0.0973944 -0.0874908 -0.0767501 -0.0652822 -0.0532335 -0.0407551 -0.0277903 -0.0142365 -0.000338792 0.0136 0.0274972 0.0411402 0.0539093 0.0654469 0.0758767 0.0851671 0.0931316 0.100214 0.107273 0.114905 0.123587 0.133836 0.145905 0.159188 0.172382 0.183097 0.189137 0.188848 0.182358 0.171517 0.159234 0.148625 0.139924 0.131899 0.122226
-0.0490108 -0.0511565 -0.0526781 -0.0543107 -0.057002 -0.061665 -0.0680556 -0.075516 -0.0837934 -0.0926742 -0.101725 -0.110509 -0.11865 -0.125674 -0.130997 -0.134488 -0.136402 -0.136856 -0.135839 -0.133099 -0.128419 -0.122087 -0.114438 -0.105586 -0.0956538 -0.0848292 -0.0732456 -0.0609631 -0.0480093 -0.0344043 -0.020299 -0.00586931 0.00895056 0.0241666 0.0392776 0.0537416 0.0671824 0.0793653 0.0902353 0.0997117 0.107708 0.114614 0.12115 0.128014 0.135927 0.145794 0.158074 0.171649 0.184844 0.195472 0.201405 0.200781 0.193767 0.182479 0.169953 0.159299 0.150509 0.142065 0.131543
