data_raster/melanesia/PNMC_current_2021/202101_North.grd
DSAA																																																																																																																																																																																																																																																																																																																																																																																																																											
412	268																																																																																																																																																																																																																																																																																																																																																																																																																										
156	174.5																																																																																																																																																																																																																																																																																																																																																																																																																										
-26.5	-14.5																																																																																																																																																																																																																																																																																																																																																																																																																										
-0.500976	0.423028																																																																																																																																																																																																																																																																																																																																																																																																																										
[rows 216 to 242 of 268, columns 240 to 299 of 412]
-0.0630009 -0.0746736 -0.0844632 -0.0900492 -0.090354 -0.0858477 -0.0782489 -0.0698808 -0.0610418 -0.0509616 -0.0384846 -0.0221273 0.000262835 0.0292416 0.0616292 0.0920295 0.112759 0.12013 0.114707 0.0997108 0.0796651 0.0568349 0.0332232 0.0141367 0.00143254 -0.0156616 -0.0396916 -0.0534801 -0.0502421 -0.0391514 -0.026181 0 0 0.0152717 0.0126267 0 0 0 -0.104072 -0.113056 -0.122175 -0.133155 -0.144826 -0.156643 -0.168669 -0.180892 -0.193085 -0.204107 -0.212797 -0.219042 -0.222937 -0.224522 -0.223938 -0.221492 -0.217534 -0.212464 -0.207042 -0.202113 -0.197288 -0.19164
-0.0558113 -0.0677138 -0.0778454 -0.0835406 -0.0836179 -0.0787185 -0.0707998 -0.0624698 -0.0543621 -0.0459548 -0.0357754 -0.0218618 -0.00164153 0.0258056 0.0575511 0.0875099 0.106088 0.10982 0.101532 0.0854401 0.0660422 0.0445449 0.0216475 0.00223566 -0.0119152 -0.0313817 -0.0563018 -0.0631409 -0.0449752 -0.0193976 0 0 0 0 0 -0.0165203 -0.0596702 -0.0828759 -0.0946685 -0.10493 -0.115564 -0.126969 -0.138734 -0.150736 -0.163087 -0.175632 -0.187932 -0.198762 -0.207019 -0.212979 -0.217055 -0.21927 -0.21966 -0.218365 -0.215613 -0.211762 -0.207739 -0.204604 -0.201392 -0.196393
-0.0465709 -0.0584513 -0.0687345 -0.0745759 -0.0747497 -0.0699981 -0.0624731 -0.0550156 -0.0482935 -0.041752 -0.0340389 -0.0232189 -0.0062817 0.0184478 0.0492171 0.0785815 0.0922529 0.0897021 0.0832394 0.0739552 0.056434 0.0336122 0.0113535 -0.00790639 -0.024971 -0.047116 -0.0704889 -0.068449 -0.0377428 -0.0076518 0 0 0 0 0.0267741 -0.00758924 -0.0533829 -0.0740838 -0.0833924 -0.0946699 -0.107059 -0.119432 -0.131945 -0.144709 -0.1577 -0.170544 -0.182613 -0.19291 -0.200661 -0.206329 -0.210471 -0.213218 -0.214549 -0.214316 -0.212772 -0.210598 -0.208437 -0.206681 -0.204058 -0.198831
-0.0351438 -0.0459437 -0.0557562 -0.0618996 -0.0631148 -0.059885 -0.0540097 -0.047972 -0.042533 -0.0374469 -0.0316533 -0.0239464 -0.0134712 0.00290604 0.0329981 0.0688878 0.0808415 0.070223 0.0672417 0.0691412 0.0546736 0.0299023 0.00949981 -0.00732046 -0.0256325 -0.0501422 -0.0734852 -0.0662479 -0.0292429 -0.00348484 0 0 0.00345976 0.0227383 0.0278201 -0.00708381 -0.048284 -0.0650478 -0.0725749 -0.0842661 -0.0979907 -0.111705 -0.125231 -0.138666 -0.152166 -0.165227 -0.177012 -0.186802 -0.194175 -0.199634 -0.203749 -0.206781 -0.208736 -0.209323 -0.208922 -0.208554 -0.208162 -0.20689 -0.203715 -0.197768
-0.0227801 -0.0310896 -0.0395156 -0.0459398 -0.049064 -0.048666 -0.0456074 -0.0414456 -0.037295 -0.0336948 -0.0293893 -0.0239459 -0.0214339 -0.0175995 0.0108827 0.0580101 0.0747556 0.0601962 0.0589661 0.0676748 0.0558797 0.0327847 0.0191241 0.00881565 -0.00888372 -0.0361152 -0.0621643 -0.0557144 -0.0200843 -0.00320389 0 0 0.0439532 0.0416285 0.0134288 -0.0204118 -0.0456995 -0.0563999 -0.0635529 -0.0751974 -0.089607 -0.104664 -0.118989 -0.132563 -0.146245 -0.159518 -0.171235 -0.180804 -0.188025 -0.193391 -0.197437 -0.200448 -0.202554 -0.203732 -0.204455 -0.205585 -0.20619 -0.204288 -0.199679 -0.192971
-0.0138395 -0.019193 -0.0255512 -0.0314768 -0.0356575 -0.0371338 -0.0364327 -0.0351232 -0.0345537 -0.035233 -0.0339894 -0.0288312 -0.0254049 -0.0225748 -0.00185463 0 0 0.0592658 0.0563654 0.0510568 0.0365083 0.0254383 0.0314349 0.033279 0.0110931 -0.0225448 -0.047452 -0.0409267 -0.0109234 -0.00198073 0 0.0334211 0.0758444 0.0532287 -0.0022222 -0.0335385 -0.0438024 -0.0483122 -0.0550449 -0.0673255 -0.0825365 -0.0981737 -0.112652 -0.126223 -0.140292 -0.154117 -0.166025 -0.175503 -0.182591 -0.187853 -0.191805 -0.194591 -0.196567 -0.198478 -0.200562 -0.20242 -0.202591 -0.199228 -0.193079 -0.185843
-0.0100504 -0.0128523 -0.0171796 -0.0220246 -0.0260025 -0.0276322 -0.0280656 -0.0301695 -0.0351427 -0.0421805 -0.0444954 -0.036468 -0.0225176 -0.00896884 0 0 0 0.0584518 0.0521139 0.0190815 0 0 0.0382442 0 0.0231257 -0.0175992 -0.0353046 -0.0262242 -0.00418972 0.000974681 0.00141271 0.038934 0.0765988 0.0473618 0 -0.0380294 -0.0411894 -0.0413547 -0.0470761 -0.0605716 -0.0766136 -0.0918489 -0.105992 -0.119848 -0.134667 -0.149266 -0.161483 -0.170886 -0.177763 -0.182844 -0.18672 -0.189448 -0.1916 -0.194573 -0.197946 -0.199417 -0.197705 -0.192523 -0.185277 -0.177829
-0.00874571 -0.00989007 -0.0134878 -0.0182994 -0.0225714 -0.0244328 -0.0255453 -0.029759 -0.0377795 -0.0472231 -0.0478866 -0.0327265 -0.0131393 -0.00146138 0 0 0 0 0 0 0 0 0 0 0.0247831 -0.011669 -0.0217218 -0.0150691 -0.00443293 0.000676043 0.00762116 0.0339804 0 0.0263515 0 -0.037356 -0.0376325 -0.036641 -0.0419458 -0.0551955 -0.0706403 -0.0851536 -0.0994556 -0.114189 -0.129597 -0.144373 -0.156664 -0.166047 -0.172763 -0.17765 -0.181563 -0.185098 -0.188771 -0.192966 -0.196397 -0.196244 -0.192115 -0.185394 -0.177608 -0.170095
-0.00861561 -0.00900751 -0.0130235 -0.018652 -0.0236633 -0.0261178 -0.0275526 -0.0316268 -0.0387587 -0.0458109 -0.0396793 -0.0140075 0.00523377 0.00185085 0 0 0 0 0 0 0 0 0 0.0492598 0.0280328 0.00199178 -0.00350669 -0.00368152 -0.00541911 0.00038399 0.0136546 0.0252089 0 0.000120671 -0.0262077 -0.0338462 -0.031668 -0.0323403 -0.0386002 -0.0500465 -0.0636691 -0.0779236 -0.0931957 -0.109112 -0.124638 -0.13889 -0.151103 -0.16071 -0.167527 -0.172484 -0.176847 -0.182063 -0.188195 -0.193157 -0.195043 -0.192487 -0.186305 -0.178697 -0.170823 -0.163266
-0.00998893 -0.0101002 -0.0141593 -0.0195159 -0.0239243 -0.026059 -0.0268395 -0.0286487 -0.0327561 -0.0370389 -0.0249138 0.0114559 0.0363958 0 0 0 0 0 0 0 0 0 0.0428922 0.0776491 0.0555076 0.0247925 0.0198776 0.0170713 0.00789712 0.0105366 0.022151 0.0218523 0.0064025 -0.0158061 -0.0305437 -0.0275015 -0.0208731 -0.0240735 -0.0327281 -0.0427224 -0.0551857 -0.0703882 -0.0870112 -0.103593 -0.118772 -0.132446 -0.144945 -0.155314 -0.162737 -0.168463 -0.174137 -0.181216 -0.188935 -0.193264 -0.192517 -0.187771 -0.180629 -0.172838 -0.165051 -0.157424
-0.0123249 -0.0122462 -0.0156153 -0.0201524 -0.0238937 -0.0255711 -0.0249973 -0.0229967 -0.0224269 -0.023614 -0.00895191 0.0310885 0.0610754 0 0 0 0 0 0 0 0 0 0.0689812 0.123574 0.0917274 0.0448761 0.0356269 0.0334996 0 0 0 0 0 0 -0.0243044 -0.0153811 -0.00746824 -0.0129727 -0.0234915 -0.0331504 -0.0459383 -0.0628901 -0.080623 -0.0971652 -0.111968 -0.125632 -0.138939 -0.150426 -0.158766 -0.16585 -0.173561 -0.1821 -0.189714 -0.192161 -0.188732 -0.182497 -0.175233 -0.167633 -0.159978 -0.152381
-0.0144761 -0.0139345 -0.0162209 -0.0211685 -0.0268115 -0.0294999 -0.0274253 -0.020688 -0.013524 -0.00918804 0.00426332 0.0334006 0.051494 0 0 0 0 0 0 0 0 0.0197146 0.0904169 0.138685 0.0997041 0.0440737 0 0 0 0 0 0 0 0 -0.00022605 0.00560558 0.00379482 -0.00333555 -0.0125573 -0.0229037 -0.0374008 -0.0557891 -0.0737621 -0.0898357 -0.104883 -0.119566 -0.13405 -0.146528 -0.155673 -0.164255 -0.174193 -0.183369 -0.189202 -0.189392 -0.184416 -0.17748 -0.170117 -0.16259 -0.155108 -0.147841
-0.0155634 -0.0136869 -0.0137935 -0.0183027 -0.0250575 -0.0271679 -0.0212852 -0.00766961 0.00639733 0.0133093 0.0210793 0.0349749 0.0351078 0 0 0 0 0 0 0.0339893 0.0407831 0.0549711 0.101799 0.124595 0.0790798 0 0 0 0 0 0 0 -0.00382694 0.0121684 0.0283456 0.0249651 0.0132276 0.00563999 -0.00187616 -0.0136936 -0.0301082 -0.0490781 -0.0665666 -0.0821569 -0.0980988 -0.114435 -0.12994 -0.142976 -0.15289 -0.162976 -0.174779 -0.183855 -0.187194 -0.185314 -0.179739 -0.172649 -0.165205 -0.15781 -0.150708 -0.144001
-0.0147344 -0.0101932 -0.00636868 -0.00695068 -0.00979105 -0.00659194 0.00690874 0.0301492 0.0490014 0.048852 0.046113 0.0549002 0.049608 0 0 0 0 0.0211926 0.0411393 0.054813 0.0619987 0.0757666 0.103766 0.103212 0.047333 -0.00313573 0 0 0 0 0 0 0.0544071 0.0583654 0.0420511 0.0297548 0.0224899 0.015864 0.00659723 -0.00698713 -0.0240899 -0.0425896 -0.059357 -0.0748702 -0.0920334 -0.109873 -0.125703 -0.138812 -0.149791 -0.161399 -0.174203 -0.182684 -0.183978 -0.180571 -0.174656 -0.167619 -0.160386 -0.153522 -0.147123 -0.141001
-0.0106442 -0.00285778 0.00471974 0.00829161 0.00951942 0.0159402 0.0331667 0.0623715 0.0817033 0.0684825 0.0528757 0.0621577 0 0 0 0 0.0190352 0.0538159 0.0705928 0.0710892 0.073629 0.0841018 0.097219 0.0822371 0.0258815 -0.0139267 -0.00531356 0.00999036 0.00653632 0 0 0.0409831 0.0956775 0.0821989 0.0382067 0.0253388 0.0284133 0.0231511 0.011409 -0.00283257 -0.0190477 -0.0361982 -0.0524337 -0.0684421 -0.0864893 -0.104914 -0.120617 -0.134069 -0.146839 -0.159998 -0.17269 -0.179942 -0.179734 -0.175404 -0.169345 -0.162483 -0.155575 -0.149228 -0.143376 -0.137616
-0.00279706 0.00779651 0.0170438 0.0215262 0.0219182 0.0235343 0.0344772 0.0607283 0 0 0 0 0 0 0 0.0327463 0.0650278 0.0748324 0.0776344 0.0807786 0.0850095 0.0881185 0.0853426 0.0659763 0.028936 0.00573241 0.0112588 0.0179311 0.0113782 0.000659992 0 0.0334031 0.0640576 0.04893 0.0188498 0.0183082 0.0279376 0.0239284 0.0122156 -0.000537612 -0.0144998 -0.0298442 -0.0460173 -0.063018 -0.081117 -0.0988774 -0.11451 -0.129263 -0.144619 -0.159167 -0.170572 -0.17589 -0.174589 -0.169911 -0.16396 -0.157327 -0.150591 -0.144294 -0.138431 -0.132719
0.00619337 0.0184346 0.0278721 0.0314573 0.0290427 0.023993 0.0261077 0.0453961 0 0 0 0 0 0 0.0245957 0.0760387 0.0973623 0.0838422 0.0776077 0.0855235 0.0915281 0.0893647 0.0781907 0.0615624 0.0446118 0.0334151 0.0295141 0.0256275 0.0195146 0.0164723 0.0185132 0.023518 0.0206715 -0.000315665 -0.0148972 0.00192217 0.0229044 0.0222723 0.0116689 0.00156829 -0.00969929 -0.0236318 -0.0400987 -0.0580002 -0.0756709 -0.0925313 -0.108754 -0.125478 -0.143074 -0.158036 -0.167237 -0.170423 -0.16861 -0.164106 -0.158352 -0.151784 -0.144929 -0.138358 -0.132305 -0.126781
0.0138487 0.0262899 0.0354296 0.0381603 0.0339548 0.0254579 0.0222046 0.0349643 0 0 0 0 0 0 0.0813646 0.0952873 0.092089 0.0845421 0.0829402 0.0869588 0.0898312 0.0878859 0.0798457 0.0689453 0.0584966 0.048353 0.0389248 0.0328285 0.0311191 0.0324446 0.0338017 0.0303611 0.0118999 -0.0278264 -0.0504098 -0.020229 0.0180105 0.0228834 0.0131634 0.00539222 -0.00400041 -0.0175969 -0.03451 -0.0528061 -0.0701785 -0.0869477 -0.104582 -0.123232 -0.141709 -0.155703 -0.162369 -0.163809 -0.162073 -0.158061 -0.152426 -0.14568 -0.138492 -0.131615 -0.125585 -0.120691
0.0192142 0.0308894 0.0400218 0.0426848 0.037617 0.0269 0.0193245 0.0254607 0.0315929 0 0 0 0 0.0840469 0.109331 0.0929537 0.0786435 0.0813965 0.0851629 0.085234 0.0846818 0.0832924 0.0795028 0.0723844 0.0615995 0.0480169 0.0344593 0.0269691 0.0283474 0.0364365 0.0428047 0 0 -0.033228 -0.0516715 -0.018491 0.0217326 0.0286419 0.0203526 0.0128958 0.00292238 -0.0115716 -0.028859 -0.047195 -0.0651833 -0.0832143 -0.102293 -0.121658 -0.139399 -0.151722 -0.156632 -0.15721 -0.155702 -0.151998 -0.146319 -0.139431 -0.132147 -0.125286 -0.119595 -0.115558
0.0214942 0.0318533 0.0417424 0.0459407 0.0412247 0.0274194 0.014308 0.015431 0.0168156 0 0 0 0.09647 0.101572 0.0885679 0.0772695 0.0736489 0.0766586 0.0798253 0.080546 0.0789797 0.0759103 0.0718467 0.0649208 0.0533979 0.0378977 0.0215375 0.0113389 0.0126978 0.0274496 0.0408299 0 0 -0.0167904 -0.00991078 0.0148695 0.0368082 0.0403067 0.0336668 0.0242051 0.0111055 -0.00543148 -0.0232184 -0.0415808 -0.0610194 -0.0812103 -0.101305 -0.120043 -0.135822 -0.14635 -0.150685 -0.151322 -0.149931 -0.146201 -0.140398 -0.13355 -0.126546 -0.120152 -0.115116 -0.111895
0.0199073 0.0286128 0.0399809 0.0482402 0.0463652 0.0278701 0.00764633 0.0105013 0.0154881 0 0 0 0.120358 0.0921623 0.0585035 0.0592372 0.0671552 0.0694012 0.0714684 0.0733788 0.0716812 0.0671473 0.061756 0.0545148 0.0441944 0.0313348 0.0186444 0.0122427 0.0141456 0.0204763 0.0246521 0 0 0.0249762 0.0424367 0.0534575 0.0573467 0.055921 0.0490934 0.0369095 0.0201919 0.000833843 -0.0183095 -0.0371716 -0.0576373 -0.0791916 -0.100007 -0.118115 -0.131844 -0.140716 -0.144996 -0.14603 -0.144704 -0.140983 -0.135281 -0.128563 -0.121869 -0.116203 -0.112032 -0.109351
0.014792 0.0221113 0.0329577 0.0449291 0.0485859 0.0293208 0.00515192 0.0108552 0.0228471 0.00528545 0.0059738 0.0637927 0.101511 0.0718656 0.0412133 0.0451683 0.0554932 0.0590496 0.0615573 0.0635635 0.0622689 0.058709 0.0550021 0.0504999 0.0444936 0.038372 0.034069 0.033673 0.0330996 0.0213325 0.00524033 0 0 0.0596454 0.0846112 0.0857599 0.0769272 0.0717477 0.0640797 0.0489615 0.0288344 0.00683257 -0.0141339 -0.0340368 -0.0548602 -0.0765452 -0.097689 -0.115543 -0.127817 -0.135465 -0.139777 -0.141149 -0.139866 -0.136243 -0.130811 -0.124362 -0.118085 -0.113279 -0.109952 -0.107433
0.00759655 0.0147109 0.0187234 0.0283578 0.0390604 0.0325169 0.0156522 0.0111526 0.0164777 0.0214866 0.0409169 0.0814091 0.0973472 0.0663086 0.0374652 0.0364419 0.0427083 0.045846 0.0484125 0.0506289 0.0513104 0.0526049 0.0569202 0.0612336 0.0627847 0.0639961 0.064532 0.057201 0.0414094 0.0252934 0.00434087 0 -0.0419647 0.0291475 0.110503 0.115834 0.0897592 0.083015 0.0777458 0.0589483 0.0350183 0.0118961 -0.009997 -0.0311427 -0.0523974 -0.0737961 -0.0945736 -0.111952 -0.123528 -0.13068 -0.13497 -0.136458 -0.135186 -0.131506 -0.126168 -0.120306 -0.115002 -0.111127 -0.108303 -0.105602
0.000341659 0.0084566 0.00564945 0.0102574 0.0249471 0.0335042 0.0273871 0.00750961 0.000792454 0.036066 0.0876899 0.118781 0.112572 0.0731014 0.0395489 0.0310007 0.0318132 0.0330718 0.0349566 0.0380188 0.0429977 0.0519714 0.0662101 0.0807067 0.0906768 0.0970684 0.0951427 0.0681191 0.0275977 0.0191191 0 0 -0.129454 -0.0241416 0.122318 0.137182 0.0962284 0.0903186 0.0889802 0.0667738 0.0395519 0.0164715 -0.00554929 -0.0278122 -0.0497247 -0.0709245 -0.0909 -0.107499 -0.118834 -0.125965 -0.130139 -0.131529 -0.13025 -0.126582 -0.121486 -0.116551 -0.112514 -0.109417 -0.106725 -0.103708
-0.00473653 0.00482447 0.00584492 0.0104371 0.0207902 0.0266064 0.019718 0 0 0 0.109022 0.136328 0.120197 0.0743032 0.0368087 0.0254276 0.0245656 0.0248896 0.0258511 0.0301801 0.041734 0.0587887 0.0775488 0.0958803 0.111219 0.118338 0.106675 0.0575293 -0.00581967 -0.0109804 0 0 -0.107329 -0.00911404 0.127588 0.139585 0.100643 0.0973924 0.0968897 0.0732538 0.0448248 0.0216301 -0.000669097 -0.0236681 -0.0462323 -0.0675425 -0.0868447 -0.102618 -0.113641 -0.120681 -0.124667 -0.125874 -0.124632 -0.121502 -0.117428 -0.113663 -0.110565 -0.107845 -0.105097 -0.101925
0 0.00296191 0.0105941 0.0166459 0.0194835 0.0154138 0.0039217 0 0 0 0.112818 0.138599 0.120526 0.0717554 0.0327111 0.0215179 0.0199382 0.0179341 0.0164352 0.0206734 0.0369953 0.0617127 0.0873976 0.109506 0.123724 0.123996 0.100273 0.0366762 -0.038577 0 0 0 -0.0290119 0.0461091 0.136152 0.137603 0.106955 0.105451 0.103495 0.0797554 0.0513852 0.0277078 0.004859 -0.0186274 -0.0417547 -0.063354 -0.0822202 -0.0972584 -0.107804 -0.114581 -0.118404 -0.119586 -0.118644 -0.116506 -0.11393 -0.111425 -0.109063 -0.106627 -0.103964 -0.100967
0 0 0.0065233 0.00928034 0.00908007 0.00656942 -0.00025165 0 0 0.0565765 0.122115 0.145587 0.12406 0.0744685 0.0355192 0.0231323 0.0172991 0.00884222 0.00187554 0.00262886 0.0176415 0.0483176 0.090365 0.123875 0.131983 0.119383 0.0871108 0.0228335 -0.0484164 -0.0565237 0 -0.00525374 0.00255944 0.0781719 0.155589 0.150533 0.118039 0.114713 0.111485 0.0874987 0.0589206 0.0346504 0.0111974 -0.0127821 -0.036367 -0.058175 -0.0767248 -0.091156 -0.101157 -0.107602 -0.111397 -0.112929 -0.112757 -0.111799 -0.11061 -0.109323 -0.107872 -0.106081 -0.103946 -0.101479
