data_raster/melanesia/PNMC_current_2021/202107_North.grd
DSAA																																																																																																																																																																																																																																																																																																																																																																																																																											
412	268																																																																																																																																																																																																																																																																																																																																																																																																																										
156	174.5																																																																																																																																																																																																																																																																																																																																																																																																																										
-26.5	-14.5																																																																																																																																																																																																																																																																																																																																																																																																																										
-0.423863	0.48696																																																																																																																																																																																																																																																																																																																																																																																																																										
[rows 208 to 233 of 268, columns 295 to 353 of 412]
-0.0745601 -0.0557023 -0.0361504 -0.0185022 -0.00467997 0.00767065 0.021192 0.0353183 0.0486262 0.059263 0.0672057 0.0749733 0.0841921 0.0953038 0.10673 0.116089 0.124007 0.132077 0.140565 0.149089 0.156453 0.161075 0.160972 0.155815 0.147343 0.136873 0.125341 0.114467 0.106033 0.0994868 0.0936189 0.0880428 0.0825379 0.0768045 0.070554 0.0635374 0.0555735 0.046585 0.0369688 0.0274468 0.0184978 0.0104244 0.00326921 -0.00302739 -0.00858145 -0.0134626 -0.0176133 -0.0210605 -0.0239828 -0.0265953 -0.0291207 -0.031579 -0.0338686 -0.0360097 -0.038073 -0.0401032 -0.0421445 -0.0442631 -0.0465766
-0.0719986 -0.0551634 -0.0363139 -0.0183735 -0.00448383 0.00740729 0.0200954 0.0337081 0.047171 0.0580567 0.0657109 0.0721439 0.0793443 0.0888498 0.099384 0.10834 0.116078 0.123937 0.132077 0.140163 0.147371 0.152418 0.153378 0.149601 0.142105 0.132017 0.120522 0.109352 0.100214 0.0927661 0.0860929 0.0799985 0.0743517 0.0687538 0.0628498 0.0564232 0.0492491 0.0411173 0.0323784 0.023785 0.0159191 0.00915804 0.0032744 -0.00205922 -0.00683085 -0.0110094 -0.0146812 -0.0179503 -0.0209295 -0.0238697 -0.027127 -0.030646 -0.034113 -0.0373829 -0.0404232 -0.0433622 -0.0463472 -0.0494419 -0.0527567
-0.0685474 -0.0540233 -0.0365041 -0.0187102 -0.00453279 0.00716355 0.0186775 0.0311117 0.0441722 0.0552148 0.0630952 0.06915 0.0752038 0.0831369 0.0922344 0.100446 0.107789 0.115043 0.12249 0.130071 0.137156 0.142615 0.144604 0.14223 0.135891 0.126494 0.115342 0.104135 0.0944963 0.0862899 0.0788674 0.0721378 0.0660471 0.0603018 0.0546352 0.0488799 0.0427586 0.0358981 0.0284577 0.021007 0.014154 0.00838637 0.00347022 -0.000970543 -0.00498415 -0.00858598 -0.0118743 -0.0150194 -0.018285 -0.0220272 -0.0266291 -0.0317668 -0.0366987 -0.0411514 -0.0451291 -0.0489316 -0.0528476 -0.0568728 -0.0610109
-0.0646491 -0.0523129 -0.0366237 -0.0195525 -0.00499749 0.00681962 0.0170915 0.0278959 0.0399536 0.0508707 0.0592921 0.0658448 0.0717295 0.0784099 0.0858047 0.0929525 0.099578 0.105811 0.112267 0.11933 0.126379 0.13226 0.135188 0.134098 0.128941 0.120414 0.109818 0.098785 0.088874 0.0801364 0.072151 0.0648399 0.0581968 0.0521866 0.0467329 0.0416915 0.0367116 0.0312535 0.0252554 0.0190459 0.0131447 0.0080627 0.00377471 5.76424E-05 -0.00337947 -0.0067316 -0.00995409 -0.0132316 -0.0171293 -0.0220825 -0.0282938 -0.0350647 -0.0412201 -0.0465321 -0.0512379 -0.0557299 -0.060315 -0.0649065 -0.0693957
-0.0611131 -0.0504112 -0.0366908 -0.0208619 -0.00608476 0.00604279 0.0153285 0.0244683 0.0351242 0.0456848 0.0548717 0.0624464 0.0687885 0.0747398 0.0806572 0.0865353 0.0920627 0.0970626 0.10249 0.109083 0.11612 0.12234 0.125974 0.125832 0.12157 0.113788 0.103853 0.09324 0.0832886 0.074229 0.0658979 0.0582072 0.0511833 0.0450895 0.0400063 0.0356482 0.0315536 0.0271368 0.0222911 0.0172862 0.0124713 0.00817237 0.00439917 0.000987422 -0.00246198 -0.00620986 -0.010106 -0.0142696 -0.0192842 -0.0253989 -0.0324426 -0.0396407 -0.0459661 -0.0514641 -0.0566032 -0.0615501 -0.0663355 -0.0708497 -0.0750185
-0.0584768 -0.0487706 -0.0368803 -0.0226269 -0.00797051 0.00447297 0.0132381 0.0210843 0.0302602 0.0402606 0.0501446 0.0588687 0.0660123 0.0717708 0.0766644 0.0812993 0.0855717 0.0893761 0.0938942 0.100028 0.106927 0.113226 0.117198 0.11759 0.113848 0.106602 0.0974008 0.0874683 0.0777364 0.0685803 0.0601226 0.0523076 0.0451969 0.0392426 0.0345811 0.0307294 0.0271528 0.0233551 0.0192994 0.0152793 0.0114665 0.00792436 0.00448716 0.000904298 -0.00310647 -0.0077003 -0.0127393 -0.0182245 -0.0244051 -0.0311792 -0.0380717 -0.0445757 -0.0502731 -0.0554834 -0.0607077 -0.0657369 -0.0702467 -0.0741967 -0.0776506
-0.0569893 -0.0477992 -0.0374295 -0.0248476 -0.0107732 0.0017943 0.0105925 0.0178547 0.0258528 0.0351123 0.045229 0.0548326 0.0628959 0.0688671 0.073215 0.0769227 0.0801688 0.0830577 0.0868485 0.092447 0.0988975 0.104822 0.108668 0.109205 0.105704 0.098868 0.0904805 0.081463 0.0722346 0.0632414 0.0548605 0.0471572 0.0402388 0.034498 0.0300231 0.0263312 0.0229693 0.0195953 0.0161296 0.0126828 0.00933014 0.00606488 0.00254907 -0.00157048 -0.00632587 -0.0116835 -0.017614 -0.0240113 -0.0306521 -0.0372382 -0.043424 -0.049089 -0.0542901 -0.0592593 -0.0641951 -0.0687763 -0.0726736 -0.0759956 -0.0788772
-0.0562481 -0.0472171 -0.0381979 -0.0274354 -0.0143357 -0.00184907 0.00731717 0.0146195 0.0219696 0.0305164 0.0403767 0.0503709 0.05918 0.0655756 0.0698154 0.072993 0.0755207 0.077737 0.0809229 0.085935 0.0917343 0.0969716 0.100336 0.100717 0.09733 0.0909111 0.0833272 0.0752285 0.0666322 0.0580082 0.0498994 0.0424721 0.0358444 0.0302373 0.0256804 0.0218628 0.0184881 0.015315 0.0121564 0.0088829 0.00553197 0.00213946 -0.00171038 -0.00641064 -0.0117681 -0.0175787 -0.0238856 -0.030516 -0.0369395 -0.0428672 -0.0482923 -0.0533573 -0.0582634 -0.0629568 -0.0672669 -0.0710198 -0.0741335 -0.0768056 -0.0791465
-0.0556673 -0.0465379 -0.0389334 -0.030272 -0.0183754 -0.00609411 0.00345355 0.0111438 0.0184733 0.0265894 0.0358773 0.0457042 0.0548294 0.0616525 0.0661221 0.0691201 0.0711682 0.0728171 0.0754204 0.079843 0.084977 0.0894822 0.0922239 0.0922812 0.0890456 0.083179 0.0762799 0.0688363 0.060786 0.0526288 0.044952 0.0378633 0.0314028 0.0257272 0.0209031 0.0168166 0.0132622 0.00995594 0.00668772 0.0033204 -0.000159543 -0.00377209 -0.00789955 -0.0128744 -0.0184516 -0.0243596 -0.0305386 -0.0367924 -0.042693 -0.0480794 -0.053074 -0.0577871 -0.0622787 -0.0663623 -0.0697987 -0.0726214 -0.0749378 -0.0768344 -0.0783483
-0.0553308 -0.045933 -0.0397586 -0.0333108 -0.022649 -0.0106013 -0.000748477 0.00747457 0.0152278 0.0232188 0.0318676 0.0412257 0.0503376 0.0574583 0.0622388 0.0652301 0.0669874 0.0682108 0.0702438 0.073941 0.0783049 0.0821078 0.0842955 0.0841044 0.0811586 0.0759649 0.0696731 0.0626759 0.0550136 0.047246 0.0399664 0.033147 0.0267064 0.0207993 0.0155642 0.011046 0.00710981 0.00344082 -0.000116443 -0.00359949 -0.00712444 -0.010869 -0.0151195 -0.020084 -0.0255816 -0.0313544 -0.0371553 -0.0427628 -0.047997 -0.0528259 -0.0573534 -0.0615746 -0.0653964 -0.0686422 -0.0711638 -0.0731179 -0.0746772 -0.0757919 -0.0764522
-0.0555748 -0.0457573 -0.0408187 -0.036437 -0.0269855 -0.0152372 -0.00515673 0.0036333 0.0120036 0.0200964 0.0282551 0.0371573 0.0461473 0.0534156 0.0584039 0.0614113 0.0630144 0.0639868 0.0654768 0.068239 0.071647 0.0747763 0.0766024 0.0764108 0.0739185 0.069444 0.0637408 0.0571093 0.0496726 0.0420753 0.0349599 0.0282096 0.0216495 0.0154135 0.00966815 0.00455144 4.15583E-05 -0.00405033 -0.00780699 -0.0112532 -0.014657 -0.0183762 -0.0225864 -0.0273537 -0.0325779 -0.0380501 -0.0434011 -0.04836 -0.0528371 -0.0568435 -0.0604711 -0.0637474 -0.0666405 -0.0690204 -0.070766 -0.0720053 -0.0728826 -0.0733706 -0.0734836
-0.0568551 -0.0462707 -0.0419327 -0.0392345 -0.0314078 -0.0205239 -0.0102487 -0.000743101 0.00825946 0.0165081 0.0243518 0.0329734 0.0419722 0.0495107 0.0548272 0.0579519 0.0594581 0.0601854 0.0611638 0.0630934 0.0656101 0.068049 0.0695372 0.0694255 0.0673944 0.0635652 0.0583879 0.0520692 0.0447621 0.0371555 0.0299279 0.0229492 0.0160356 0.00935291 0.00309991 -0.00256232 -0.00757672 -0.0119981 -0.0158835 -0.0193199 -0.0226714 -0.0263665 -0.0304314 -0.0347756 -0.0393656 -0.0440805 -0.048581 -0.0526281 -0.0561765 -0.0592305 -0.0618324 -0.0640627 -0.0660043 -0.0675711 -0.0686428 -0.0692996 -0.0696532 -0.0697334 -0.069568
-0.0593689 -0.0475304 -0.0428185 -0.0412282 -0.0357743 -0.0267105 -0.0162511 -0.0057868 0.00375909 0.0121091 0.0198222 0.0284128 0.0376609 0.0457379 0.0516275 0.0549935 0.0563844 0.0567587 0.0572629 0.0586688 0.0605604 0.0623381 0.0634429 0.0633686 0.0616898 0.0583465 0.0535704 0.0474913 0.0402589 0.0325221 0.0249276 0.0173996 0.00984709 0.00257289 -0.00414219 -0.0101558 -0.0154316 -0.0200385 -0.0240745 -0.027677 -0.0311688 -0.0348777 -0.0386631 -0.042299 -0.0457984 -0.0491577 -0.0522259 -0.0549289 -0.0573324 -0.0594334 -0.0611581 -0.0625534 -0.0637268 -0.0646127 -0.0651099 -0.0653202 -0.0653672 -0.0652582 -0.0649712
-0.0626951 -0.0491981 -0.0431281 -0.0419592 -0.039497 -0.0331498 -0.022569 -0.0109585 -0.000934859 0.00753584 0.0153619 0.0241214 0.0336792 0.0423007 0.0487359 0.0522676 0.0534691 0.0534798 0.0535621 0.0545568 0.0560361 0.0574452 0.0583968 0.058444 0.0570621 0.0540543 0.0495038 0.0435132 0.0362546 0.0282849 0.0201597 0.011882 0.00349677 -0.00451737 -0.0117573 -0.0180604 -0.0234846 -0.0282981 -0.0326252 -0.0364897 -0.0400531 -0.0434837 -0.0466067 -0.0492102 -0.0513435 -0.053095 -0.0545174 -0.0557128 -0.0568551 -0.0579484 -0.058835 -0.0595321 -0.0601539 -0.06062 -0.0608081 -0.0608163 -0.060755 -0.0605767 -0.0602203
-0.0663931 -0.0511493 -0.0429419 -0.0413809 -0.0419999 -0.0389161 -0.0285606 -0.0159596 -0.00549962 0.00321441 0.0113782 0.0204053 0.0301842 0.0391775 0.0459632 0.0494795 0.0503977 0.0500895 0.0498237 0.0504478 0.0517116 0.0531625 0.0543232 0.0546594 0.0535882 0.0508295 0.0463724 0.0403292 0.0329151 0.0245768 0.0157649 0.00661554 -0.00266077 -0.0114827 -0.0193617 -0.026068 -0.0317398 -0.0368702 -0.0415459 -0.0455536 -0.0488492 -0.0514692 -0.0534047 -0.0546578 -0.0553203 -0.0555253 -0.0554552 -0.0553136 -0.0553166 -0.0554767 -0.0556181 -0.0557775 -0.0561041 -0.0564724 -0.0566739 -0.0566962 -0.056571 -0.056289 -0.0558514
-0.0701022 -0.0536253 -0.0429621 -0.0400503 -0.0428392 -0.0428823 -0.0336792 -0.0209575 -0.010114 -0.000936907 0.00764965 0.0168977 0.0267672 0.0359776 0.0429715 0.0463643 0.0469399 0.046319 0.0458121 0.0462874 0.0476141 0.0493791 0.0509665 0.0517329 0.0510448 0.0485718 0.0442513 0.0381592 0.0304727 0.0215358 0.0117651 0.00161625 -0.00844568 -0.0179571 -0.0265334 -0.0339307 -0.0401998 -0.0456824 -0.0503844 -0.0540584 -0.0565456 -0.0577969 -0.0580883 -0.057753 -0.056951 -0.0558462 -0.0546918 -0.0537201 -0.0531065 -0.0528232 -0.0526638 -0.0526752 -0.0530346 -0.0535694 -0.0539635 -0.0539719 -0.0535056 -0.0528814 -0.052347
-0.0732207 -0.0563451 -0.0434835 -0.038605 -0.0422426 -0.0447 -0.0374933 -0.0257539 -0.0148628 -0.0052222 0.00377957 0.0132501 0.023158 0.0323417 0.0392418 0.042415 0.0427398 0.0419709 0.0414472 0.0420406 0.0436343 0.045813 0.0479248 0.0492556 0.0490664 0.0469721 0.0428906 0.036789 0.0287057 0.0189738 0.00811428 -0.00305292 -0.0138334 -0.0240221 -0.0334137 -0.0416834 -0.0486201 -0.054155 -0.0582723 -0.060976 -0.0621455 -0.061717 -0.0602612 -0.0584358 -0.0564779 -0.0545639 -0.0529325 -0.0517654 -0.0511404 -0.0509478 -0.0509225 -0.0510891 -0.0516218 -0.052315 -0.0527789 -0.0525703 -0.0515334 -0.0504239 -0.0497877
-0.0749814 -0.0585463 -0.0443842 -0.0377354 -0.0411374 -0.0448918 -0.0397788 -0.0298256 -0.0197073 -0.0100871 -0.000712255 0.00919447 0.0192522 0.0279862 0.0341615 0.036976 0.0373774 0.036941 0.0367922 0.0376599 0.0395068 0.0420343 0.0447022 0.0467475 0.047193 0.0455485 0.0417338 0.0355769 0.0269548 0.0163981 0.0046965 -0.007303 -0.0189581 -0.0301656 -0.0406185 -0.0495485 -0.0564569 -0.0612132 -0.0639964 -0.0651674 -0.0647773 -0.0628546 -0.0601541 -0.0575054 -0.0551713 -0.0532747 -0.0518937 -0.051067 -0.0507768 -0.0508552 -0.0510107 -0.0512323 -0.0516547 -0.052057 -0.0520673 -0.0513695 -0.0499389 -0.0485768 -0.0478584
-0.0756497 -0.0603469 -0.0460557 -0.0383881 -0.0409306 -0.0449291 -0.0415594 -0.0336284 -0.0247436 -0.0154695 -0.00578344 0.00457409 0.0147266 0.0228193 0.0280835 0.0305877 0.0312812 0.0313894 0.031757 0.0329548 0.0350766 0.0379905 0.0412902 0.0441439 0.0452685 0.0440287 0.0403427 0.0339956 0.0248348 0.0135925 0.0012516 -0.0115106 -0.0241744 -0.0364246 -0.0476122 -0.0565108 -0.0625101 -0.0657674 -0.0667804 -0.0662298 -0.0644296 -0.0616124 -0.0585774 -0.0561097 -0.0543069 -0.0531075 -0.0524213 -0.0521426 -0.0521467 -0.0522718 -0.0523338 -0.0523027 -0.0522221 -0.051897 -0.0510817 -0.0498043 -0.0482697 -0.0469722 -0.0462552
-0.0761441 -0.0624389 -0.0491676 -0.0415159 -0.0430936 -0.046629 -0.0444555 -0.0381182 -0.0300701 -0.0209201 -0.0110002 -0.000608152 0.00923902 0.0169445 0.0219573 0.0244898 0.0253677 0.0256338 0.0261782 0.0276677 0.0302602 0.033841 0.0379417 0.0415895 0.0432779 0.042237 0.0383528 0.0316116 0.0221233 0.0104719 -0.00258267 -0.0162798 -0.0298356 -0.0424059 -0.053069 -0.0608125 -0.0652788 -0.0668673 -0.0662811 -0.0643909 -0.0618039 -0.0590299 -0.05678 -0.0555681 -0.0550093 -0.0546976 -0.0546018 -0.0546159 -0.0544593 -0.0540583 -0.0535497 -0.0529292 -0.0520919 -0.050935 -0.0494184 -0.0477846 -0.0463322 -0.045277 -0.044697
-0.0769515 -0.0651971 -0.05375 -0.046803 -0.0472554 -0.0497124 -0.0482005 -0.0429003 -0.0350719 -0.0257142 -0.0156848 -0.00569507 0.00347101 0.0109752 0.0162416 0.0189926 0.0198488 0.0198419 0.0201605 0.0217728 0.0249104 0.0293661 0.0343489 0.0386534 0.0406844 0.0396049 0.0352799 0.028015 0.0183144 0.00644615 -0.00721232 -0.0215248 -0.0351788 -0.0468823 -0.0557395 -0.0615134 -0.064313 -0.0645857 -0.0630989 -0.0608284 -0.0585868 -0.0570345 -0.0564798 -0.0568888 -0.057463 -0.0576013 -0.0574958 -0.0571943 -0.0563899 -0.0551344 -0.053837 -0.0525346 -0.051026 -0.0492915 -0.0474308 -0.0457095 -0.044375 -0.0434726 -0.0429245
-0.0782795 -0.0687696 -0.0595028 -0.0533841 -0.0522965 -0.0530498 -0.0517289 -0.0470212 -0.0389409 -0.029174 -0.0191852 -0.0098309 -0.00151197 0.00570211 0.0111553 0.0139976 0.0146377 0.0141202 0.0139541 0.0154505 0.0190125 0.0243327 0.0300822 0.034761 0.0368361 0.0355193 0.0307119 0.0229385 0.0129648 0.000958699 -0.01279 -0.0266632 -0.0389431 -0.0484641 -0.0547734 -0.0584476 -0.0599865 -0.0597275 -0.0584409 -0.0571944 -0.0567563 -0.0575584 -0.0590679 -0.0604811 -0.0611588 -0.0608074 -0.0598181 -0.0584672 -0.0567334 -0.0547605 -0.0528599 -0.0510815 -0.0493053 -0.0475075 -0.0457332 -0.0441422 -0.0428645 -0.0418405 -0.0410167
-0.0799728 -0.072938 -0.0659617 -0.0605581 -0.057571 -0.0560703 -0.0543313 -0.0498458 -0.041516 -0.0314447 -0.0214993 -0.0126456 -0.00506325 0.00164864 0.0068729 0.00952315 0.00979002 0.00862157 0.00791563 0.00936078 0.0133371 0.0192916 0.0253801 0.0299305 0.0316908 0.0300244 0.0248552 0.0167532 0.00657297 -0.00525959 -0.0181525 -0.0302587 -0.039937 -0.0468119 -0.0510417 -0.0533408 -0.0543054 -0.0543699 -0.0543687 -0.0553486 -0.0575441 -0.0606122 -0.0633361 -0.0645603 -0.0643176 -0.062939 -0.060855 -0.0584491 -0.0560092 -0.0536731 -0.0514394 -0.0493544 -0.0474943 -0.0458883 -0.0445333 -0.0433743 -0.0423478 -0.0414119 -0.0406346
-0.0815342 -0.0771262 -0.072412 -0.067576 -0.0625963 -0.0585179 -0.0556647 -0.0510804 -0.0429152 -0.0329088 -0.0228927 -0.0141692 -0.00704184 -0.00100171 0.00352194 0.00562971 0.00538515 0.0035977 0.00254717 0.00421009 0.00859865 0.0147366 0.020474 0.0242271 0.0252851 0.0232357 0.0179334 0.00983472 -0.000237364 -0.0112758 -0.0221162 -0.0312503 -0.0377769 -0.0425017 -0.0460274 -0.048213 -0.049404 -0.0505646 -0.0526621 -0.0564576 -0.061147 -0.0652023 -0.0674446 -0.0672565 -0.0655281 -0.0631798 -0.0604892 -0.0577052 -0.0551488 -0.0528401 -0.0505181 -0.0482435 -0.0462958 -0.0448943 -0.0441421 -0.0437305 -0.0433616 -0.0431362 -0.0432192
-0.0817427 -0.0799883 -0.0775114 -0.0733832 -0.0669482 -0.0605878 -0.0561914 -0.0511914 -0.0435157 -0.0339158 -0.0238534 -0.0152202 -0.00848437 -0.00287088 0.00112231 0.00239696 0.00144264 -0.000435453 -0.00129853 0.000395648 0.00459759 0.0102436 0.0149432 0.0173032 0.0173299 0.0148737 0.0096452 0.00197408 -0.00733491 -0.0167372 -0.0246694 -0.0305493 -0.0345267 -0.037971 -0.041499 -0.0442201 -0.0462796 -0.0490865 -0.0534185 -0.059334 -0.0652437 -0.0690171 -0.0700333 -0.0684974 -0.0657154 -0.0628003 -0.0599199 -0.0571755 -0.0547468 -0.052563 -0.0503311 -0.0481953 -0.0465749 -0.0456873 -0.0455743 -0.0458939 -0.0463327 -0.0470032 -0.0480382
-0.079681 -0.0803223 -0.0800094 -0.0770048 -0.070194 -0.062423 -0.0564131 -0.0506905 -0.0435708 -0.0346506 -0.0248205 -0.0164399 -0.010005 -0.00436229 -0.000458804 -0.000119412 -0.00184186 -0.0031441 -0.00336801 -0.00224587 0.000772298 0.00513938 0.00824538 0.00886866 0.00773953 0.00496108 8.38316E-05 -0.00661162 -0.0142823 -0.0212419 -0.0260328 -0.0292759 -0.0320044 -0.0350282 -0.0385408 -0.0418138 -0.045105 -0.0497765 -0.0559137 -0.0625218 -0.067969 -0.0706372 -0.070622 -0.0686696 -0.0658038 -0.0628439 -0.0600233 -0.0574398 -0.0551041 -0.0529763 -0.0509993 -0.0494492 -0.0487563 -0.048815 -0.0493191 -0.0501624 -0.0512877 -0.0526058 -0.0541032
