data_raster/melanesia/PNMC_current_2021/202103_North.grd
DSAA																																																																																																																																																																																																																																																																																																																																																																																																																											
412	268																																																																																																																																																																																																																																																																																																																																																																																																																										
156	174.5																																																																																																																																																																																																																																																																																																																																																																																																																										
-26.5	-14.5																																																																																																																																																																																																																																																																																																																																																																																																																										
-0.445606	0.253092																																																																																																																																																																																																																																																																																																																																																																																																																										
[rows 182 to 207 of 268, columns 295 to 353 of 412]
0.105789 0.105757 0.104745 0.103045 0.100901 0.0990602 0.0980845 0.0974715 0.0966607 0.0954052 0.0935894 0.0912389 0.0886432 0.0863188 0.0846709 0.0839031 0.0833633 0.0822459 0.080631 0.0787276 0.0764351 0.0737285 0.0708153 0.0677234 0.0642347 0.0602359 0.0557025 0.0504965 0.0444362 0.0374733 0.0296077 0.020832 0.0112718 0.00138662 -0.00828866 -0.0171852 -0.024903 -0.0312561 -0.0363923 -0.0407193 -0.0447935 -0.0491978 -0.054276 -0.0603071 -0.0676173 -0.0762445 -0.0855758 -0.0955267 -0.106919 -0.120534 -0.136959 -0.155838 -0.176042 -0.195423 -0.211648 -0.223649 -0.230902 -0.233394 -0.231503
0.0984297 0.0982275 0.0972799 0.095933 0.0945893 0.0937998 0.0938359 0.0939484 0.0934283 0.0920647 0.0899067 0.087284 0.0846739 0.0826419 0.0814131 0.0808995 0.0803579 0.0790131 0.0771343 0.0750804 0.0726735 0.0698813 0.0670983 0.0643314 0.0610688 0.0570988 0.0524678 0.0470329 0.0405674 0.0330156 0.0243949 0.0147588 0.00431338 -0.00637841 -0.0167499 -0.026316 -0.0345361 -0.0408499 -0.045425 -0.0489859 -0.0523159 -0.0561596 -0.0609353 -0.0668924 -0.0740719 -0.0822983 -0.0910273 -0.100397 -0.11161 -0.125472 -0.142238 -0.161203 -0.180947 -0.199405 -0.214492 -0.22536 -0.231629 -0.233235 -0.230562
0.0912569 0.0912971 0.0909656 0.0904957 0.0902228 0.0902919 0.0906322 0.0906803 0.0899319 0.0882108 0.0857196 0.0831175 0.080883 0.0792742 0.0783098 0.0777929 0.0770455 0.0754305 0.073356 0.0712621 0.0688888 0.0661699 0.0636019 0.0611514 0.0580822 0.0541084 0.0493328 0.0436161 0.0366959 0.0284366 0.0188185 0.00808414 -0.00337072 -0.0149262 -0.0259692 -0.0359523 -0.0442835 -0.0503729 -0.054489 -0.0575463 -0.0604558 -0.064034 -0.0686457 -0.0744222 -0.081209 -0.0887639 -0.0967974 -0.105685 -0.116766 -0.130749 -0.147563 -0.166267 -0.185297 -0.202679 -0.216528 -0.226219 -0.231522 -0.232292 -0.228914
0.0852254 0.0857775 0.0863049 0.0868028 0.0873024 0.0876417 0.0876104 0.0870327 0.0857644 0.0837201 0.0812006 0.079002 0.0774141 0.0762285 0.0753131 0.0745439 0.0734348 0.0715592 0.0694053 0.0674279 0.0652982 0.0628708 0.06057 0.0583035 0.0552929 0.0512275 0.0461984 0.0400403 0.0324632 0.0233409 0.0126922 0.000856818 -0.0116655 -0.0241681 -0.0358945 -0.0460662 -0.0541307 -0.059837 -0.0636349 -0.0664827 -0.0692708 -0.0727542 -0.0771861 -0.0825819 -0.0887132 -0.0954134 -0.102776 -0.111369 -0.122381 -0.136325 -0.15293 -0.171121 -0.18927 -0.205503 -0.218099 -0.226581 -0.230831 -0.230723 -0.226716
0.0811146 0.0820043 0.0828348 0.0835335 0.0840472 0.0841184 0.0835286 0.0823784 0.0808098 0.0789256 0.0769965 0.0755076 0.0744583 0.0734096 0.0722424 0.071007 0.0694587 0.0673878 0.0652747 0.0635241 0.0618097 0.0598848 0.0578735 0.0555944 0.0524576 0.0481752 0.0427129 0.0358339 0.0272651 0.0172331 0.00603637 -0.0064637 -0.0201023 -0.0337013 -0.0460891 -0.0563751 -0.0641134 -0.0693643 -0.0727761 -0.0753965 -0.0780602 -0.081406 -0.085629 -0.090699 -0.0963195 -0.102384 -0.109337 -0.117844 -0.128769 -0.142442 -0.158579 -0.176025 -0.193059 -0.207983 -0.219328 -0.226606 -0.229701 -0.228743 -0.224386
0.0789276 0.0797625 0.0802136 0.0803449 0.0802805 0.0798277 0.0788118 0.0774192 0.0759168 0.0745874 0.0735671 0.0727785 0.0719444 0.0706558 0.0689529 0.0671229 0.0651823 0.0631158 0.0612693 0.059889 0.0586698 0.0572691 0.0554496 0.0529381 0.0494088 0.0446351 0.0384639 0.0306197 0.0209064 0.0100328 -0.00136269 -0.014205 -0.0288757 -0.0434812 -0.0563195 -0.0665922 -0.0740075 -0.0787839 -0.0817357 -0.0840602 -0.086558 -0.0897585 -0.0938405 -0.0987625 -0.104128 -0.109827 -0.116546 -0.124994 -0.13574 -0.148969 -0.164422 -0.180896 -0.196604 -0.21009 -0.220182 -0.226303 -0.228285 -0.226651 -0.222278
0.078056 0.0784526 0.0782792 0.0777519 0.0771348 0.0763076 0.0751338 0.0737973 0.072553 0.0716666 0.0711348 0.0705804 0.0695856 0.0677738 0.065378 0.0629727 0.0608519 0.0591657 0.0579637 0.057162 0.0563811 0.0552156 0.0533079 0.0503419 0.0460536 0.0403063 0.0330557 0.0241534 0.0135319 0.00197831 -0.009882 -0.0232646 -0.0386734 -0.0537578 -0.066557 -0.0764849 -0.0834364 -0.0877387 -0.0903088 -0.0924322 -0.0948918 -0.098146 -0.102301 -0.107236 -0.112453 -0.117816 -0.12416 -0.132281 -0.142702 -0.155465 -0.170102 -0.185393 -0.199683 -0.211723 -0.220541 -0.225583 -0.226722 -0.224748 -0.220595
0.0779437 0.0778239 0.0772194 0.076331 0.0753654 0.074315 0.0731459 0.0719473 0.0708453 0.0699873 0.0693136 0.0684747 0.0670684 0.064731 0.0618545 0.0592538 0.0573841 0.0564268 0.0560425 0.0557636 0.0551596 0.0538401 0.0514774 0.0477426 0.0423157 0.0351878 0.0265945 0.01661 0.00528688 -0.00688151 -0.0195752 -0.03377 -0.0496559 -0.0647104 -0.0769993 -0.0862489 -0.0925728 -0.0963818 -0.0986523 -0.100705 -0.103264 -0.106681 -0.110962 -0.11589 -0.120886 -0.125804 -0.13163 -0.139268 -0.149255 -0.161509 -0.175315 -0.189446 -0.202391 -0.21304 -0.220553 -0.224513 -0.224927 -0.222707 -0.218737
0.0782143 0.0778711 0.0773329 0.0765088 0.0753197 0.0740044 0.0727853 0.0715287 0.0701471 0.0687887 0.0674816 0.0660444 0.0642053 0.0616894 0.0589744 0.0569343 0.0559082 0.055858 0.0560946 0.0559086 0.0550244 0.0531727 0.0499601 0.0450351 0.0381398 0.0294389 0.0194207 0.00832327 -0.00375463 -0.0166681 -0.0304026 -0.0455106 -0.0617357 -0.07649 -0.0879855 -0.0963438 -0.101923 -0.105184 -0.10716 -0.109218 -0.11192 -0.115385 -0.119562 -0.124231 -0.128778 -0.133102 -0.138422 -0.145698 -0.155226 -0.166842 -0.179917 -0.193166 -0.204948 -0.214242 -0.220393 -0.223154 -0.222675 -0.219951 -0.215873
0.0793208 0.0788781 0.078466 0.0777145 0.0762841 0.0746301 0.0731937 0.071608 0.069621 0.0675381 0.0655541 0.0636142 0.0616072 0.0594345 0.0575405 0.0566141 0.0566759 0.057357 0.0578227 0.0573359 0.0557818 0.0529987 0.0485452 0.0420994 0.0335497 0.0231955 0.0116432 -0.000769404 -0.013903 -0.0278666 -0.0428251 -0.0588035 -0.0751043 -0.0893343 -0.0999816 -0.107415 -0.112172 -0.114821 -0.116454 -0.118438 -0.121159 -0.124501 -0.128347 -0.132494 -0.136428 -0.140173 -0.145065 -0.152029 -0.161116 -0.1721 -0.18448 -0.196834 -0.207264 -0.214934 -0.219543 -0.221021 -0.219635 -0.216458 -0.212368
0.0816955 0.080992 0.0802607 0.0791666 0.0773775 0.0753451 0.0734849 0.071346 0.0686922 0.0660707 0.0638198 0.061862 0.0601926 0.0589161 0.0582979 0.0586119 0.0595193 0.0604083 0.0605968 0.0595246 0.0570238 0.0529167 0.0468876 0.0387502 0.0285157 0.0165014 0.00325662 -0.0108118 -0.0254553 -0.0408703 -0.0572239 -0.0739345 -0.0899388 -0.103434 -0.113336 -0.119936 -0.123827 -0.12581 -0.127022 -0.128725 -0.131211 -0.134267 -0.137627 -0.141028 -0.144274 -0.1476 -0.152146 -0.158711 -0.167387 -0.17787 -0.189445 -0.200504 -0.209055 -0.21465 -0.217513 -0.217758 -0.215721 -0.212527 -0.208914
0.0845688 0.0834565 0.0822103 0.0806473 0.0785284 0.076138 0.0737435 0.071056 0.0680218 0.0652855 0.0632332 0.0617817 0.0609466 0.0608542 0.0614916 0.0626951 0.0638904 0.064388 0.0637437 0.0616247 0.0578254 0.0521574 0.0444285 0.0345748 0.0227023 0.0090881 -0.00585526 -0.0217109 -0.0381362 -0.0552347 -0.0729977 -0.0903467 -0.105979 -0.118682 -0.127784 -0.133501 -0.136483 -0.137778 -0.138537 -0.139866 -0.141978 -0.144599 -0.147267 -0.14964 -0.151986 -0.154842 -0.15904 -0.165181 -0.17344 -0.183349 -0.193791 -0.203159 -0.209748 -0.213465 -0.214878 -0.214235 -0.211905 -0.208916 -0.205777
0.0873268 0.0857298 0.0840433 0.0821557 0.0798396 0.0771728 0.0743039 0.0713106 0.0683925 0.0660241 0.0645214 0.0639315 0.0642123 0.0652392 0.0666965 0.0681303 0.0689522 0.0685741 0.0666501 0.0629689 0.0575108 0.0502008 0.0408076 0.029282 0.0158243 0.000691083 -0.0158217 -0.0333726 -0.0516245 -0.070419 -0.0894116 -0.107289 -0.122674 -0.134619 -0.142719 -0.147374 -0.149411 -0.150043 -0.150389 -0.151386 -0.153105 -0.155141 -0.156874 -0.157946 -0.159133 -0.161322 -0.16512 -0.170898 -0.178701 -0.187805 -0.196747 -0.204214 -0.209159 -0.211647 -0.212201 -0.211155 -0.208888 -0.206083 -0.202982
0.090427 0.0883132 0.0861506 0.0838996 0.0813785 0.0785657 0.0755555 0.0726522 0.0701726 0.0683734 0.0674713 0.0676244 0.0687275 0.0704169 0.0721456 0.0732841 0.073387 0.0720697 0.0688736 0.0635232 0.0563078 0.0473456 0.0362707 0.0230066 0.00789628 -0.00876377 -0.0267411 -0.0458371 -0.0658183 -0.0861314 -0.105972 -0.124025 -0.139022 -0.15011 -0.157052 -0.160539 -0.16163 -0.16168 -0.161734 -0.162489 -0.163793 -0.165059 -0.165672 -0.165418 -0.165478 -0.167008 -0.170453 -0.175947 -0.183272 -0.191486 -0.19899 -0.20475 -0.208229 -0.209614 -0.209413 -0.208116 -0.206113 -0.203503 -0.200195
0.0941776 0.0916296 0.0889688 0.0862836 0.0835432 0.0807582 0.0780069 0.0755378 0.0735866 0.072294 0.0718122 0.0723097 0.0736387 0.0753388 0.076761 0.0772081 0.076417 0.0741988 0.0698952 0.0630658 0.0542307 0.0436599 0.0308711 0.015786 -0.00108253 -0.0193436 -0.0387573 -0.0592569 -0.0807307 -0.102224 -0.122483 -0.140308 -0.154629 -0.164671 -0.170345 -0.172616 -0.172773 -0.17232 -0.172175 -0.172714 -0.173504 -0.173778 -0.173137 -0.171693 -0.170879 -0.171956 -0.175189 -0.180455 -0.187245 -0.194516 -0.200777 -0.205153 -0.20729 -0.207542 -0.206574 -0.205049 -0.203328 -0.200872 -0.197285
0.098371 0.0957024 0.0928271 0.0899577 0.0872491 0.084701 0.0823176 0.0802667 0.0787063 0.0777094 0.0773973 0.0779513 0.0791396 0.0803401 0.0809186 0.0802977 0.0782761 0.0747148 0.0690621 0.0609354 0.0507323 0.038635 0.0241938 0.00738274 -0.0112238 -0.031158 -0.0520951 -0.0739273 -0.0965072 -0.118728 -0.13918 -0.156667 -0.170177 -0.179028 -0.18331 -0.18431 -0.183531 -0.182546 -0.182096 -0.182218 -0.182229 -0.181251 -0.179234 -0.176717 -0.175299 -0.176223 -0.179427 -0.184457 -0.190527 -0.196573 -0.201341 -0.204294 -0.205439 -0.205186 -0.204104 -0.202681 -0.20107 -0.198483 -0.194526
0.102592 0.100149 0.0974843 0.0948584 0.092515 0.0903565 0.0882731 0.086447 0.0850458 0.0840938 0.0837031 0.0841029 0.0849486 0.0853796 0.0848338 0.0829569 0.0794487 0.0740571 0.0666508 0.0571563 0.0455702 0.0318193 0.0156876 -0.00273651 -0.0229692 -0.0445197 -0.0669312 -0.0899316 -0.113226 -0.135756 -0.156184 -0.173198 -0.185709 -0.193178 -0.195947 -0.195671 -0.194022 -0.192486 -0.191559 -0.190933 -0.189788 -0.187285 -0.183835 -0.180448 -0.17875 -0.179795 -0.18307 -0.18775 -0.192861 -0.197421 -0.200518 -0.202135 -0.202819 -0.202836 -0.202295 -0.201187 -0.199349 -0.196258 -0.191854
0.106254 0.104198 0.102101 0.100123 0.0983294 0.0965617 0.0947017 0.0929671 0.0915517 0.0904665 0.0898219 0.0898644 0.0902063 0.0898963 0.0883998 0.0854321 0.0805291 0.0732845 0.0638735 0.0524787 0.0388646 0.0228918 0.00473258 -0.0153618 -0.0370747 -0.0599347 -0.0833731 -0.107107 -0.130866 -0.153468 -0.173429 -0.18942 -0.200433 -0.206189 -0.207344 -0.205907 -0.203605 -0.201646 -0.200157 -0.198458 -0.195752 -0.191485 -0.186685 -0.182848 -0.181288 -0.182593 -0.185824 -0.189904 -0.193859 -0.196988 -0.198911 -0.199949 -0.200787 -0.201346 -0.201214 -0.200027 -0.197519 -0.193668 -0.188815
0.1089 0.107438 0.106238 0.105208 0.104023 0.102576 0.100895 0.0992152 0.0977331 0.0964779 0.0955549 0.0951725 0.0949438 0.0939503 0.0916117 0.0875436 0.0811565 0.0719597 0.0602705 0.0464274 0.0302205 0.0116416 -0.00877666 -0.0306197 -0.0536764 -0.0774864 -0.101422 -0.125367 -0.149255 -0.171581 -0.190468 -0.204692 -0.213534 -0.217164 -0.216635 -0.214205 -0.211492 -0.209202 -0.207034 -0.204013 -0.199579 -0.1937 -0.187964 -0.18418 -0.183088 -0.184653 -0.187642 -0.190903 -0.193656 -0.195625 -0.197012 -0.198177 -0.199467 -0.200402 -0.200208 -0.19848 -0.195107 -0.190533 -0.185372
0.11024 0.109764 0.109759 0.109805 0.1092 0.108011 0.106522 0.104967 0.103513 0.102216 0.101161 0.100474 0.0997062 0.0979001 0.0943867 0.0886774 0.0801867 0.0685033 0.0541496 0.0376626 0.0189163 -0.00202165 -0.0245218 -0.0480644 -0.0723289 -0.0968054 -0.120881 -0.144598 -0.168051 -0.189443 -0.206554 -0.218276 -0.224259 -0.225366 -0.22314 -0.21989 -0.216901 -0.214197 -0.21112 -0.206659 -0.200743 -0.193994 -0.188147 -0.184871 -0.184344 -0.186046 -0.188625 -0.191016 -0.192768 -0.193973 -0.195184 -0.196596 -0.198066 -0.19888 -0.198196 -0.1958 -0.191831 -0.186939 -0.181782
0.110568 0.111216 0.112352 0.113313 0.113227 0.112333 0.11112 0.109803 0.108496 0.107236 0.106052 0.104954 0.103409 0.100403 0.0951844 0.087199 0.0760275 0.0615264 0.0445059 0.025702 0.00492729 -0.017824 -0.0419302 -0.0667589 -0.0917533 -0.116449 -0.140491 -0.16386 -0.186416 -0.206159 -0.220775 -0.229432 -0.232255 -0.230862 -0.227186 -0.223268 -0.21991 -0.21652 -0.212292 -0.20646 -0.199515 -0.192641 -0.18733 -0.184758 -0.184674 -0.186312 -0.18844 -0.190215 -0.191476 -0.192466 -0.193728 -0.195204 -0.196387 -0.196558 -0.195063 -0.191982 -0.187696 -0.182852 -0.177988
0.110466 0.111933 0.113718 0.115156 0.115514 0.115049 0.114228 0.113229 0.112111 0.110796 0.109193 0.107197 0.104262 0.0994431 0.0919712 0.0812625 0.067211 0.0500925 0.0309785 0.0106764 -0.0113391 -0.0352723 -0.0603139 -0.085622 -0.110483 -0.134763 -0.158735 -0.181935 -0.203302 -0.220724 -0.232174 -0.237457 -0.237361 -0.234017 -0.229416 -0.224945 -0.220895 -0.216415 -0.210856 -0.203905 -0.196444 -0.189896 -0.185327 -0.183353 -0.183454 -0.184837 -0.186664 -0.188388 -0.18992 -0.191336 -0.192803 -0.19405 -0.194512 -0.193676 -0.191199 -0.187426 -0.182915 -0.17826 -0.17384
0.110461 0.112228 0.114194 0.115787 0.116431 0.116309 0.115766 0.11493 0.113776 0.11205 0.10954 0.106108 0.101255 0.0941526 0.0841258 0.0707115 0.0541593 0.0351214 0.0147066 -0.00641001 -0.0290994 -0.0536928 -0.0790425 -0.104129 -0.128337 -0.151923 -0.175658 -0.19839 -0.217908 -0.23223 -0.239989 -0.241856 -0.239302 -0.23457 -0.229383 -0.224387 -0.219437 -0.213657 -0.206747 -0.198963 -0.191379 -0.185343 -0.181509 -0.180059 -0.180348 -0.181677 -0.183611 -0.185834 -0.188151 -0.190308 -0.191982 -0.192784 -0.192313 -0.190382 -0.187003 -0.182687 -0.178053 -0.173614 -0.169622
0.110785 0.112302 0.11414 0.115738 0.11643 0.11632 0.115685 0.114588 0.112908 0.11022 0.106253 0.100967 0.0939385 0.0844008 0.0719022 0.056297 0.0381142 0.0181581 -0.00278835 -0.0243899 -0.0475335 -0.0724156 -0.0975893 -0.122045 -0.145569 -0.168552 -0.191606 -0.212907 -0.229494 -0.239889 -0.243673 -0.242353 -0.237883 -0.232174 -0.226469 -0.2209 -0.21504 -0.208009 -0.199891 -0.191537 -0.184062 -0.178565 -0.175414 -0.174562 -0.175369 -0.177223 -0.179847 -0.182954 -0.186167 -0.188959 -0.19068 -0.190939 -0.18957 -0.186728 -0.182753 -0.178182 -0.173567 -0.16932 -0.165628
0.110694 0.111768 0.113234 0.114594 0.115107 0.114723 0.113572 0.111688 0.108937 0.104874 0.0992271 0.0920011 0.0828827 0.0712757 0.0569359 0.0399347 0.0209334 0.0007196 -0.0204372 -0.0425677 -0.0661414 -0.0910023 -0.115725 -0.139491 -0.162408 -0.18463 -0.206092 -0.22462 -0.237234 -0.243242 -0.243206 -0.239191 -0.233319 -0.226948 -0.22078 -0.21462 -0.207884 -0.199744 -0.190631 -0.181912 -0.174728 -0.16995 -0.167686 -0.167691 -0.169391 -0.172244 -0.175919 -0.180001 -0.1839 -0.186949 -0.188454 -0.188128 -0.186011 -0.182533 -0.17827 -0.173663 -0.169119 -0.165058 -0.161681
0.109457 0.110162 0.111086 0.111917 0.112061 0.111202 0.10918 0.106058 0.101818 0.0961843 0.0889389 0.0799772 0.0691149 0.0560954 0.0407783 0.0231842 0.00391986 -0.0163546 -0.037811 -0.0606711 -0.0846639 -0.109209 -0.133326 -0.156487 -0.178746 -0.199684 -0.218353 -0.232735 -0.240622 -0.242219 -0.238861 -0.232753 -0.225859 -0.219015 -0.212459 -0.20572 -0.198155 -0.189095 -0.179284 -0.170464 -0.16383 -0.160118 -0.159143 -0.160404 -0.163366 -0.1675 -0.172306 -0.177173 -0.181318 -0.184105 -0.185081 -0.18414 -0.181461 -0.177631 -0.173332 -0.16883 -0.16438 -0.16056 -0.157627
