data_raster/melanesia/PNMC_current_2021/202103_North.grd
DSAA																																																																																																																																																																																																																																																																																																																																																																																																																											
412	268																																																																																																																																																																																																																																																																																																																																																																																																																										
156	174.5																																																																																																																																																																																																																																																																																																																																																																																																																										
-26.5	-14.5																																																																																																																																																																																																																																																																																																																																																																																																																										
-0.445606	0.253092																																																																																																																																																																																																																																																																																																																																																																																																																										
[rows 52 to 77 of 268, columns 59 to 117 of 412]
-0.00824154 -0.0199826 -0.0332677 -0.0479876 -0.0634028 -0.0788378 -0.0945422 -0.110729 -0.127068 -0.141703 -0.150741 -0.152641 -0.148439 -0.139838 -0.129208 -0.121056 -0.118285 -0.11172 -0.0969139 -0.0942786 -0.112374 -0.127388 -0.126895 -0.118443 -0.106448 -0.091475 -0.076379 -0.0653759 -0.0619338 -0.067589 -0.0771192 -0.0847713 -0.0881024 -0.0863142 -0.0805736 -0.072941 -0.0661571 -0.0606363 -0.0549051 -0.0477527 -0.0384577 -0.0281298 -0.0182438 -0.00920409 -0.00133111 0.00468032 0.00907553 0.0136283 0.0188154 0.0236222 0.0276606 0.0310685 0.0341171 0.037108 0.0401958 0.0434645 0.0469197 0.0504327 0.0536308
-0.00215959 -0.0133428 -0.0259342 -0.0404745 -0.0562807 -0.0724964 -0.0890547 -0.106022 -0.123361 -0.139586 -0.15117 -0.156352 -0.155367 -0.149317 -0.140124 -0.131906 -0.127102 -0.115625 -0.0935606 -0.08658 -0.106023 -0.124229 -0.126069 -0.118972 -0.107704 -0.0933794 -0.0786014 -0.0669087 -0.061493 -0.0641407 -0.0713882 -0.0788044 -0.0830453 -0.0823289 -0.0773598 -0.0702171 -0.0641357 -0.0594404 -0.0541307 -0.0469994 -0.0375909 -0.0270832 -0.0169201 -0.00737379 0.00126892 0.00805419 0.0128509 0.0169603 0.0209768 0.0246226 0.0279335 0.0311844 0.0344806 0.0378479 0.0413408 0.0450116 0.0488731 0.0527958 0.0563713
0.0032962 -0.00786503 -0.0198465 -0.0338638 -0.049519 -0.0659734 -0.0827107 -0.0995353 -0.116786 -0.133519 -0.146839 -0.154918 -0.157256 -0.154693 -0.149045 -0.142928 -0.137122 -0.122104 -0.0953841 -0.0846982 -0.102656 -0.12106 -0.123875 -0.11747 -0.106572 -0.0930774 -0.0792424 -0.0676279 -0.060958 -0.061126 -0.0662969 -0.0732974 -0.0779876 -0.0778171 -0.0733788 -0.0668359 -0.0616369 -0.0579422 -0.0533202 -0.0465524 -0.0373621 -0.0268606 -0.0164143 -0.00650433 0.00250014 0.0100165 0.0158015 0.0201999 0.023553 0.0261673 0.0286907 0.0319047 0.0356465 0.0393908 0.0431199 0.0469489 0.0508967 0.0548549 0.058493
0.00854848 -0.00329242 -0.0149887 -0.0282469 -0.043169 -0.0592121 -0.0754563 -0.0913971 -0.107609 -0.123762 -0.137984 -0.148497 -0.153914 -0.154943 -0.153541 -0.150519 -0.144848 -0.129339 -0.103348 -0.091324 -0.10451 -0.118977 -0.120755 -0.114508 -0.104044 -0.0912555 -0.0781674 -0.0669347 -0.0597689 -0.0583456 -0.0620142 -0.0685604 -0.0732211 -0.0729911 -0.0687667 -0.0628894 -0.0587312 -0.0561829 -0.0524378 -0.0462739 -0.0375567 -0.0272048 -0.0164491 -0.00629209 0.002643 0.01051 0.0173011 0.0225824 0.0261756 0.0282866 0.0300717 0.0331303 0.037149 0.0410693 0.044814 0.0485614 0.0522987 0.0559638 0.0594767
0.0145551 0.00122735 -0.0109776 -0.0235849 -0.0372975 -0.0522261 -0.0674042 -0.0821272 -0.0967711 -0.111449 -0.125633 -0.137883 -0.146107 -0.150736 -0.153587 -0.153852 -0.149219 -0.135938 -0.115096 -0.103572 -0.109303 -0.116845 -0.116626 -0.110513 -0.100629 -0.0886318 -0.0762868 -0.0654681 -0.0582334 -0.0562309 -0.0590924 -0.0648696 -0.0688079 -0.0680268 -0.0638205 -0.0586278 -0.0555266 -0.0541253 -0.0513833 -0.046032 -0.0379602 -0.0279238 -0.0170308 -0.00655398 0.00265893 0.0108624 0.0181515 0.0241131 0.0283233 0.0305027 0.0318479 0.034371 0.038023 0.0418764 0.0456973 0.0494581 0.053077 0.0565748 0.0602121
0.0217802 0.00657755 -0.00680085 -0.0190294 -0.0313388 -0.0446883 -0.0584939 -0.0720273 -0.0849788 -0.0976183 -0.110916 -0.124157 -0.135061 -0.143491 -0.150405 -0.153741 -0.150628 -0.140829 -0.126791 -0.116665 -0.114581 -0.114639 -0.112247 -0.10619 -0.0968154 -0.0856536 -0.0741571 -0.0638161 -0.0568478 -0.0550967 -0.0576321 -0.0621617 -0.0647014 -0.0630763 -0.0588332 -0.0543176 -0.052171 -0.0517749 -0.0500463 -0.0456586 -0.0384244 -0.0289885 -0.0183222 -0.00751399 0.00251262 0.0112967 0.0186952 0.0249427 0.0297869 0.032523 0.0339077 0.0356341 0.0382307 0.0416086 0.0454775 0.0495041 0.0534221 0.0572266 0.061435
0.0298633 0.0135018 -0.000739197 -0.0127275 -0.0239166 -0.0358254 -0.0484074 -0.0610233 -0.0724849 -0.0830158 -0.0949454 -0.108648 -0.122426 -0.135278 -0.146419 -0.152698 -0.150993 -0.143355 -0.133336 -0.124425 -0.118478 -0.114148 -0.109539 -0.102622 -0.0931352 -0.0824049 -0.0716917 -0.0622892 -0.0562021 -0.0549759 -0.0570495 -0.0599212 -0.0607544 -0.0582717 -0.0540662 -0.0502191 -0.0488627 -0.0492179 -0.0483301 -0.0449503 -0.038895 -0.0305699 -0.0206329 -0.00990605 0.000722333 0.0103046 0.0183774 0.0252431 0.0307712 0.0343607 0.0363253 0.0376377 0.0390746 0.0412564 0.0445293 0.0489195 0.0536919 0.0583789 0.0634069
0.0374207 0.0210509 0.00678036 -0.0048284 -0.0151003 -0.025666 -0.0370673 -0.048899 -0.059211 -0.0679998 -0.078376 -0.0919648 -0.108522 -0.126165 -0.141794 -0.151133 -0.150759 -0.143724 -0.134534 -0.126324 -0.120407 -0.115007 -0.108523 -0.100122 -0.0900216 -0.0793448 -0.0693293 -0.0612651 -0.0564696 -0.0556469 -0.0569004 -0.0579115 -0.0570565 -0.0538814 -0.0498058 -0.0465525 -0.0458172 -0.0467181 -0.0464748 -0.0440379 -0.0393579 -0.0325361 -0.0238133 -0.0137577 -0.00311438 0.00713487 0.0162884 0.0241447 0.030523 0.0352359 0.0383542 0.0401676 0.041216 0.042262 0.044594 0.0490745 0.0546281 0.0602525 0.065945
0.0423298 0.0268424 0.0133884 0.00266169 -0.00631949 -0.0150247 -0.0246906 -0.0354044 -0.0448566 -0.0526092 -0.0614569 -0.0741008 -0.0925404 -0.114468 -0.134633 -0.14745 -0.148889 -0.142819 -0.134583 -0.126963 -0.120935 -0.114868 -0.107455 -0.0982643 -0.08778 -0.0772557 -0.0679786 -0.0611526 -0.0574081 -0.0566772 -0.0569419 -0.0562118 -0.0539373 -0.0502994 -0.0463587 -0.0435049 -0.04326 -0.0446776 -0.0450059 -0.0433504 -0.0398368 -0.0344776 -0.0272785 -0.0183836 -0.00825644 0.00195927 0.0114403 0.0200288 0.0275482 0.0337519 0.0385788 0.0421138 0.0445104 0.0461385 0.048309 0.0521522 0.0572285 0.0628603 0.068553
0.0444735 0.0303559 0.0183446 0.0090182 0.00175193 -0.00466357 -0.0120658 -0.0211517 -0.0298246 -0.037195 -0.0447897 -0.0560221 -0.0754451 -0.100764 -0.125013 -0.141257 -0.144676 -0.140161 -0.133877 -0.127223 -0.120496 -0.113575 -0.10596 -0.0967765 -0.086384 -0.0762585 -0.0677022 -0.0617581 -0.0586169 -0.0577637 -0.0571716 -0.0551288 -0.0518254 -0.047852 -0.0439605 -0.0413119 -0.0413843 -0.0432181 -0.0440678 -0.0430749 -0.0404264 -0.0362482 -0.0305494 -0.0230034 -0.013727 -0.00407132 0.00511392 0.0140481 0.0226249 0.0303158 0.036993 0.0427996 0.04759 0.0512143 0.0542337 0.057406 0.0613859 0.0663642 0.0715965
0.0449349 0.0322448 0.0219801 0.0143809 0.00898765 0.00480366 -0.00020488 -0.00719262 -0.0148869 -0.0222186 -0.0290655 -0.0391198 -0.0590978 -0.0868455 -0.114135 -0.132926 -0.137751 -0.134606 -0.130549 -0.125674 -0.119383 -0.112277 -0.10451 -0.0954969 -0.0855949 -0.0760462 -0.0680335 -0.062544 -0.0596452 -0.058701 -0.0576871 -0.0549913 -0.0510772 -0.0467363 -0.0427401 -0.0401567 -0.0402761 -0.0422183 -0.0435015 -0.0431807 -0.0412222 -0.037876 -0.0332951 -0.0269142 -0.0185633 -0.00940622 -0.00027857 0.00881078 0.017777 0.0263815 0.0344769 0.0419707 0.0486361 0.0542251 0.0587207 0.0623986 0.0662469 0.0708745 0.0757788
0.0439853 0.0326977 0.0244142 0.018816 0.0154369 0.0134361 0.0108598 0.00625708 -0.000173608 -0.00743853 -0.0139232 -0.0232181 -0.0433672 -0.0724679 -0.101743 -0.122388 -0.128387 -0.126626 -0.124917 -0.122444 -0.117698 -0.111017 -0.102981 -0.0941946 -0.0851682 -0.076366 -0.0687159 -0.0632988 -0.0603422 -0.0593467 -0.0582238 -0.0553001 -0.0511255 -0.0465651 -0.0423952 -0.0396195 -0.0394113 -0.041139 -0.0427962 -0.0432497 -0.0420035 -0.0393674 -0.0356728 -0.0302712 -0.0227784 -0.0139803 -0.00471052 0.00441345 0.0133179 0.0224463 0.0316161 0.0402236 0.0480948 0.0552178 0.0613155 0.0662724 0.070776 0.0754109 0.0801926
0.0416399 0.0317806 0.0257214 0.0223893 0.0212327 0.0215384 0.0214446 0.0192839 0.0143866 0.00755168 0.00129763 -0.00760777 -0.0274953 -0.0568743 -0.0873379 -0.109645 -0.117189 -0.117248 -0.118015 -0.118138 -0.115403 -0.109479 -0.101247 -0.0928386 -0.0849435 -0.0769889 -0.0695854 -0.0639852 -0.0607463 -0.0596547 -0.058461 -0.0553625 -0.0511733 -0.0467904 -0.0425052 -0.039152 -0.0381869 -0.0394538 -0.041472 -0.0428475 -0.0424945 -0.0407111 -0.0379585 -0.0334714 -0.0266923 -0.0182396 -0.00899262 6.61738E-05 0.00893882 0.0186017 0.0287671 0.0383142 0.0471135 0.0554033 0.0627838 0.0688777 0.074049 0.0787871 0.0835218
0.0383853 0.0299541 0.0262254 0.0253383 0.0265596 0.0292113 0.0315133 0.0316865 0.0285053 0.0225198 0.016545 0.00774349 -0.0118265 -0.0410336 -0.0722097 -0.0959065 -0.105 -0.106831 -0.109758 -0.112391 -0.112174 -0.107923 -0.100363 -0.0924423 -0.0851457 -0.0776739 -0.0704684 -0.0647041 -0.0611648 -0.0598951 -0.0585357 -0.0552382 -0.0511943 -0.04728 -0.0429551 -0.0388056 -0.0368376 -0.037508 -0.0398707 -0.0422159 -0.04279 -0.0418604 -0.0400118 -0.0363234 -0.0301 -0.0220169 -0.0130078 -0.00405749 0.00491172 0.015013 0.0258534 0.0360643 0.0455573 0.0547143 0.063076 0.0701176 0.0759798 0.081021 0.0857711
0.0347902 0.0277777 0.0263704 0.0280015 0.0316547 0.03656 0.0410171 0.0432565 0.0418243 0.03703 0.0314947 0.0226254 0.00309834 -0.0260856 -0.0578181 -0.0825444 -0.0927896 -0.0958233 -0.100143 -0.104869 -0.107568 -0.106266 -0.100884 -0.0937312 -0.0861549 -0.0785085 -0.0713975 -0.0655953 -0.0618261 -0.0602169 -0.0584944 -0.0549646 -0.0511513 -0.0478207 -0.0435092 -0.0385419 -0.0355534 -0.0356328 -0.0383347 -0.0415993 -0.0429787 -0.0427314 -0.0415993 -0.0385205 -0.032703 -0.0249915 -0.0163437 -0.0074863 0.00165419 0.011898 0.022838 0.0332875 0.0432013 0.0529386 0.0620357 0.0699335 0.0766221 0.0822576 0.0871147
0.0312724 0.0257721 0.026744 0.0308695 0.0368648 0.0438718 0.0501631 0.0540041 0.0540815 0.0505815 0.0456191 0.0366803 0.0170812 -0.0122366 -0.0446317 -0.0704074 -0.0816944 -0.0854954 -0.0903354 -0.0961346 -0.101043 -0.102941 -0.100915 -0.095718 -0.0884802 -0.080546 -0.073017 -0.0667981 -0.0625057 -0.060155 -0.0577397 -0.0538898 -0.0503373 -0.0476188 -0.043324 -0.0375616 -0.0336987 -0.0333943 -0.0365258 -0.0406874 -0.0428241 -0.043161 -0.0425629 -0.0399071 -0.034365 -0.0269051 -0.018498 -0.00968184 -0.000475396 0.00956587 0.0201578 0.030548 0.0406243 0.0505061 0.0598741 0.0683397 0.075747 0.0820145 0.087128
0.0282132 0.0243522 0.0277542 0.034241 0.0423562 0.0512479 0.0590267 0.0639547 0.0651384 0.0628045 0.0584859 0.0495973 0.0299011 0.000263523 -0.0330392 -0.0600811 -0.0724996 -0.0768353 -0.0814718 -0.0871262 -0.0928494 -0.097251 -0.0990376 -0.0971736 -0.0917773 -0.0840377 -0.0756621 -0.0684732 -0.0631373 -0.0595056 -0.0559816 -0.0516305 -0.0482826 -0.0461479 -0.041862 -0.0353625 -0.0308357 -0.0304182 -0.0340987 -0.0391834 -0.0421663 -0.0431024 -0.0428274 -0.0403344 -0.0349023 -0.0275072 -0.019128 -0.0103384 -0.00129087 0.00825348 0.0182294 0.0283376 0.0382902 0.0478442 0.0569458 0.0655337 0.0733258 0.0800539 0.0855856
0.0259732 0.023739 0.0294074 0.0379891 0.047908 0.058367 0.0673406 0.0730829 0.0750602 0.0736063 0.0699223 0.0612072 0.0411709 0.0107516 -0.0236177 -0.0518184 -0.0652391 -0.0699833 -0.0742038 -0.079179 -0.0847948 -0.0907149 -0.0956239 -0.0970257 -0.0940249 -0.0873456 -0.078842 -0.0708048 -0.0641063 -0.0587786 -0.0537477 -0.0485667 -0.0452169 -0.0436071 -0.0393926 -0.032284 -0.0272019 -0.0267192 -0.0309433 -0.0370211 -0.0411113 -0.0427604 -0.0424509 -0.0396194 -0.0339904 -0.0265496 -0.0182394 -0.00962805 -0.000921635 0.00801997 0.0172552 0.0267379 0.0361557 0.0451463 0.0537476 0.062039 0.0698183 0.0768336 0.0828579
0.024775 0.0240537 0.0316561 0.0419807 0.0533534 0.0650229 0.0749167 0.0813011 0.0838266 0.0829468 0.0798369 0.0713187 0.0504701 0.0186592 -0.0166706 -0.0454801 -0.059574 -0.0647097 -0.0686744 -0.0729997 -0.078124 -0.0846076 -0.0913199 -0.0949663 -0.094108 -0.0891995 -0.0816456 -0.0732786 -0.065216 -0.0580352 -0.0512777 -0.0450169 -0.041443 -0.0402297 -0.0361213 -0.0285515 -0.0229945 -0.0224398 -0.027228 -0.0344257 -0.0398582 -0.042251 -0.041476 -0.0377771 -0.0316794 -0.0241732 -0.0160801 -0.00783635 0.000396841 0.00871294 0.017151 0.0256889 0.0342048 0.0425379 0.0505738 0.0582571 0.0656743 0.0727868 0.0792318
0.0246633 0.0253166 0.0344479 0.0461474 0.0586622 0.071228 0.081726 0.0884541 0.0912817 0.0908106 0.0881986 0.079682 0.0573589 0.023607 -0.0121236 -0.0404908 -0.0548164 -0.0604423 -0.0644335 -0.0683954 -0.0730779 -0.0795222 -0.0868461 -0.091664 -0.0923586 -0.0891188 -0.0827708 -0.0744888 -0.0654483 -0.0566414 -0.048307 -0.0410935 -0.0372413 -0.0361779 -0.0320471 -0.0241168 -0.0182561 -0.017828 -0.023449 -0.0319685 -0.0386828 -0.041527 -0.0398998 -0.0350825 -0.0285211 -0.0210179 -0.0131589 -0.0053283 0.00233571 0.00993416 0.0174999 0.0250163 0.0325368 0.0400944 0.047437 0.0543796 0.061251 0.0682041 0.0747951
0.0256745 0.0275684 0.0378513 0.0505914 0.0639454 0.0770572 0.0877899 0.0945238 0.0973971 0.0971481 0.0948123 0.0858926 0.0613821 0.0252691 -0.0101091 -0.0368037 -0.0507978 -0.0568981 -0.0610624 -0.0649036 -0.0693402 -0.0754864 -0.0826392 -0.087733 -0.0892072 -0.0870393 -0.0816112 -0.0735769 -0.0639855 -0.0539869 -0.0444967 -0.0367009 -0.0326416 -0.0314738 -0.0271588 -0.0189774 -0.0130408 -0.0130755 -0.0200466 -0.0301842 -0.0377601 -0.0403883 -0.0376237 -0.0317277 -0.0248686 -0.0175023 -0.00991713 -0.00252262 0.00453141 0.0113807 0.0180982 0.0247094 0.0313124 0.0379787 0.0444632 0.0505968 0.0567872 0.0632688 0.0696554
0.0278157 0.0308437 0.042012 0.0555272 0.0693972 0.0826065 0.093152 0.0996004 0.102252 0.101879 0.0993449 0.0894255 0.0620986 0.0234042 -0.0109 -0.0348027 -0.0477861 -0.0540505 -0.0581974 -0.0618738 -0.0661526 -0.0720289 -0.0787987 -0.0835945 -0.0850335 -0.0832051 -0.0782174 -0.0702706 -0.0603009 -0.0495745 -0.0394986 -0.0315789 -0.0274561 -0.0260279 -0.0214627 -0.0132053 -0.0074444 -0.00833703 -0.017374 -0.029502 -0.0371464 -0.0385301 -0.0344957 -0.0278361 -0.0208895 -0.0138361 -0.00672265 0.000123749 0.00659482 0.0128384 0.0189286 0.0248776 0.0307027 0.0364046 0.0418803 0.0471077 0.0524363 0.0581099 0.0639811
0.0307446 0.0348484 0.0467372 0.0607773 0.074828 0.0877318 0.0977114 0.103582 0.105764 0.104941 0.101591 0.0899117 0.0593589 0.0183014 -0.0140396 -0.0341117 -0.0455017 -0.0516068 -0.0553822 -0.0586464 -0.0627188 -0.0683168 -0.0745847 -0.0787576 -0.0796683 -0.0776706 -0.0727386 -0.0647353 -0.0545191 -0.043443 -0.0332423 -0.0255678 -0.0215495 -0.0198565 -0.0151166 -0.00704225 -0.00180547 -0.003981 -0.015593 -0.0297988 -0.0366441 -0.0358893 -0.0306826 -0.0237644 -0.0170079 -0.0104429 -0.00398525 0.00220905 0.00813573 0.013965 0.0197087 0.0252543 0.0304708 0.0352605 0.039736 0.0440844 0.0485166 0.053214 0.0582782
0.0339671 0.0391363 0.0516508 0.0659543 0.079859 0.0921778 0.101307 0.106292 0.107803 0.106312 0.101427 0.0870713 0.0532216 0.0106362 -0.018613 -0.0339472 -0.0433767 -0.0491289 -0.0521416 -0.0546257 -0.0582985 -0.0633978 -0.0688801 -0.072309 -0.0727022 -0.0704296 -0.0654046 -0.0573858 -0.0471244 -0.0359396 -0.0258424 -0.0186055 -0.0148574 -0.0130673 -0.00837257 -0.000807274 0.00343434 -0.000445578 -0.0146542 -0.0305135 -0.0358765 -0.032601 -0.0265783 -0.0199904 -0.0137564 -0.00782452 -0.00208899 0.00342183 0.00882696 0.0143899 0.0200128 0.0253408 0.0301104 0.0341924 0.0378985 0.0415899 0.0453288 0.0491519 0.0531664
0.0373958 0.0435835 0.056539 0.0708872 0.0844204 0.095924 0.103972 0.107864 0.108589 0.106177 0.0987385 0.0805696 0.0439463 0.00151409 -0.0236441 -0.0339638 -0.0412106 -0.0463233 -0.0482606 -0.0496486 -0.0526154 -0.0569214 -0.0614242 -0.0642059 -0.0643522 -0.0618856 -0.056674 -0.0485993 -0.038383 -0.027299 -0.0175129 -0.0108444 -0.00754495 -0.00592913 -0.00149768 0.005346 0.00812481 0.00224198 -0.0138689 -0.030403 -0.0342895 -0.0291241 -0.0227849 -0.0168383 -0.0113218 -0.00610142 -0.00106671 0.00382169 0.008761 0.0140844 0.0195719 0.0246335 0.0289805 0.0325641 0.0357896 0.0390702 0.0423735 0.0455932 0.0486599
0.0410684 0.0481787 0.061286 0.0755073 0.0885449 0.0990285 0.105815 0.108542 0.108423 0.104696 0.0933505 0.0701073 0.0319877 -0.00769423 -0.0280699 -0.0339608 -0.0389652 -0.0430019 -0.0436748 -0.0437755 -0.0456594 -0.0488789 -0.0523814 -0.0547683 -0.0550133 -0.0524871 -0.0469936 -0.0387014 -0.0284979 -0.0177371 -0.00851544 -0.00252799 0.000143322 0.00127274 0.00528139 0.0113256 0.0121749 0.0040625 -0.0126794 -0.0284729 -0.0315232 -0.0259748 -0.0198766 -0.0145471 -0.00974788 -0.00523237 -0.000818552 0.0035751 0.00813186 0.0131122 0.0182069 0.0227506 0.0265798 0.0298219 0.0328183 0.0358737 0.0389508 0.0418928 0.044441
