data_raster/melanesia/PNMC_current_2021/202101_North.grd
DSAA																																																																																																																																																																																																																																																																																																																																																																																																																											
412	268																																																																																																																																																																																																																																																																																																																																																																																																																										
156	174.5																																																																																																																																																																																																																																																																																																																																																																																																																										
-26.5	-14.5																																																																																																																																																																																																																																																																																																																																																																																																																										
-0.500976	0.423028																																																																																																																																																																																																																																																																																																																																																																																																																										
[rows 81 to 107 of 268, columns 120 to 179 of 412]
-0.0480935 -0.0282106 -0.00903465 0.00984622 0.0280758 0.0448295 0.0586535 0.0685837 0.0755994 0.0819951 0.0918366 0.106751 0.124949 0.143934 0.16093 0.174645 0.18461 0.190032 0.190368 0.186598 0.179826 0.170489 0.158539 0.143279 0.12383 0.0993003 0.070688 0.0403411 0.00947786 -0.0208008 -0.04665 -0.0648468 -0.0777254 -0.0885187 -0.0996692 -0.111974 -0.123874 -0.13355 -0.13917 -0.13948 -0.133847 -0.123347 -0.109955 -0.0961484 -0.0840553 -0.0742204 -0.0669892 -0.0629235 -0.0620956 -0.0638547 -0.0672435 -0.0711329 -0.0751213 -0.0792743 -0.0836881 -0.0883569 -0.0927923 -0.0965024 -0.0993554 -0.101712
-0.0431101 -0.0237884 -0.00394218 0.0159638 0.0349481 0.0518212 0.0654268 0.0753296 0.0831648 0.0915309 0.104077 0.121709 0.141664 0.160989 0.176936 0.188388 0.195158 0.196908 0.193661 0.187133 0.178891 0.169023 0.156762 0.140322 0.118837 0.092681 0.0632606 0.0326688 0.00244708 -0.025881 -0.0492348 -0.0655271 -0.0780909 -0.0904671 -0.103892 -0.118029 -0.130631 -0.139565 -0.143059 -0.140452 -0.132032 -0.11953 -0.105303 -0.0915035 -0.0798662 -0.0710071 -0.0652081 -0.0625067 -0.0625623 -0.0645584 -0.0677143 -0.0713518 -0.0752042 -0.079248 -0.0833654 -0.0874355 -0.0915001 -0.0955844 -0.0995455 -0.103358
-0.0366664 -0.017323 0.0030683 0.0233316 0.0423004 0.0589054 0.0724437 0.0829922 0.0925904 0.103707 0.118887 0.138208 0.158587 0.177069 0.191145 0.199866 0.203231 0.201505 0.195435 0.187287 0.178692 0.168649 0.155452 0.136975 0.113 0.0855087 0.0558644 0.0250201 -0.0045347 -0.0298708 -0.0501295 -0.0658282 -0.07982 -0.0944075 -0.109425 -0.123726 -0.1352 -0.142057 -0.143011 -0.137981 -0.127856 -0.114603 -0.10061 -0.0878855 -0.0779338 -0.0710284 -0.0670292 -0.0654407 -0.0657653 -0.0675646 -0.0704474 -0.0740556 -0.0779512 -0.0816726 -0.0849449 -0.0877461 -0.0908091 -0.0947764 -0.0994661 -0.104415
-0.0289862 -0.00945158 0.0112359 0.0314765 0.050227 0.0667808 0.0808115 0.0926943 0.10453 0.118356 0.135454 0.155243 0.174882 0.191661 0.20327 0.209012 0.209204 0.204639 0.196602 0.187615 0.179021 0.168319 0.153085 0.132127 0.106079 0.0774744 0.0477831 0.0177625 -0.0100662 -0.0328829 -0.0514025 -0.0675537 -0.0832363 -0.0993771 -0.114681 -0.127584 -0.136611 -0.140717 -0.139365 -0.132817 -0.122027 -0.109044 -0.0963153 -0.0857587 -0.0785666 -0.0741732 -0.0718057 -0.070978 -0.0713935 -0.0729648 -0.0755611 -0.0789626 -0.0825598 -0.0855688 -0.0876806 -0.0890361 -0.0908581 -0.0942174 -0.0989398 -0.104379
-0.020351 -0.000676658 0.020069 0.0401461 0.0588375 0.0758955 0.0911365 0.104898 0.118973 0.134831 0.152797 0.171938 0.189877 0.204303 0.213194 0.216095 0.213579 0.206912 0.197768 0.188372 0.179393 0.167145 0.149044 0.125586 0.0981631 0.0688311 0.0393224 0.011099 -0.014289 -0.0356512 -0.0540659 -0.0711815 -0.0878912 -0.104165 -0.11824 -0.128634 -0.134685 -0.136118 -0.133018 -0.12578 -0.115176 -0.103294 -0.0926844 -0.0851304 -0.0814035 -0.0798436 -0.0789965 -0.0788087 -0.0793841 -0.0808009 -0.0830285 -0.0858936 -0.0887333 -0.090672 -0.091467 -0.0914127 -0.0919751 -0.0944292 -0.0986279 -0.103986
-0.0110346 0.00868532 0.0293607 0.0492993 0.0682414 0.0864274 0.103508 0.119403 0.135286 0.152093 0.169847 0.187553 0.20307 0.214639 0.220984 0.221659 0.216946 0.20873 0.199228 0.189522 0.179165 0.16451 0.143554 0.117966 0.0896369 0.0602939 0.0315953 0.00506091 -0.0186005 -0.0393042 -0.0580708 -0.0759369 -0.0926504 -0.107434 -0.118971 -0.126441 -0.129904 -0.129464 -0.125223 -0.117703 -0.107863 -0.0977695 -0.0898314 -0.0856294 -0.0855552 -0.0870745 -0.0881485 -0.0889341 -0.0897938 -0.0909948 -0.0926655 -0.094758 -0.0966218 -0.0973411 -0.0967556 -0.0953064 -0.0946606 -0.096239 -0.0998465 -0.104943
-0.00132107 0.018441 0.0391535 0.0592394 0.078837 0.0985393 0.117597 0.135316 0.152266 0.169014 0.185667 0.201409 0.214341 0.223216 0.227419 0.226389 0.219985 0.210599 0.200872 0.190493 0.177944 0.160502 0.137126 0.109968 0.08114 0.05232 0.0248205 -0.000396228 -0.0230974 -0.0435226 -0.0624317 -0.0802913 -0.0958998 -0.108073 -0.11652 -0.12132 -0.122907 -0.121397 -0.11661 -0.109241 -0.100684 -0.0929023 -0.0879635 -0.0871421 -0.0904877 -0.0949715 -0.0981932 -0.100286 -0.101702 -0.102891 -0.104118 -0.105419 -0.106229 -0.105728 -0.103882 -0.101261 -0.0996159 -0.100421 -0.103485 -0.108286
0.00860146 0.0285546 0.0496563 0.0704064 0.0910648 0.112255 0.132761 0.151386 0.168487 0.184511 0.199528 0.213036 0.223868 0.230985 0.233523 0.230947 0.223284 0.212933 0.202341 0.1905 0.175533 0.155585 0.130367 0.102256 0.0733675 0.0451939 0.0187693 -0.00528703 -0.0271119 -0.0471851 -0.0657173 -0.0824784 -0.0960118 -0.105324 -0.111111 -0.114052 -0.11443 -0.112286 -0.107519 -0.100988 -0.094257 -0.0891366 -0.0873585 -0.0897545 -0.0959762 -0.102842 -0.107902 -0.111359 -0.113727 -0.115488 -0.116813 -0.117557 -0.117343 -0.115747 -0.112975 -0.109701 -0.107462 -0.107574 -0.110075 -0.114525
0.0191804 0.0395515 0.0612476 0.08288 0.104587 0.126754 0.14787 0.166514 0.183087 0.198072 0.211481 0.223074 0.232332 0.238217 0.239353 0.235329 0.226574 0.21519 0.203149 0.18933 0.172025 0.150035 0.123561 0.0950416 0.0664821 0.039107 0.0137356 -0.00918726 -0.0300366 -0.0494291 -0.0669653 -0.0818217 -0.0929213 -0.0998438 -0.103798 -0.105637 -0.105324 -0.10293 -0.0987664 -0.0937483 -0.0892464 -0.0869413 -0.0883868 -0.0938257 -0.102384 -0.110948 -0.117272 -0.121799 -0.125143 -0.12769 -0.129408 -0.129909 -0.128993 -0.126656 -0.123375 -0.11994 -0.117612 -0.117443 -0.119531 -0.123418
0.0309145 0.0519058 0.0741332 0.0964307 0.118699 0.140973 0.161792 0.179867 0.19562 0.209586 0.221907 0.232378 0.240374 0.244861 0.244563 0.239191 0.229253 0.216588 0.202863 0.187014 0.167604 0.144017 0.11682 0.0883498 0.0604577 0.0341995 0.010132 -0.0116022 -0.0313793 -0.0496263 -0.065571 -0.078211 -0.0871957 -0.0926982 -0.0957559 -0.0970274 -0.0964225 -0.0942441 -0.0912694 -0.0883012 -0.0862408 -0.0867385 -0.0913726 -0.0996506 -0.110021 -0.119605 -0.126549 -0.131624 -0.13557 -0.13862 -0.140639 -0.141206 -0.140169 -0.137631 -0.134255 -0.130998 -0.129065 -0.129288 -0.131261 -0.134234
0.0435308 0.0650256 0.0875674 0.11015 0.13243 0.15415 0.17413 0.191411 0.206424 0.219669 0.231289 0.240944 0.247726 0.250628 0.248682 0.241837 0.230721 0.216839 0.201476 0.183682 0.162366 0.13753 0.110078 0.0821358 0.0553326 0.03055 0.00803346 -0.0124299 -0.0310025 -0.0476708 -0.0616292 -0.0721205 -0.0795259 -0.0844412 -0.0873727 -0.0886376 -0.088303 -0.0869373 -0.0856164 -0.0849745 -0.0854695 -0.0887259 -0.0963146 -0.106851 -0.118081 -0.127871 -0.135081 -0.140563 -0.144986 -0.148425 -0.150737 -0.15162 -0.150888 -0.14854 -0.145344 -0.142418 -0.141004 -0.141758 -0.143592 -0.145415
0.0565155 0.0781421 0.100702 0.123156 0.144996 0.165839 0.184851 0.201429 0.216009 0.228922 0.239944 0.248558 0.253941 0.255147 0.25126 0.242688 0.230574 0.215859 0.199074 0.179446 0.156381 0.130589 0.103335 0.0764617 0.0512525 0.0282498 0.00740235 -0.0117053 -0.0288921 -0.0436585 -0.0555021 -0.0642161 -0.07064 -0.0755227 -0.0788741 -0.0807333 -0.0813607 -0.0814548 -0.0821057 -0.0838454 -0.086953 -0.0928875 -0.102936 -0.114813 -0.125769 -0.135029 -0.142485 -0.1486 -0.153656 -0.157598 -0.160312 -0.161648 -0.161385 -0.159391 -0.156491 -0.153902 -0.152815 -0.153713 -0.155109 -0.155754
0.0692331 0.0907201 0.11304 0.135085 0.156269 0.176208 0.194394 0.2105 0.22482 0.237418 0.247699 0.255012 0.258709 0.257965 0.251968 0.241699 0.228923 0.213758 0.195697 0.174308 0.149704 0.123357 0.0968758 0.0717107 0.0485975 0.0274626 0.00812753 -0.00956174 -0.0251246 -0.0378708 -0.0477946 -0.0552841 -0.0612821 -0.0664578 -0.0705731 -0.0735356 -0.0756847 -0.0776909 -0.0804979 -0.0846317 -0.0904029 -0.0987989 -0.11046 -0.122753 -0.133035 -0.141773 -0.149655 -0.156576 -0.162357 -0.166852 -0.169978 -0.171693 -0.171787 -0.170099 -0.167495 -0.16522 -0.164277 -0.164957 -0.165756 -0.165487
0.081209 0.102444 0.124367 0.14587 0.166376 0.185558 0.203156 0.218984 0.23302 0.245022 0.254265 0.260038 0.26171 0.258682 0.250567 0.238887 0.225803 0.210463 0.191267 0.168318 0.142606 0.116295 0.0912178 0.068292 0.0475537 0.0281789 0.0100992 -0.00612249 -0.0198903 -0.0307652 -0.0392239 -0.0460606 -0.0520746 -0.0577506 -0.062851 -0.0672773 -0.0713095 -0.0754857 -0.0805645 -0.0871245 -0.0955826 -0.106134 -0.11849 -0.13048 -0.14028 -0.148935 -0.157357 -0.165014 -0.171432 -0.176451 -0.179967 -0.181902 -0.182105 -0.180522 -0.178087 -0.17603 -0.175077 -0.175331 -0.175551 -0.174767
0.0922874 0.113315 0.134852 0.155817 0.175695 0.194245 0.211328 0.226785 0.240301 0.251392 0.259304 0.263271 0.262578 0.257013 0.246943 0.234228 0.220987 0.205542 0.185517 0.161648 0.135737 0.110327 0.0871895 0.0665602 0.047907 0.0300748 0.0132328 -0.0014652 -0.0135508 -0.023047 -0.0306273 -0.0371626 -0.0434302 -0.0498669 -0.0561774 -0.0622223 -0.0682649 -0.074745 -0.0822486 -0.0913383 -0.102419 -0.114833 -0.127406 -0.138857 -0.14844 -0.157166 -0.165758 -0.173634 -0.180343 -0.18582 -0.189833 -0.191995 -0.192153 -0.190441 -0.187897 -0.185775 -0.184632 -0.184469 -0.184262 -0.183206
0.102507 0.123443 0.144695 0.165214 0.184557 0.202553 0.219062 0.233865 0.246513 0.256395 0.262689 0.264548 0.261196 0.252973 0.241239 0.227889 0.214513 0.198956 0.178598 0.154747 0.129752 0.106088 0.0851663 0.0665442 0.0494402 0.032975 0.0175229 0.00432152 -0.00646218 -0.0152578 -0.0226179 -0.0292007 -0.0358921 -0.043233 -0.0508593 -0.058589 -0.0667147 -0.0755938 -0.0856102 -0.0971613 -0.110466 -0.124283 -0.13694 -0.148009 -0.157595 -0.166291 -0.174482 -0.181941 -0.188535 -0.194339 -0.19891 -0.201364 -0.201463 -0.199506 -0.196599 -0.194034 -0.192471 -0.191993 -0.191577 -0.19042
0.112097 0.133015 0.154073 0.174263 0.193178 0.210654 0.226455 0.240281 0.251719 0.260137 0.264522 0.263946 0.257739 0.246921 0.233889 0.220276 0.206775 0.191181 0.171162 0.148359 0.12523 0.103783 0.0849376 0.0678961 0.0519848 0.0369108 0.0230346 0.0111139 0.00104206 -0.00771541 -0.0155174 -0.0227526 -0.0301345 -0.0382143 -0.0470073 -0.0565391 -0.0669641 -0.0783745 -0.0907917 -0.104294 -0.118849 -0.133248 -0.146018 -0.157088 -0.166768 -0.175212 -0.182612 -0.189308 -0.195559 -0.201453 -0.206363 -0.20908 -0.209266 -0.207236 -0.203952 -0.200618 -0.198338 -0.197586 -0.197163 -0.196121
0.121252 0.142121 0.163003 0.182907 0.201395 0.218248 0.23313 0.245689 0.255616 0.262291 0.264486 0.261274 0.252309 0.239278 0.225401 0.211849 0.198308 0.182871 0.163856 0.142918 0.122225 0.103102 0.0860237 0.0702585 0.0554542 0.0418284 0.0295129 0.0185165 0.00857001 -0.000698197 -0.00942905 -0.0177563 -0.0260723 -0.0348832 -0.0448209 -0.0562407 -0.0690401 -0.0829111 -0.0973892 -0.112208 -0.12717 -0.141513 -0.154354 -0.165558 -0.175184 -0.183176 -0.18973 -0.195599 -0.201291 -0.206856 -0.211659 -0.214528 -0.21505 -0.213372 -0.210069 -0.206055 -0.20295 -0.201769 -0.20131 -0.200559
0.130094 0.150736 0.171338 0.190838 0.208708 0.224649 0.238331 0.249422 0.257593 0.26219 0.261946 0.256137 0.244936 0.230485 0.216312 0.203086 0.189714 0.17476 0.157253 0.138583 0.120383 0.103384 0.0878167 0.0733245 0.0598238 0.047587 0.0364537 0.0259275 0.0156762 0.00552559 -0.00432421 -0.013715 -0.0230932 -0.033107 -0.0445555 -0.0578448 -0.0727339 -0.0886146 -0.104591 -0.120235 -0.135407 -0.149614 -0.16227 -0.173192 -0.18235 -0.189818 -0.195855 -0.20105 -0.205863 -0.210499 -0.214632 -0.217493 -0.218646 -0.217907 -0.215321 -0.211327 -0.207649 -0.205663 -0.204795 -0.204408
0.138358 0.158589 0.178623 0.197383 0.214297 0.229026 0.241294 0.250793 0.257069 0.259391 0.256575 0.248331 0.235647 0.22083 0.206978 0.194278 0.181292 0.167168 0.15158 0.135376 0.119501 0.104394 0.0902812 0.0771639 0.0650506 0.0539541 0.0434543 0.0328435 0.0218633 0.0105815 -0.000455748 -0.0108655 -0.0214222 -0.0330208 -0.0462378 -0.0612696 -0.0777831 -0.0950296 -0.111925 -0.128013 -0.143245 -0.157236 -0.169507 -0.179885 -0.188395 -0.19536 -0.201075 -0.205661 -0.209416 -0.212889 -0.21621 -0.21909 -0.221029 -0.221437 -0.219885 -0.216371 -0.21245 -0.209653 -0.208275 -0.208311
0.145604 0.165299 0.184326 0.20182 0.217341 0.230627 0.241384 0.249231 0.253576 0.253617 0.24827 0.237859 0.224549 0.210512 0.19761 0.185603 0.173201 0.160217 0.146865 0.133223 0.119473 0.106152 0.0936422 0.0819623 0.071021 0.060615 0.0501516 0.038829 0.0266427 0.0140547 0.00177734 -0.00979039 -0.0216592 -0.034861 -0.0497528 -0.0662774 -0.0838805 -0.101796 -0.119112 -0.135333 -0.150264 -0.16374 -0.175601 -0.185623 -0.193712 -0.200239 -0.205478 -0.209336 -0.212129 -0.214782 -0.217726 -0.220846 -0.223478 -0.224671 -0.22377 -0.220621 -0.216724 -0.213701 -0.212269 -0.212893
0.151574 0.170618 0.188427 0.204298 0.218031 0.229592 0.238697 0.244858 0.247195 0.244859 0.237226 0.225331 0.21222 0.199675 0.188166 0.177153 0.165722 0.154186 0.143075 0.131897 0.120273 0.108764 0.0978113 0.087387 0.0772717 0.067059 0.0560632 0.0435124 0.0297364 0.0156332 0.00203261 -0.010716 -0.0238748 -0.0385862 -0.0548932 -0.0724604 -0.0906089 -0.108643 -0.125895 -0.141907 -0.1564 -0.169358 -0.180826 -0.190528 -0.198255 -0.204311 -0.208962 -0.212192 -0.214416 -0.216651 -0.219391 -0.222547 -0.225436 -0.227053 -0.226642 -0.223945 -0.220396 -0.217683 -0.216916 -0.21884
0.156145 0.174392 0.191025 0.205177 0.216872 0.226419 0.233668 0.238059 0.238229 0.233347 0.223904 0.211605 0.199422 0.188574 0.178658 0.169033 0.159106 0.149291 0.140134 0.131151 0.121829 0.112255 0.102603 0.0930303 0.0833145 0.0727947 0.0607592 0.0466133 0.0309914 0.0151376 0.000110661 -0.0136894 -0.0279573 -0.0440399 -0.0614173 -0.0794317 -0.0976104 -0.115388 -0.132119 -0.147553 -0.1617 -0.174415 -0.185473 -0.194636 -0.201796 -0.207276 -0.211413 -0.214398 -0.216603 -0.218657 -0.220929 -0.223487 -0.226004 -0.227867 -0.228209 -0.226445 -0.223701 -0.22167 -0.222326 -0.226587
0.159438 0.176639 0.191971 0.204423 0.214174 0.221759 0.227014 0.229282 0.227071 0.219875 0.209368 0.197657 0.186997 0.177954 0.169647 0.161515 0.153302 0.145305 0.137891 0.130848 0.123785 0.116223 0.107895 0.098907 0.089042 0.0776679 0.064168 0.0481099 0.0304363 0.0127448 -0.00372937 -0.0185738 -0.0338372 -0.051014 -0.069077 -0.0871101 -0.1049 -0.122058 -0.137989 -0.152613 -0.166155 -0.178391 -0.188914 -0.197474 -0.20403 -0.209041 -0.21296 -0.216014 -0.218377 -0.220191 -0.221758 -0.223497 -0.225494 -0.227535 -0.228792 -0.228504 -0.227288 -0.226575 -0.229012 -0.235542
0.161567 0.177435 0.191205 0.202017 0.210115 0.215996 0.219155 0.218788 0.214057 0.205217 0.194607 0.184282 0.175552 0.168353 0.161546 0.154771 0.148156 0.141884 0.136114 0.130834 0.125787 0.120191 0.11334 0.104801 0.0942784 0.0815881 0.0663211 0.048083 0.0281969 0.0087324 -0.00910191 -0.0250571 -0.0412186 -0.0590349 -0.0773104 -0.0950548 -0.112155 -0.128396 -0.1434 -0.157073 -0.16951 -0.180706 -0.190548 -0.198644 -0.20479 -0.209651 -0.213762 -0.217042 -0.219376 -0.220727 -0.221548 -0.222689 -0.224449 -0.226711 -0.228931 -0.230541 -0.231626 -0.233049 -0.237326 -0.24519
0.162487 0.176895 0.189029 0.198206 0.204671 0.208784 0.20963 0.206355 0.19933 0.189775 0.180071 0.171756 0.165074 0.159519 0.154095 0.148631 0.143435 0.138665 0.134425 0.130832 0.127652 0.123741 0.118004 0.109688 0.0984648 0.0844273 0.0672949 0.0467198 0.0245354 0.00342504 -0.0155719 -0.0325009 -0.0492282 -0.0670126 -0.0847973 -0.101778 -0.118022 -0.133353 -0.147289 -0.159752 -0.170955 -0.181131 -0.190393 -0.19823 -0.204298 -0.209367 -0.213918 -0.2174 -0.219494 -0.220397 -0.220755 -0.221556 -0.22327 -0.225977 -0.229337 -0.232902 -0.236521 -0.240619 -0.24699 -0.255783
0.162221 0.175152 0.185683 0.19319 0.19784 0.199854 0.19816 0.192122 0.183443 0.17417 0.166171 0.160156 0.15538 0.151176 0.14706 0.142951 0.139013 0.135513 0.132719 0.130751 0.129215 0.126486 0.121226 0.112922 0.101272 0.0861194 0.0671795 0.0443475 0.0200246 -0.00251579 -0.0224514 -0.0401259 -0.0570051 -0.0740805 -0.0906886 -0.106445 -0.121718 -0.136223 -0.149006 -0.160125 -0.170322 -0.179906 -0.188874 -0.196705 -0.203051 -0.208586 -0.213596 -0.217168 -0.218956 -0.21961 -0.219892 -0.220598 -0.222415 -0.225841 -0.230531 -0.235922 -0.242003 -0.249051 -0.257707 -0.267168
