data_raster/melanesia/PNMC_current_2021/202106_North.grd
DSAA																																																																																																																																																																																																																																																																																																																																																																																																																											
412	268																																																																																																																																																																																																																																																																																																																																																																																																																										
156	174.5																																																																																																																																																																																																																																																																																																																																																																																																																										
-26.5	-14.5																																																																																																																																																																																																																																																																																																																																																																																																																										
-0.406378	0.380601																																																																																																																																																																																																																																																																																																																																																																																																																										
[rows 78 to 103 of 268, columns 118 to 176 of 412]
0.0583325 0.0545919 0.0489402 0.0405333 0.0308888 0.0228596 0.0177594 0.0160426 0.0173553 0.0204471 0.0221408 0.0207411 0.0180227 0.0152733 0.0126493 0.0101414 0.00768298 0.00543275 0.00366395 0.00253196 0.0020749 0.0020469 0.00222456 0.00262495 0.00325099 0.00400443 0.004432 0.00373854 0.00197595 -0.000171679 -0.00241547 -0.00479916 -0.00801099 -0.0128038 -0.0193741 -0.0276411 -0.037168 -0.0474631 -0.058085 -0.0700192 -0.0852994 -0.100403 -0.108599 -0.108845 -0.103179 -0.0955292 -0.0892906 -0.0843756 -0.0791193 -0.0701134 -0.0580627 -0.0494705 -0.0478218 -0.0529901 -0.0602909 -0.0631005 -0.0605921 -0.054404 -0.0462702
0.0637111 0.0600485 0.0542771 0.0460518 0.0372508 0.0308441 0.0272601 0.0257765 0.0255051 0.0253627 0.0238386 0.0203423 0.0161704 0.0122059 0.00853806 0.00538578 0.00306047 0.00120874 -0.000819006 -0.00307289 -0.00535875 -0.00744175 -0.00913626 -0.0104093 -0.0112198 -0.0114786 -0.0113175 -0.0111191 -0.0111323 -0.0114958 -0.0123876 -0.0139751 -0.0162428 -0.0191937 -0.0231205 -0.0285536 -0.0364075 -0.0467534 -0.0583477 -0.071373 -0.0872056 -0.102015 -0.109105 -0.108259 -0.102454 -0.0952851 -0.0896225 -0.0854677 -0.0812002 -0.0731366 -0.0625416 -0.0575213 -0.0599572 -0.065433 -0.0691676 -0.0669817 -0.0593446 -0.0486737 -0.0373997
0.0672618 0.0637278 0.0582928 0.0511493 0.0441441 0.0397436 0.0372309 0.0347529 0.0316043 0.0276124 0.0232035 0.018788 0.0145375 0.0105179 0.00671189 0.00340139 0.00103021 -0.00101202 -0.00379688 -0.00738973 -0.0114205 -0.0153487 -0.0187121 -0.0213618 -0.0232161 -0.0242237 -0.0243593 -0.0236451 -0.0224371 -0.0213511 -0.0210058 -0.0218318 -0.0232259 -0.0245288 -0.0261452 -0.0292504 -0.0362118 -0.0473263 -0.059562 -0.0722031 -0.0868523 -0.100233 -0.106367 -0.105497 -0.100732 -0.0947911 -0.0897915 -0.086347 -0.0833184 -0.0766978 -0.0679023 -0.0658611 -0.0708363 -0.0748775 -0.0742558 -0.0683067 -0.0577704 -0.0442367 -0.0305108
0.069219 0.0658837 0.0610303 0.0554851 0.0504812 0.0471559 0.0442564 0.0399274 0.0342894 0.0281134 0.0224314 0.0177834 0.0136869 0.00982219 0.00621892 0.00280513 -0.000619062 -0.00445553 -0.00911325 -0.0143173 -0.0195555 -0.0244291 -0.0286207 -0.0319505 -0.03432 -0.0357318 -0.0361958 -0.0357345 -0.0346006 -0.0332469 -0.032313 -0.0323264 -0.0326628 -0.0326519 -0.0328688 -0.0348494 -0.0416477 -0.0531181 -0.0640674 -0.0735451 -0.0850291 -0.096659 -0.103274 -0.104328 -0.101524 -0.0968186 -0.0920789 -0.0886567 -0.08609 -0.0805213 -0.0731889 -0.0724424 -0.0771926 -0.0777775 -0.0724854 -0.0643921 -0.0536238 -0.0397575 -0.0254836
0.0709363 0.068246 0.0642052 0.0597276 0.0555231 0.0519291 0.0477799 0.0417475 0.0347173 0.0279807 0.0221909 0.017463 0.013116 0.00878644 0.00460782 0.00028146 -0.00483853 -0.0108201 -0.0173545 -0.0239372 -0.0300765 -0.0356271 -0.040473 -0.0443526 -0.0471094 -0.0488063 -0.0494929 -0.0491934 -0.0481612 -0.0468231 -0.0455492 -0.0445423 -0.0432586 -0.04144 -0.0407513 -0.0431802 -0.050426 -0.0611254 -0.0695131 -0.0752403 -0.0834937 -0.0934488 -0.100331 -0.102879 -0.101659 -0.0979099 -0.0932753 -0.0900157 -0.088567 -0.0854588 -0.0809815 -0.0808818 -0.0833796 -0.0800727 -0.0711551 -0.0615987 -0.0508964 -0.0371625 -0.0226264
0.0728419 0.0712176 0.0680951 0.0639004 0.059182 0.0543836 0.0487812 0.0415979 0.0341097 0.027671 0.0221793 0.0171718 0.0120096 0.006428 0.000646155 -0.00549821 -0.0124645 -0.0200832 -0.0278261 -0.0352651 -0.0420865 -0.0482716 -0.0537637 -0.0582208 -0.0614263 -0.0634528 -0.0642744 -0.063755 -0.0623046 -0.0606828 -0.0589219 -0.0566481 -0.0533791 -0.0494504 -0.0482153 -0.0520635 -0.0596126 -0.0680041 -0.0731348 -0.0759279 -0.0821239 -0.0909491 -0.0973787 -0.100123 -0.0997198 -0.0968543 -0.092825 -0.0907046 -0.0916924 -0.0924781 -0.091724 -0.0913924 -0.0899365 -0.0828498 -0.0716391 -0.0608801 -0.0497189 -0.0358882 -0.0209477
0.0740911 0.073409 0.0710342 0.0671191 0.0620858 0.0563937 0.0496375 0.0414551 0.0333816 0.0268066 0.0211429 0.0155439 0.00935946 0.00236351 -0.00516613 -0.0131405 -0.0216265 -0.0303142 -0.0387065 -0.0465357 -0.0536496 -0.0599983 -0.0655327 -0.0701395 -0.0737063 -0.0761349 -0.0772146 -0.0766495 -0.0748595 -0.0727154 -0.0700924 -0.0664316 -0.0617003 -0.0568618 -0.0557481 -0.0602788 -0.0665304 -0.0710362 -0.0724317 -0.0730822 -0.0785047 -0.087337 -0.0938638 -0.096888 -0.0973378 -0.0959499 -0.0939883 -0.0945508 -0.0986506 -0.102313 -0.10269 -0.099322 -0.0918838 -0.0802468 -0.0669888 -0.055668 -0.0449114 -0.0320634 -0.0178971
0.0742972 0.074346 0.07251 0.0689786 0.0640339 0.0579312 0.050422 0.041418 0.0325415 0.0251961 0.0187471 0.0122845 0.00508633 -0.00311108 -0.0120124 -0.0213284 -0.0307973 -0.0400568 -0.0487203 -0.0566209 -0.0636634 -0.0697 -0.0746975 -0.0789506 -0.0825623 -0.0852186 -0.0865395 -0.0861585 -0.0843658 -0.0818606 -0.0784186 -0.073556 -0.0680659 -0.0635411 -0.0628306 -0.0665936 -0.069857 -0.0696914 -0.067587 -0.0671491 -0.0732336 -0.0834817 -0.0911196 -0.0947592 -0.0956711 -0.0955451 -0.0963058 -0.100209 -0.107093 -0.111734 -0.110347 -0.102086 -0.0883488 -0.0724188 -0.0575785 -0.0463901 -0.0368153 -0.0256421 -0.0129117
0.0735023 0.0743733 0.0730295 0.069538 0.0642218 0.057506 0.0494432 0.0401752 0.0309828 0.0229341 0.0155477 0.00810221 -3.85609E-05 -0.00911855 -0.0188854 -0.0289634 -0.0389087 -0.0483838 -0.0571296 -0.0649747 -0.0717797 -0.0773978 -0.0818374 -0.0855093 -0.088621 -0.0909211 -0.092072 -0.0917294 -0.0901759 -0.0880414 -0.0846824 -0.0792267 -0.0732684 -0.069051 -0.0680946 -0.0698625 -0.0695159 -0.0652829 -0.0610265 -0.061137 -0.0694799 -0.082389 -0.0917182 -0.0954947 -0.0951328 -0.09422 -0.0962314 -0.102199 -0.110447 -0.114778 -0.111145 -0.0993671 -0.0822023 -0.0647148 -0.0500093 -0.0393611 -0.0303618 -0.019735 -0.00708317
0.0714685 0.0732906 0.0724617 0.0689502 0.0632225 0.0560098 0.0476926 0.0385953 0.0294873 0.0209557 0.0126938 0.00426003 -0.00473105 -0.0144221 -0.0246427 -0.0350376 -0.0451266 -0.0546196 -0.063334 -0.0710483 -0.0775624 -0.0828222 -0.0868834 -0.0899898 -0.0923271 -0.0939241 -0.0946417 -0.0942072 -0.0930006 -0.0917117 -0.0891907 -0.0839317 -0.0778317 -0.0734254 -0.071337 -0.070422 -0.0665121 -0.0592974 -0.0549436 -0.0578093 -0.0693155 -0.0843909 -0.0943449 -0.097067 -0.0942954 -0.0913126 -0.092992 -0.0995216 -0.1081 -0.111745 -0.106491 -0.0933487 -0.0759211 -0.0595967 -0.0464914 -0.0363064 -0.0266322 -0.0147461 -0.000334324
0.0679619 0.0707462 0.0704771 0.0674708 0.0622339 0.0553553 0.0472785 0.0384149 0.0293158 0.0203642 0.0113407 0.00199953 -0.00774614 -0.0178994 -0.0283685 -0.038875 -0.0489972 -0.0584494 -0.0670265 -0.0745102 -0.0807277 -0.0857107 -0.0895352 -0.0922598 -0.0940237 -0.0951005 -0.0955269 -0.0950933 -0.0942179 -0.0936009 -0.0919982 -0.0876889 -0.0819961 -0.0769053 -0.0730172 -0.0694148 -0.0624845 -0.0534769 -0.0514219 -0.0594645 -0.0737874 -0.0881696 -0.0957204 -0.0957191 -0.0908774 -0.0864948 -0.087281 -0.0936042 -0.102511 -0.106071 -0.100253 -0.087323 -0.071397 -0.0575038 -0.0463634 -0.0359494 -0.0241803 -0.00942825 0.00794469
0.063828 0.0674951 0.0679213 0.0657116 0.0613198 0.055081 0.0474144 0.0387785 0.0296424 0.0203182 0.0106538 0.000550565 -0.0098307 -0.0203689 -0.0310212 -0.0415694 -0.051646 -0.0609641 -0.0692951 -0.07646 -0.0823453 -0.0870236 -0.0905712 -0.0929557 -0.0943072 -0.0950542 -0.0953604 -0.0950834 -0.094564 -0.094358 -0.0934563 -0.0903475 -0.0853096 -0.0792935 -0.0734347 -0.0676847 -0.0592717 -0.050743 -0.0529545 -0.0666782 -0.0818021 -0.0919907 -0.0944504 -0.0905598 -0.0838088 -0.0785956 -0.0786011 -0.0843719 -0.0933372 -0.0978689 -0.0938062 -0.0827295 -0.068722 -0.0572577 -0.0475857 -0.0354958 -0.0201921 -0.00234848 0.0172879
0.0598139 0.0641466 0.0654152 0.0638668 0.0598787 0.0539002 0.0464712 0.0381101 0.0290626 0.0194532 0.00927714 -0.00138266 -0.012236 -0.0230941 -0.0339176 -0.0444746 -0.0543727 -0.0633758 -0.0713404 -0.0781108 -0.0835719 -0.0877925 -0.0908561 -0.0927682 -0.0937135 -0.0941962 -0.0944746 -0.0945014 -0.0944356 -0.0945045 -0.0939922 -0.0917762 -0.0872272 -0.0803768 -0.0729837 -0.0661682 -0.0587787 -0.053934 -0.0612845 -0.0785067 -0.0910483 -0.0941051 -0.0901654 -0.0821057 -0.0730573 -0.066851 -0.0664717 -0.0715663 -0.0799042 -0.0867551 -0.0878393 -0.0802211 -0.0671222 -0.0565566 -0.0469167 -0.0316094 -0.0122248 0.00713857 0.0265214
0.0546135 0.0590228 0.0608679 0.0599145 0.0564091 0.0508987 0.0439291 0.0359601 0.0270765 0.0173083 0.00683282 -0.00410147 -0.0151645 -0.0261333 -0.0369236 -0.0472661 -0.0567489 -0.0652233 -0.0726733 -0.078931 -0.0838302 -0.0874513 -0.0899343 -0.0914148 -0.0921475 -0.0925843 -0.0929998 -0.0934374 -0.0938703 -0.0941831 -0.0938753 -0.0921722 -0.0878913 -0.0805579 -0.0726945 -0.0666488 -0.0628764 -0.0637404 -0.0745228 -0.0905758 -0.0976234 -0.0933152 -0.0836559 -0.0720591 -0.0608553 -0.0534279 -0.0523385 -0.0565492 -0.0646013 -0.0755236 -0.0841721 -0.080175 -0.0651206 -0.0510623 -0.0383846 -0.0210725 -0.00138068 0.0162735 0.0333085
0.0473223 0.050952 0.0526983 0.0522587 0.0497007 0.0453191 0.0393437 0.0319656 0.0233362 0.0136429 0.00321034 -0.00761538 -0.0184961 -0.0291813 -0.0395244 -0.049258 -0.0580315 -0.0657835 -0.0725795 -0.0782079 -0.0824436 -0.0854393 -0.0874476 -0.0887348 -0.0895752 -0.0902509 -0.0909675 -0.0918279 -0.0927146 -0.093329 -0.0932447 -0.091847 -0.087833 -0.0807514 -0.0740052 -0.0708889 -0.0724727 -0.0789395 -0.0894203 -0.09887 -0.0986743 -0.0889014 -0.0754695 -0.0614658 -0.048762 -0.0400655 -0.0376024 -0.0412798 -0.0509994 -0.0674064 -0.0833103 -0.0814612 -0.0615472 -0.0389009 -0.0195801 -0.00336851 0.0102878 0.0224588 0.0360137
0.0394099 0.0415663 0.0424177 0.0418606 0.0399002 0.0365848 0.0317621 0.0252712 0.0173113 0.00820881 -0.00163589 -0.0118178 -0.0219515 -0.0317722 -0.0411616 -0.0499189 -0.0577858 -0.0647426 -0.07086 -0.0758946 -0.0796047 -0.0822448 -0.0841448 -0.0855092 -0.0865259 -0.0873881 -0.0882804 -0.0893623 -0.0905587 -0.0915929 -0.0920121 -0.0912019 -0.0881476 -0.0827966 -0.0789868 -0.0800247 -0.0859799 -0.0947377 -0.101567 -0.102538 -0.0951104 -0.0810342 -0.0647835 -0.0489173 -0.0351414 -0.0255174 -0.022334 -0.0282321 -0.0437207 -0.0646741 -0.0816233 -0.0792406 -0.0564753 -0.0258951 0.000895112 0.0150822 0.0205584 0.0257327 0.0355809
0.0322426 0.0326597 0.0320887 0.0306616 0.0284928 0.0256331 0.0217086 0.0162799 0.00944296 0.00148328 -0.00720326 -0.0161832 -0.0249953 -0.0333922 -0.0413982 -0.0489306 -0.0558114 -0.0619981 -0.0674919 -0.0720547 -0.0754916 -0.0781503 -0.0803489 -0.0819798 -0.0830365 -0.0838016 -0.0846116 -0.0858118 -0.0874441 -0.0892751 -0.0907443 -0.0911726 -0.0901607 -0.088195 -0.0885502 -0.0933281 -0.100497 -0.106724 -0.107659 -0.10124 -0.0880023 -0.0703868 -0.0519082 -0.0347125 -0.0204012 -0.01111 -0.00978133 -0.0213342 -0.0448624 -0.0667908 -0.0767159 -0.0709097 -0.0492854 -0.0156213 0.0159034 0.0280478 0.0268465 0.0263817 0.0332315
0.0262965 0.025465 0.0237923 0.0215033 0.018819 0.0158949 0.012345 0.00766389 0.0018713 -0.00482097 -0.0120744 -0.0195071 -0.0267048 -0.0334974 -0.0400257 -0.0463063 -0.0522315 -0.0577037 -0.0626176 -0.066765 -0.0700278 -0.0728084 -0.0753587 -0.0772104 -0.0781511 -0.0786105 -0.0793136 -0.0811939 -0.0842796 -0.0878711 -0.0911763 -0.0935492 -0.0953709 -0.0975152 -0.101344 -0.107002 -0.111586 -0.112202 -0.106695 -0.0946993 -0.0777169 -0.0583102 -0.0395202 -0.0227857 -0.00936878 -0.00337753 -0.00881824 -0.0266035 -0.051756 -0.0686378 -0.0694401 -0.0587514 -0.0379027 -0.00569059 0.0239808 0.0317162 0.0261279 0.0244134 0.0299269
0.0204691 0.0192453 0.0172061 0.0145506 0.0115342 0.00839488 0.00487904 0.000617519 -0.00431546 -0.00971358 -0.0153511 -0.0210108 -0.0265015 -0.0317862 -0.0370138 -0.042216 -0.0473056 -0.0521304 -0.0565112 -0.0603229 -0.0635384 -0.0664389 -0.0690921 -0.0708232 -0.0714328 -0.0717478 -0.0730049 -0.0766785 -0.0824369 -0.0885999 -0.0941412 -0.0986502 -0.103123 -0.108469 -0.113584 -0.116788 -0.116118 -0.11038 -0.0996392 -0.0846 -0.0665894 -0.0478609 -0.0310608 -0.0169828 -0.00664517 -0.00644775 -0.0205738 -0.0410718 -0.0585064 -0.0653881 -0.0593353 -0.0445525 -0.0231254 0.00430507 0.0261045 0.0274936 0.0198321 0.0205617 0.0258956
0.0120029 0.0111068 0.00929256 0.00684408 0.00405028 0.00115614 -0.00198161 -0.00557608 -0.00939346 -0.0131597 -0.0168513 -0.0205253 -0.0243052 -0.0282933 -0.032547 -0.0369882 -0.0414253 -0.0456788 -0.0496125 -0.0533041 -0.0568333 -0.0599561 -0.0622787 -0.0632419 -0.0632238 -0.0642303 -0.0678053 -0.0746527 -0.08357 -0.0920714 -0.0991873 -0.104933 -0.110275 -0.11575 -0.119237 -0.118583 -0.11295 -0.102668 -0.0895527 -0.0748537 -0.0591563 -0.0437187 -0.0302579 -0.0202159 -0.015441 -0.0204245 -0.0363304 -0.0513648 -0.0564919 -0.0535363 -0.0443542 -0.0290789 -0.00921856 0.011846 0.0253962 0.0224032 0.014427 0.016422 0.0206297
-0.000286642 -0.000335391 -0.00114047 -0.00246935 -0.00409145 -0.00582299 -0.00778605 -0.0101233 -0.0124704 -0.0144926 -0.0163574 -0.0183475 -0.0207879 -0.0238156 -0.0273194 -0.0311503 -0.0351385 -0.0390899 -0.042851 -0.0466085 -0.0504481 -0.0535261 -0.0550508 -0.0549815 -0.054711 -0.0577937 -0.0654077 -0.0757389 -0.0867722 -0.0965971 -0.104481 -0.110394 -0.114783 -0.117792 -0.117919 -0.11378 -0.105129 -0.0930415 -0.080309 -0.0683021 -0.0567832 -0.0456983 -0.0354803 -0.0289411 -0.0292773 -0.036118 -0.0462115 -0.0507282 -0.0452591 -0.0366161 -0.0278743 -0.0152776 0.000909952 0.0160716 0.0239893 0.019636 0.0123204 0.0131667 0.0151468
-0.0158156 -0.0147696 -0.0134529 -0.012333 -0.0115223 -0.0109399 -0.0107588 -0.011163 -0.0118789 -0.0126487 -0.0136341 -0.0150463 -0.0170408 -0.0195639 -0.0223223 -0.0254013 -0.0291673 -0.0333642 -0.0374314 -0.0412231 -0.044589 -0.0467145 -0.0471258 -0.0466757 -0.047692 -0.0545044 -0.0668078 -0.0789887 -0.0892964 -0.0990056 -0.107412 -0.113007 -0.115835 -0.116239 -0.113727 -0.10781 -0.0984486 -0.0868116 -0.0757424 -0.0663833 -0.0579612 -0.0496224 -0.0409619 -0.0350254 -0.0352235 -0.038837 -0.0414156 -0.0389933 -0.0309171 -0.0230357 -0.0168949 -0.00728075 0.00592479 0.0176515 0.0230481 0.0189942 0.0124074 0.0114444 0.0114383
-0.0300255 -0.028315 -0.0249354 -0.0210305 -0.0172117 -0.0137446 -0.0109317 -0.00903865 -0.00808156 -0.00802063 -0.00885682 -0.010493 -0.0126326 -0.0150343 -0.0175814 -0.0206135 -0.0247453 -0.0294218 -0.0335144 -0.036634 -0.0386619 -0.0394031 -0.0391828 -0.0397281 -0.0436659 -0.0545868 -0.0703415 -0.0825669 -0.0905726 -0.0992908 -0.10795 -0.11324 -0.114819 -0.113323 -0.109178 -0.102652 -0.0937541 -0.0834443 -0.0741181 -0.0664267 -0.0591164 -0.0512984 -0.0427187 -0.0355887 -0.032315 -0.0306167 -0.0276424 -0.0232607 -0.0182977 -0.0143959 -0.0107869 -0.00345485 0.00748367 0.0178152 0.0230472 0.019858 0.0134614 0.0105572 0.00880522
-0.0369332 -0.035612 -0.0318682 -0.0264592 -0.0203266 -0.0144605 -0.00936516 -0.00534739 -0.00278072 -0.00191811 -0.0026059 -0.00443711 -0.00667894 -0.00922886 -0.0128038 -0.0175048 -0.0227897 -0.027485 -0.0303047 -0.0314983 -0.0318451 -0.0318576 -0.0324448 -0.0357082 -0.0435555 -0.0570981 -0.0731975 -0.0844195 -0.0910848 -0.0990225 -0.107504 -0.112776 -0.113823 -0.110887 -0.105274 -0.0980599 -0.089266 -0.0796702 -0.0713468 -0.0643208 -0.0565182 -0.0476702 -0.0388678 -0.0313913 -0.0261426 -0.0217981 -0.017127 -0.0133224 -0.0110667 -0.00902008 -0.00573942 -3.79343E-05 0.00811609 0.0174123 0.0233576 0.0208297 0.0139093 0.00891372 0.00511246
-0.0347454 -0.0338882 -0.0310602 -0.026188 -0.0199445 -0.0134229 -0.00724523 -0.00188212 0.0019402 0.00367159 0.00348466 0.0018364 -0.000545172 -0.00376692 -0.00894204 -0.0153557 -0.0207544 -0.0239768 -0.0247741 -0.0244234 -0.0245123 -0.0255231 -0.0282078 -0.0347105 -0.0459248 -0.0601825 -0.0742789 -0.0838978 -0.0903694 -0.0987514 -0.107583 -0.112483 -0.11214 -0.106959 -0.0996261 -0.0921604 -0.0839013 -0.0750015 -0.0673391 -0.0605088 -0.0518438 -0.0420053 -0.0337423 -0.0272937 -0.021858 -0.017414 -0.0141444 -0.0121129 -0.010744 -0.00822863 -0.00399792 0.000678203 0.00604464 0.0134268 0.0190182 0.0170118 0.0102222 0.00394471 -0.00149866
-0.0240472 -0.0226106 -0.0209508 -0.0186513 -0.0153461 -0.0107941 -0.00540651 0.000053968 0.0045183 0.00712233 0.00784686 0.00681251 0.00411289 -0.000273831 -0.0064103 -0.0124956 -0.0154332 -0.0154568 -0.014726 -0.0150741 -0.0177014 -0.0218221 -0.0271493 -0.0359373 -0.0486457 -0.0620031 -0.0733039 -0.0811679 -0.0880911 -0.0986108 -0.10899 -0.112303 -0.108205 -0.0992525 -0.0901921 -0.083876 -0.0777156 -0.0704072 -0.0636934 -0.0572457 -0.04862 -0.0392505 -0.0327713 -0.0282047 -0.0232169 -0.0195471 -0.0188625 -0.0186864 -0.0167931 -0.0131561 -0.00860146 -0.0046759 -0.00129921 0.00288617 0.00600002 0.00471188 -5.44473E-05 -0.00588313 -0.0116625
