data_raster/melanesia/PNMC_current_2021/202109_North.grd
DSAA																																																																																																																																																																																																																																																																																																																																																																																																																											
412	268																																																																																																																																																																																																																																																																																																																																																																																																																										
156	174.5																																																																																																																																																																																																																																																																																																																																																																																																																										
-26.5	-14.5																																																																																																																																																																																																																																																																																																																																																																																																																										
-0.490809	0.428334																																																																																																																																																																																																																																																																																																																																																																																																																										
[rows 26 to 51 of 268, columns 240 to 299 of 412]
0.188552 0.203879 0.214369 0.210817 0.195474 0.182747 0.176972 0.174779 0.173288 0.170253 0.165018 0.15765 0.148925 0.139461 0.129246 0.118713 0.109024 0.100716 0.0936573 0.0875273 0.0821879 0.079543 0.0816618 0.0873478 0.0944211 0.100529 0.103565 0.101988 0.0954497 0.0850448 0.0717199 0.0562218 0.0393969 0.0224713 0.00866527 0.00121138 0.000301265 0.00380385 0.00561004 0.0033347 0.00197528 0.00509068 0.0135492 0.0251056 0.0357059 0.0458129 0.0574959 0.0684367 0.0752003 0.0757815 0.069426 0.0575214 0.0411799 0.0206152 -0.00442039 -0.0345242 -0.0696378 -0.109076 -0.150943 -0.192864
0.176486 0.190404 0.200488 0.197364 0.182077 0.166951 0.157051 0.151567 0.148131 0.144174 0.139597 0.134863 0.129668 0.123535 0.115957 0.107261 0.0989261 0.0917045 0.0855537 0.0803443 0.0760923 0.0741006 0.0758364 0.0809814 0.0883183 0.0954906 0.100588 0.10294 0.101936 0.0969718 0.0893897 0.0817548 0.071832 0.0560278 0.040048 0.0311792 0.0285697 0.0290161 0.0285294 0.0251838 0.0208135 0.0181148 0.0201461 0.0267947 0.0355453 0.0446862 0.0529742 0.0592352 0.0621222 0.059599 0.0504528 0.0357117 0.0164309 -0.00679879 -0.0339964 -0.065707 -0.101632 -0.140811 -0.181879 -0.223184
0.163114 0.175147 0.183872 0.180454 0.164981 0.14742 0.133696 0.125928 0.122067 0.118742 0.115965 0.114294 0.112536 0.109364 0.103949 0.0966518 0.0893818 0.0829682 0.0771232 0.0720633 0.0683962 0.0669577 0.0685246 0.0731691 0.0803374 0.0882401 0.0953697 0.101168 0.104645 0.104303 0.101962 0.101552 0.0988446 0.0869391 0.0724916 0.0645159 0.0603681 0.056123 0.052067 0.0481208 0.0425166 0.0358622 0.0316014 0.0318146 0.0369943 0.0440709 0.0487863 0.0505448 0.0494797 0.0438205 0.0321954 0.0151191 -0.00670177 -0.0326804 -0.0624654 -0.095928 -0.132809 -0.172651 -0.214214 -0.255666
0.146561 0.155718 0.162474 0.157855 0.141167 0.121096 0.104756 0.0969259 0.0954172 0.0954179 0.0959335 0.0969194 0.0974414 0.096367 0.0925581 0.0862997 0.0798378 0.073976 0.0680799 0.0626857 0.0590633 0.0579821 0.0598254 0.0642411 0.070615 0.0781765 0.0863001 0.0946737 0.102291 0.107358 0.11073 0.115055 0.117338 0.112645 0.104853 0.0991754 0.0924698 0.0823736 0.0738881 0.0691786 0.0636722 0.055712 0.0477723 0.0425688 0.0423154 0.0446748 0.0454284 0.043146 0.0373213 0.0272922 0.012553 -0.00696111 -0.031134 -0.0596531 -0.091849 -0.126799 -0.164875 -0.206941 -0.250535 -0.291744
0.119117 0.126389 0.132495 0.127806 0.110795 0.0892637 0.07114 0.0630394 0.0628415 0.0649349 0.0675608 0.07016 0.0720557 0.0724381 0.0702914 0.0658608 0.0611647 0.0569112 0.0525103 0.0485277 0.0462408 0.0463663 0.0491656 0.0539697 0.0600731 0.0674247 0.0760434 0.0858399 0.0961008 0.1054 0.11358 0.121426 0.127659 0.130252 0.130164 0.128519 0.122429 0.110835 0.0999277 0.0928387 0.0855795 0.0761114 0.0655151 0.0559829 0.0500297 0.0465076 0.0425061 0.0360339 0.0257737 0.0116534 -0.00638531 -0.028994 -0.0563913 -0.08799 -0.122791 -0.159611 -0.199514 -0.244315 -0.289385 -0.327893
0.0838361 0.0909923 0.0981002 0.0949386 0.0791253 0.0573643 0.0376244 0.0273845 0.025287 0.0263145 0.0287335 0.0317756 0.0343808 0.0356616 0.0352387 0.0334562 0.031565 0.0301638 0.0291843 0.0289114 0.0298653 0.0324736 0.0369757 0.0429536 0.0499692 0.0580643 0.0672958 0.0775794 0.0885895 0.0997293 0.110706 0.12144 0.131154 0.138826 0.144483 0.14799 0.146947 0.140075 0.130426 0.120234 0.109161 0.0969039 0.0835718 0.070426 0.0593408 0.0497785 0.0399871 0.0285526 0.0143526 -0.00312974 -0.0245189 -0.0509762 -0.0826039 -0.117785 -0.155287 -0.194556 -0.236635 -0.282669 -0.325979 -0.357814
0.0610916 0.0682926 0.0756344 0.0732074 0.0581604 0.0358835 0.0138897 -7.16001E-06 -0.00572017 -0.00666456 -0.00488437 -0.00195161 0.000654546 0.002009 0.0023325 0.00215727 0.00224088 0.00315089 0.005231 0.00854415 0.0129906 0.0185772 0.0253271 0.0331222 0.0418352 0.0514259 0.0617679 0.0725439 0.0835812 0.0949173 0.106551 0.118396 0.129954 0.14054 0.149822 0.157312 0.161372 0.160632 0.155163 0.145677 0.133566 0.11965 0.104055 0.0875302 0.0712132 0.0550979 0.0385682 0.0209912 0.00169024 -0.0201519 -0.045576 -0.0760381 -0.111435 -0.149251 -0.188532 -0.230049 -0.273236 -0.315936 -0.351317 -0.372165
0.0557969 0.0619897 0.0678068 0.0642513 0.0483524 0.0242807 -0.000919851 -0.0191415 -0.0285547 -0.030722 -0.0288322 -0.0260603 -0.023861 -0.022833 -0.0224953 -0.0221986 -0.0212567 -0.0190879 -0.0152467 -0.00967168 -0.00257064 0.00569265 0.0147637 0.0246278 0.0353168 0.0467191 0.0585522 0.0702659 0.0815758 0.0925842 0.10353 0.11472 0.126137 0.137525 0.148282 0.157636 0.164652 0.168399 0.16806 0.163171 0.153846 0.140511 0.123886 0.104724 0.0837671 0.061519 0.0382941 0.0140303 -0.0115444 -0.0389896 -0.069125 -0.103195 -0.140928 -0.17973 -0.219193 -0.261004 -0.302031 -0.335916 -0.358047 -0.365987
0.0554033 0.0590313 0.062315 0.0563355 0.0378432 0.0104499 -0.0186577 -0.0406401 -0.0523813 -0.0544125 -0.051547 -0.0486961 -0.0466546 -0.0452563 -0.0440768 -0.0426583 -0.0405409 -0.0372332 -0.0322396 -0.0253751 -0.0167132 -0.00672781 0.00405474 0.0156482 0.0280933 0.0410652 0.0541905 0.0671277 0.0794994 0.0909049 0.101427 0.11155 0.121562 0.131596 0.141599 0.151278 0.159668 0.165726 0.168627 0.167531 0.161534 0.15041 0.134727 0.115118 0.0922143 0.0665128 0.0384639 0.00864342 -0.0225233 -0.0552977 -0.0900159 -0.126824 -0.165164 -0.203481 -0.241303 -0.278993 -0.312025 -0.333218 -0.341627 -0.339823
0.0532386 0.0532876 0.053498 0.0441248 0.0215154 -0.0104681 -0.0434236 -0.0668538 -0.0779029 -0.0783046 -0.0740793 -0.0708522 -0.0685219 -0.0661691 -0.0636209 -0.0607715 -0.0574621 -0.0532884 -0.0476381 -0.0401913 -0.0308838 -0.0200758 -0.00821608 0.00467046 0.0185066 0.0327165 0.0468958 0.0611253 0.0750237 0.0875886 0.0985337 0.108217 0.116864 0.124707 0.132606 0.141231 0.149509 0.156095 0.160071 0.160623 0.157016 0.14872 0.135467 0.117463 0.0952209 0.068864 0.0385002 0.0053403 -0.0293805 -0.0656862 -0.103389 -0.141182 -0.178165 -0.21426 -0.248394 -0.278246 -0.299635 -0.3081 -0.306892 -0.302362
0.0477626 0.0443915 0.0411523 0.0275307 -0.000203262 -0.0373037 -0.072946 -0.0938136 -0.0998463 -0.0973673 -0.0921494 -0.0883494 -0.0854628 -0.0825258 -0.0796214 -0.0767604 -0.0736462 -0.0697107 -0.0641814 -0.0567023 -0.0472325 -0.0359948 -0.0232986 -0.00933768 0.00561212 0.0209433 0.0362514 0.0516207 0.0666681 0.0803785 0.0923834 0.102876 0.111675 0.118561 0.124512 0.130698 0.13719 0.143394 0.147707 0.148922 0.146773 0.140784 0.130157 0.114553 0.0939925 0.0684227 0.0379953 0.00424557 -0.0311823 -0.0679434 -0.105373 -0.141425 -0.175013 -0.206725 -0.235043 -0.256207 -0.267598 -0.268444 -0.26556 -0.267237
0.0397975 0.0335377 0.0262848 0.00783697 -0.0247907 -0.0656219 -0.101705 -0.117656 -0.116997 -0.111193 -0.105067 -0.100576 -0.0973067 -0.0946762 -0.092765 -0.0913242 -0.0895139 -0.0864967 -0.0815219 -0.0743346 -0.0650088 -0.0536707 -0.0405045 -0.0258635 -0.0101722 0.00607841 0.0224689 0.0387352 0.054465 0.0690569 0.08232 0.0943574 0.104524 0.111943 0.117063 0.120947 0.125058 0.129997 0.133905 0.135294 0.133971 0.129496 0.121013 0.107797 0.089309 0.0655496 0.03699 0.00515505 -0.0283257 -0.0627338 -0.0971052 -0.129462 -0.158656 -0.18494 -0.206572 -0.219934 -0.225547 -0.227209 -0.231111 -0.242059
0.0311698 0.0224518 0.0103694 -0.0132838 -0.049486 -0.090651 -0.123925 -0.135305 -0.130154 -0.121593 -0.114094 -0.108922 -0.105933 -0.104709 -0.104841 -0.10546 -0.105064 -0.102727 -0.0981469 -0.0913014 -0.0823217 -0.071273 -0.0582438 -0.0435628 -0.0276319 -0.010867 0.0062534 0.023141 0.0393306 0.0545466 0.0687908 0.0821996 0.0939288 0.102747 0.108617 0.112161 0.114771 0.11746 0.119761 0.120918 0.120087 0.116477 0.109373 0.0980554 0.0818799 0.0609123 0.0357224 0.00761732 -0.0219975 -0.0522637 -0.0822092 -0.110329 -0.135404 -0.156732 -0.172571 -0.180629 -0.185991 -0.197601 -0.213955 -0.228592
0.0232411 0.0120004 -0.00545185 -0.0353075 -0.0752353 -0.11373 -0.140286 -0.14712 -0.139983 -0.129894 -0.121255 -0.115858 -0.11391 -0.114932 -0.117666 -0.120429 -0.121133 -0.118958 -0.114325 -0.107525 -0.0987145 -0.0879112 -0.0751342 -0.0606567 -0.0448263 -0.0279972 -0.0106475 0.00651721 0.0229818 0.0385301 0.0533413 0.0677979 0.081026 0.0915834 0.0991134 0.103779 0.106123 0.106923 0.107312 0.107596 0.106586 0.103254 0.0969342 0.0870767 0.0732578 0.0555355 0.0343334 0.0107114 -0.0141654 -0.0395335 -0.0646003 -0.0882979 -0.109264 -0.125806 -0.137767 -0.146935 -0.159332 -0.181786 -0.204694 -0.213891
0.0165364 0.00190623 -0.0211234 -0.0578656 -0.102046 -0.135834 -0.152553 -0.154463 -0.14713 -0.137129 -0.128449 -0.123651 -0.123319 -0.12687 -0.132094 -0.136535 -0.137772 -0.135221 -0.130026 -0.122797 -0.11372 -0.102773 -0.0899251 -0.075518 -0.0599481 -0.0434692 -0.0264277 -0.009393 0.00710169 0.0226448 0.0375966 0.0528104 0.0673961 0.0796144 0.088872 0.0950595 0.0982088 0.0987382 0.097965 0.0966921 0.0945918 0.0910454 0.0852457 0.076688 0.0651361 0.0505717 0.0332116 0.0139598 -0.00619123 -0.026773 -0.0472079 -0.0663963 -0.08294 -0.095296 -0.106825 -0.125351 -0.150505 -0.17554 -0.189981 -0.185921
0.00930833 -0.0109727 -0.0398227 -0.0798755 -0.122881 -0.150253 -0.159212 -0.158359 -0.152339 -0.143869 -0.136348 -0.132746 -0.133917 -0.13922 -0.145748 -0.150626 -0.15154 -0.148234 -0.142336 -0.134638 -0.125306 -0.1143 -0.101578 -0.0874821 -0.0724011 -0.0565551 -0.0401974 -0.0237068 -0.00758701 0.00757638 0.0222854 0.0377912 0.0532943 0.066931 0.0777948 0.0854452 0.089799 0.0910699 0.0900074 0.0874283 0.0840973 0.0801463 0.0749853 0.0680276 0.0587754 0.0472177 0.0336708 0.0188504 0.00339348 -0.0128258 -0.0294029 -0.0443556 -0.0573256 -0.0708543 -0.0893698 -0.117986 -0.148567 -0.165231 -0.164448 -0.151287
-0.000337886 -0.028033 -0.0619688 -0.0991314 -0.132753 -0.153113 -0.160143 -0.160447 -0.156884 -0.150755 -0.145079 -0.142808 -0.144869 -0.150581 -0.15674 -0.160521 -0.160199 -0.15589 -0.14933 -0.141326 -0.132018 -0.12141 -0.109476 -0.0963134 -0.0821029 -0.0671647 -0.0518032 -0.0362489 -0.02091 -0.00637234 0.00788158 0.023158 0.0389274 0.0536073 0.0658601 0.0747002 0.0801495 0.0824619 0.0818448 0.0789059 0.0749325 0.0707593 0.0665679 0.0616899 0.0549611 0.0464678 0.0368909 0.0265263 0.0153517 0.0027002 -0.0111308 -0.0233795 -0.0358691 -0.057613 -0.0889669 -0.12056 -0.141321 -0.141561 -0.129143 -0.119492
-0.0135375 -0.0455669 -0.0805485 -0.111346 -0.134344 -0.15018 -0.159715 -0.163802 -0.163125 -0.158753 -0.154124 -0.152637 -0.155106 -0.160612 -0.16569 -0.167699 -0.165705 -0.16013 -0.152531 -0.143813 -0.134391 -0.124411 -0.113832 -0.102286 -0.0895481 -0.0760926 -0.0622725 -0.0479837 -0.0334446 -0.0193017 -0.00529935 0.00951693 0.0249839 0.0401585 0.0534003 0.0632115 0.0697325 0.0732765 0.0735557 0.0709456 0.0671046 0.0633228 0.0602493 0.0574198 0.0536496 0.0488395 0.0433061 0.0364568 0.027626 0.0170055 0.0047864 -0.00932301 -0.0282364 -0.0582842 -0.0937548 -0.116992 -0.121159 -0.108975 -0.0954305 -0.097827
-0.0285073 -0.0591579 -0.0900534 -0.114377 -0.131427 -0.147017 -0.16113 -0.169647 -0.171472 -0.167699 -0.162823 -0.161276 -0.163734 -0.168909 -0.172993 -0.173396 -0.169772 -0.162733 -0.153632 -0.143642 -0.133726 -0.124335 -0.115477 -0.106153 -0.0955335 -0.0841042 -0.072163 -0.059212 -0.0453091 -0.031301 -0.0173741 -0.00311701 0.0116745 0.0268361 0.0407243 0.0515754 0.0594316 0.0644691 0.0660557 0.0644507 0.0616351 0.0590377 0.0572192 0.0561441 0.0553233 0.0540459 0.0514262 0.0462219 0.0376807 0.0272118 0.0144389 -0.00613996 -0.0357065 -0.0676112 -0.0921843 -0.0983536 -0.0886424 -0.0753166 -0.0718157 -0.08831
-0.0394418 -0.0645365 -0.0888628 -0.109759 -0.127824 -0.146877 -0.164938 -0.176233 -0.179357 -0.175771 -0.170469 -0.16833 -0.170197 -0.174818 -0.178258 -0.17779 -0.172955 -0.164444 -0.153877 -0.142665 -0.132028 -0.122981 -0.11597 -0.109271 -0.101167 -0.0917314 -0.0811246 -0.0690699 -0.0558232 -0.0423504 -0.0290067 -0.0155521 -0.00149857 0.0135055 0.0281119 0.0406134 0.0505035 0.0574972 0.0611177 0.0616759 0.0608668 0.0600244 0.0598679 0.0604406 0.0611831 0.0606316 0.0571928 0.0511468 0.0428982 0.0310022 0.0131639 -0.0138025 -0.0461298 -0.0695048 -0.0765575 -0.0686564 -0.0553112 -0.050477 -0.0604199 -0.0856884
-0.0429793 -0.062036 -0.0810605 -0.102224 -0.125778 -0.149683 -0.170088 -0.182398 -0.185992 -0.182736 -0.177275 -0.174183 -0.174895 -0.178721 -0.18182 -0.181169 -0.175583 -0.165749 -0.153967 -0.141772 -0.130278 -0.121423 -0.11657 -0.112835 -0.107101 -0.0990568 -0.0889807 -0.0773209 -0.0647358 -0.052092 -0.0395802 -0.0267746 -0.0130669 0.00201927 0.0175378 0.0320444 0.0443083 0.0534629 0.0594474 0.0626722 0.0641358 0.0649088 0.0660018 0.0672608 0.0675637 0.0652481 0.0590008 0.0509415 0.042363 0.0274522 0.00286363 -0.0254209 -0.0486902 -0.0564812 -0.0487756 -0.0364929 -0.030103 -0.038083 -0.0586172 -0.0854385
-0.0388752 -0.0564597 -0.075524 -0.0988043 -0.125798 -0.15235 -0.174259 -0.187815 -0.192525 -0.189967 -0.1843 -0.179891 -0.179084 -0.18197 -0.184726 -0.183983 -0.177848 -0.166939 -0.154083 -0.140893 -0.128439 -0.120008 -0.118157 -0.117752 -0.113472 -0.105735 -0.0957732 -0.0843861 -0.0722395 -0.0598608 -0.0472863 -0.0341227 -0.0198706 -0.00415811 0.012245 0.0280875 0.0419621 0.0527811 0.0603861 0.0650754 0.0676689 0.0688557 0.0690908 0.0684463 0.0666834 0.063365 0.0579167 0.0495538 0.0369895 0.0174304 -0.00796428 -0.0282523 -0.0359295 -0.031092 -0.0198212 -0.01335 -0.0179249 -0.0352137 -0.0597961 -0.0845449
-0.0313182 -0.0510836 -0.0735853 -0.0990597 -0.126535 -0.153561 -0.176728 -0.192294 -0.199026 -0.197541 -0.19162 -0.185709 -0.18313 -0.18481 -0.18706 -0.186246 -0.179796 -0.168122 -0.154335 -0.140265 -0.127268 -0.119819 -0.12128 -0.123857 -0.11992 -0.111463 -0.1012 -0.089903 -0.0779089 -0.0652753 -0.0519827 -0.0379436 -0.0229015 -0.00664974 0.0100868 0.0262114 0.0405859 0.0521982 0.0603976 0.0652138 0.0677194 0.0683802 0.0669087 0.0639661 0.0608944 0.0582039 0.0551848 0.0468378 0.029224 0.00739399 -0.0111926 -0.0182337 -0.0123728 -0.0030006 0.00197187 -0.00252303 -0.0167279 -0.0374594 -0.0605197 -0.0825099
-0.0265953 -0.0476852 -0.0716514 -0.0979618 -0.125688 -0.153277 -0.177827 -0.19568 -0.204784 -0.204643 -0.198657 -0.19134 -0.186781 -0.18676 -0.188302 -0.187734 -0.18142 -0.169323 -0.1548 -0.140277 -0.127838 -0.122101 -0.126036 -0.130187 -0.125748 -0.115988 -0.104799 -0.0931045 -0.0810607 -0.0682862 -0.0547058 -0.0405163 -0.0256584 -0.0100136 0.00593493 0.0214097 0.0353932 0.0468621 0.0549421 0.0594931 0.0615757 0.0619209 0.0607941 0.0592125 0.0584812 0.0570588 0.0519622 0.0405282 0.0225902 0.00641017 -0.000736427 0.00179922 0.0101425 0.0150798 0.011357 -0.00144291 -0.0202318 -0.0401 -0.059896 -0.0804192
-0.0246551 -0.0455873 -0.0689277 -0.0949061 -0.122942 -0.151361 -0.177383 -0.197554 -0.209175 -0.210763 -0.205143 -0.196632 -0.189923 -0.187752 -0.188492 -0.188645 -0.183044 -0.170871 -0.155615 -0.140658 -0.12929 -0.125424 -0.130695 -0.135203 -0.130115 -0.119137 -0.106715 -0.0943643 -0.0823552 -0.0698266 -0.0565364 -0.0428205 -0.0287715 -0.0143601 0.000238094 0.0146165 0.0277655 0.0386348 0.0464668 0.0511402 0.0535456 0.0547494 0.0558699 0.0574763 0.059319 0.057704 0.048429 0.0344406 0.0212653 0.014808 0.0173931 0.0229358 0.0256063 0.0218707 0.0107547 -0.00611759 -0.0251779 -0.0423018 -0.0590095 -0.0786742
-0.0229425 -0.0432354 -0.0657836 -0.0910502 -0.118767 -0.147619 -0.174983 -0.197361 -0.211585 -0.215454 -0.210863 -0.201486 -0.192558 -0.18795 -0.187876 -0.189199 -0.184912 -0.173043 -0.156872 -0.140916 -0.130099 -0.127454 -0.13307 -0.13745 -0.132332 -0.120885 -0.107446 -0.0945902 -0.0829739 -0.0711017 -0.0583769 -0.0451035 -0.0315539 -0.0179416 -0.00433669 0.00907747 0.0214432 0.0318828 0.0399086 0.0455866 0.0498184 0.0534554 0.0570998 0.0598764 0.0597861 0.0550038 0.0448129 0.0340491 0.0282281 0.0284916 0.033026 0.0354902 0.0315636 0.0210549 0.00541518 -0.0125616 -0.0300347 -0.0447819 -0.0593128 -0.077293
