data_raster/melanesia/PNMC_current_2021/202109_North.grd
DSAA																																																																																																																																																																																																																																																																																																																																																																																																																											
412	268																																																																																																																																																																																																																																																																																																																																																																																																																										
156	174.5																																																																																																																																																																																																																																																																																																																																																																																																																										
-26.5	-14.5																																																																																																																																																																																																																																																																																																																																																																																																																										
-0.490809	0.428334																																																																																																																																																																																																																																																																																																																																																																																																																										
[rows 26 to 51 of 268, columns 60 to 119 of 412]
-0.0880386 -0.101751 -0.113801 -0.119118 -0.115319 -0.109276 -0.107019 -0.108317 -0.110957 -0.111193 -0.108785 -0.106959 -0.106878 -0.108026 -0.108576 -0.105348 -0.091516 -0.0636642 -0.0318482 -0.00321717 0.0257264 0.0543697 0.0747316 0.0738777 0.0379597 -0.0137722 -0.046791 -0.0584871 -0.0585671 -0.0540519 -0.0500736 -0.0486081 -0.0521653 -0.0649295 -0.0847205 -0.101808 -0.110385 -0.108528 -0.0975246 -0.0801206 -0.0577202 -0.0325142 -0.0113792 0.00128957 0.00960918 0.018689 0.0329578 0.0495021 0.0583875 0.0605649 0.0646236 0.0748029 0.0912351 0.10434 0.104972 0.0954987 0.0803318 0.0632349 0.0482377 0.0396304
-0.102626 -0.115635 -0.126566 -0.130829 -0.126382 -0.119595 -0.115721 -0.113584 -0.111922 -0.110603 -0.109293 -0.107435 -0.105369 -0.103849 -0.102167 -0.097667 -0.0816786 -0.0503399 -0.0195595 0.00163032 0.0249 0.0527678 0.0724008 0.0711871 0.0400678 -0.00426791 -0.0333963 -0.0441011 -0.0433928 -0.0382494 -0.0347756 -0.0367656 -0.0469585 -0.0667198 -0.0913841 -0.109677 -0.117019 -0.114613 -0.104107 -0.0871368 -0.0643696 -0.0372197 -0.0111301 0.00920643 0.0231503 0.03301 0.0446092 0.0579917 0.0670506 0.0709876 0.0733128 0.07937 0.0928841 0.104991 0.106069 0.0971238 0.0817266 0.0642868 0.0492581 0.0407697
-0.118512 -0.130052 -0.140065 -0.144098 -0.139589 -0.131108 -0.122993 -0.115731 -0.110195 -0.108447 -0.109055 -0.107349 -0.102966 -0.0983651 -0.094512 -0.0898431 -0.0741743 -0.0424762 -0.0128335 0.00470434 0.024282 0.0492206 0.0649531 0.061398 0.0351813 -0.000342049 -0.0243972 -0.0332981 -0.0311044 -0.0252508 -0.0230298 -0.0289813 -0.0449884 -0.0689209 -0.0946924 -0.112415 -0.119051 -0.117156 -0.108037 -0.0922747 -0.0706978 -0.0445098 -0.0159579 0.011689 0.033356 0.0476466 0.0593108 0.0703037 0.0789896 0.0836435 0.0834807 0.084848 0.0946991 0.105384 0.107172 0.0987675 0.0824956 0.0647065 0.0505629 0.0426245
-0.134757 -0.144878 -0.153742 -0.156813 -0.151053 -0.139812 -0.127288 -0.116542 -0.109743 -0.107812 -0.108082 -0.104851 -0.0980122 -0.0911611 -0.0865739 -0.0838506 -0.0729634 -0.0472767 -0.0188812 0.00358992 0.025164 0.0457421 0.0564432 0.0511479 0.0279553 -0.00229502 -0.0230082 -0.0300458 -0.025826 -0.0190114 -0.0180668 -0.026545 -0.0447734 -0.0687618 -0.0927395 -0.109629 -0.117017 -0.116314 -0.108826 -0.0955348 -0.0762157 -0.0507519 -0.0210104 0.00990133 0.0370463 0.0579626 0.0744939 0.0873236 0.0954736 0.0978825 0.0943554 0.091761 0.0977316 0.106261 0.108458 0.10024 0.0824284 0.0641224 0.0514145 0.0445109
-0.148217 -0.157131 -0.164963 -0.16701 -0.159908 -0.146221 -0.130296 -0.117599 -0.110798 -0.108137 -0.106099 -0.100171 -0.090863 -0.0821023 -0.0776843 -0.0788847 -0.0755484 -0.0583032 -0.0302929 0.00159677 0.0278422 0.0432626 0.0487093 0.0423999 0.0209442 -0.00685688 -0.0262949 -0.0327579 -0.0276584 -0.0203955 -0.0199785 -0.028775 -0.0460597 -0.0675703 -0.0885082 -0.10403 -0.111904 -0.112152 -0.106082 -0.0952089 -0.0784326 -0.0544719 -0.024856 0.00759546 0.0385552 0.0652462 0.0876604 0.104736 0.114116 0.114811 0.107719 0.100673 0.102314 0.108294 0.110519 0.102232 0.082741 0.0635906 0.0519148 0.0462912
-0.157303 -0.164979 -0.171948 -0.17349 -0.16614 -0.151783 -0.134567 -0.121062 -0.11385 -0.109162 -0.103474 -0.094302 -0.0826875 -0.072272 -0.0684865 -0.0744604 -0.0787886 -0.0686716 -0.0400626 0.000871254 0.031355 0.0417246 0.0418911 0.0341146 0.0136364 -0.0127063 -0.0320741 -0.039498 -0.035282 -0.028323 -0.0273103 -0.0343575 -0.048794 -0.0669428 -0.0847395 -0.0981502 -0.105163 -0.105537 -0.100315 -0.0908099 -0.076048 -0.0545808 -0.026251 0.00731184 0.0409526 0.0712329 0.098186 0.120052 0.132923 0.134378 0.124317 0.112119 0.10901 0.112156 0.113853 0.105171 0.0840968 0.0637695 0.0523576 0.0481312
-0.1633 -0.169011 -0.174724 -0.176247 -0.170414 -0.15837 -0.143152 -0.129897 -0.120533 -0.111872 -0.101619 -0.0889705 -0.0754747 -0.064548 -0.0619568 -0.0711805 -0.0800125 -0.0738758 -0.0450528 0.000545635 0.0330509 0.0397389 0.0339698 0.0217324 0.0013723 -0.0222278 -0.0406012 -0.0489299 -0.0459948 -0.0393479 -0.0369135 -0.041467 -0.0529846 -0.0679939 -0.0827156 -0.0935463 -0.0988292 -0.0985484 -0.0933736 -0.0840794 -0.0700377 -0.0501638 -0.0235515 0.00915715 0.0437416 0.0770309 0.108273 0.134715 0.151329 0.154414 0.142736 0.126534 0.118842 0.118502 0.118682 0.10886 0.0859831 0.0643933 0.0531565 0.0505586
-0.166957 -0.17001 -0.174061 -0.176161 -0.173847 -0.16689 -0.156112 -0.143589 -0.130525 -0.116597 -0.101632 -0.0858737 -0.0712517 -0.0610035 -0.0596607 -0.0693314 -0.0780167 -0.0717915 -0.0435241 0.000653532 0.0313167 0.0349447 0.0226333 0.00349453 -0.016907 -0.0355198 -0.0504575 -0.0579567 -0.0555395 -0.049261 -0.04606 -0.0492562 -0.0591385 -0.0717063 -0.0832283 -0.0909247 -0.093738 -0.0919639 -0.0859449 -0.0758996 -0.0613076 -0.0415357 -0.0165137 0.0134039 0.0471485 0.083054 0.118601 0.149416 0.169347 0.174002 0.161803 0.143082 0.131369 0.127011 0.124426 0.112453 0.0876445 0.0652709 0.0548899 0.0543931
-0.16825 -0.168779 -0.171393 -0.174951 -0.177841 -0.177 -0.170218 -0.157878 -0.14133 -0.122822 -0.104123 -0.0865048 -0.071856 -0.0625525 -0.061373 -0.0687476 -0.0732192 -0.0629138 -0.0353102 0.00207593 0.0256761 0.0242949 0.0058086 -0.0188072 -0.0379075 -0.0498808 -0.0584343 -0.0620546 -0.0588085 -0.0539104 -0.053042 -0.0581158 -0.0682709 -0.0788863 -0.086613 -0.0901526 -0.089413 -0.0851194 -0.0774244 -0.0660905 -0.0505044 -0.0302883 -0.00642365 0.0206359 0.0524212 0.0890953 0.128073 0.163679 0.187402 0.19369 0.180804 0.159655 0.144607 0.136364 0.129735 0.114558 0.0882542 0.0664167 0.0582966 0.0606818
-0.167737 -0.166506 -0.168773 -0.17445 -0.182017 -0.185732 -0.181141 -0.168658 -0.150286 -0.129396 -0.10887 -0.0909259 -0.0770114 -0.068123 -0.0656477 -0.0690131 -0.0675819 -0.0520849 -0.0263366 0.000563063 0.0141236 0.00770415 -0.0137852 -0.0396557 -0.0559639 -0.0619306 -0.0640263 -0.0633088 -0.0597337 -0.0579303 -0.0618887 -0.0706028 -0.0812351 -0.0892434 -0.0922441 -0.09067 -0.0854986 -0.0778981 -0.0679544 -0.055115 -0.0385669 -0.0179324 0.00522593 0.0302832 0.0599007 0.0957077 0.136737 0.176856 0.204901 0.213304 0.199179 0.17495 0.157161 0.145527 0.133947 0.114923 0.0880438 0.0684377 0.0640765 0.0698169
-0.166383 -0.164605 -0.168327 -0.17607 -0.184645 -0.188719 -0.184497 -0.172623 -0.155073 -0.134904 -0.115047 -0.0980852 -0.0849047 -0.0753891 -0.0704583 -0.0696707 -0.0639373 -0.0465801 -0.0258579 -0.010656 -0.00548977 -0.0123863 -0.0304087 -0.0520099 -0.0649542 -0.0685445 -0.0686776 -0.0678195 -0.0674241 -0.0706492 -0.0791813 -0.0895702 -0.0979299 -0.10118 -0.0984352 -0.0913318 -0.0815237 -0.0704154 -0.0580626 -0.0437416 -0.026449 -0.00565451 0.0170736 0.0411246 0.0693197 0.103967 0.145533 0.188377 0.220604 0.232003 0.216372 0.188314 0.168135 0.153668 0.136892 0.114147 0.0880151 0.0723069 0.0727659 0.0815922
-0.164758 -0.164003 -0.16937 -0.177401 -0.18355 -0.185222 -0.180981 -0.171055 -0.156492 -0.139235 -0.121632 -0.106212 -0.0935677 -0.0831497 -0.0757102 -0.0712693 -0.0635933 -0.0486998 -0.0349222 -0.0285321 -0.027202 -0.0305578 -0.0417978 -0.0572785 -0.0677244 -0.0718644 -0.0733303 -0.0751854 -0.0798417 -0.088066 -0.0989021 -0.107934 -0.11159 -0.108853 -0.100386 -0.0885045 -0.0750046 -0.0610577 -0.0466686 -0.0311513 -0.0134439 0.00716436 0.0296039 0.0534928 0.0810698 0.114574 0.15541 0.198947 0.234056 0.248149 0.231075 0.1993 0.176783 0.159633 0.138168 0.112877 0.089207 0.0785624 0.0838446 0.0948384
-0.163254 -0.164912 -0.169842 -0.174896 -0.177134 -0.176599 -0.173464 -0.166801 -0.156253 -0.142564 -0.127423 -0.113258 -0.100969 -0.0904316 -0.0816874 -0.0745 -0.0669126 -0.0578605 -0.0504834 -0.0465041 -0.0433705 -0.042029 -0.0483351 -0.0605524 -0.0703817 -0.0756759 -0.0784367 -0.0824027 -0.0907525 -0.101511 -0.111275 -0.116423 -0.114756 -0.106692 -0.0938994 -0.0791365 -0.0638762 -0.0484528 -0.0327816 -0.0164766 0.00137348 0.0215746 0.043855 0.0681591 0.0955503 0.127745 0.167008 0.209635 0.245231 0.260101 0.241969 0.207685 0.182508 0.162222 0.137311 0.111723 0.092529 0.0874519 0.0963799 0.108062
-0.162314 -0.165108 -0.167662 -0.168705 -0.167814 -0.165837 -0.163284 -0.159325 -0.152952 -0.143228 -0.130722 -0.11747 -0.105056 -0.0945477 -0.0857548 -0.0782638 -0.0732618 -0.0712393 -0.0691709 -0.0646746 -0.0580213 -0.0526054 -0.0551462 -0.0646183 -0.0733298 -0.0790458 -0.0832957 -0.0895829 -0.100539 -0.11194 -0.118874 -0.119394 -0.113026 -0.101067 -0.0856077 -0.0693597 -0.0532582 -0.0368109 -0.0199168 -0.00258565 0.0158915 0.0363448 0.0590975 0.0842259 0.111518 0.142163 0.179404 0.22019 0.254281 0.26815 0.249539 0.213919 0.185132 0.160823 0.13416 0.111008 0.0981782 0.0988409 0.109957 0.120477
-0.161768 -0.162096 -0.161249 -0.159845 -0.158282 -0.155571 -0.151457 -0.147921 -0.14498 -0.139394 -0.129904 -0.117589 -0.10465 -0.093754 -0.0858716 -0.0813677 -0.0813826 -0.0854384 -0.0875053 -0.0835305 -0.0754862 -0.067681 -0.0662508 -0.0709794 -0.0762648 -0.0812644 -0.0880513 -0.0980775 -0.111277 -0.122382 -0.126456 -0.123107 -0.113301 -0.0990747 -0.0824784 -0.0653555 -0.0481133 -0.0300845 -0.0113339 0.00781324 0.0279278 0.0498031 0.0738612 0.100013 0.127183 0.156324 0.191562 0.230119 0.261373 0.272919 0.254195 0.217964 0.184649 0.155811 0.129406 0.111298 0.106115 0.112313 0.124207 0.131544
-0.159339 -0.155092 -0.150701 -0.148281 -0.147873 -0.145546 -0.139579 -0.134943 -0.133383 -0.130632 -0.12412 -0.113658 -0.101492 -0.0912469 -0.085065 -0.0842059 -0.0889945 -0.097519 -0.101973 -0.0977366 -0.0887068 -0.0800463 -0.0769874 -0.0793615 -0.0826182 -0.0873795 -0.0968575 -0.110001 -0.123574 -0.13246 -0.132827 -0.1256 -0.112897 -0.0975131 -0.0810717 -0.0637025 -0.0452432 -0.0254341 -0.00465203 0.0165177 0.0382982 0.0612508 0.0861092 0.113027 0.140708 0.169731 0.203726 0.239557 0.266544 0.274079 0.254165 0.217445 0.18118 0.150191 0.126264 0.114272 0.11627 0.126922 0.138356 0.14077
-0.153721 -0.145363 -0.138072 -0.135018 -0.135965 -0.13484 -0.128406 -0.122389 -0.119773 -0.117737 -0.113734 -0.106208 -0.0966828 -0.0886032 -0.0843833 -0.0857454 -0.0934244 -0.105196 -0.110823 -0.104865 -0.0943324 -0.0861585 -0.0849361 -0.0894773 -0.0941569 -0.0999818 -0.11105 -0.124657 -0.13563 -0.140027 -0.135712 -0.124531 -0.109329 -0.0934602 -0.0778778 -0.0606768 -0.0411607 -0.0197811 0.00268126 0.0253738 0.0479608 0.0706736 0.0951474 0.122452 0.151547 0.182185 0.215662 0.247997 0.269477 0.27144 0.248208 0.210463 0.17466 0.14614 0.127125 0.121233 0.128664 0.141706 0.151137 0.14752
-0.146655 -0.137791 -0.128833 -0.123775 -0.123562 -0.122422 -0.116625 -0.110106 -0.105792 -0.103523 -0.101381 -0.0962339 -0.0886517 -0.0817267 -0.0783985 -0.0812626 -0.0917239 -0.107485 -0.11619 -0.11141 -0.102127 -0.096018 -0.0963772 -0.10178 -0.107347 -0.113741 -0.124079 -0.134974 -0.14118 -0.140712 -0.133218 -0.120454 -0.10483 -0.0892169 -0.073916 -0.0562281 -0.0354378 -0.0125982 0.011044 0.0343075 0.0568428 0.0791084 0.10344 0.131446 0.161964 0.193677 0.225539 0.253282 0.269164 0.265541 0.237211 0.19725 0.164613 0.142881 0.131463 0.132165 0.143491 0.155895 0.160409 0.150839
-0.139151 -0.133503 -0.124561 -0.116513 -0.112329 -0.109031 -0.103944 -0.09786 -0.0924187 -0.0896836 -0.0884335 -0.0844547 -0.0775915 -0.0706846 -0.0677607 -0.0727949 -0.0871136 -0.107851 -0.121894 -0.122129 -0.117045 -0.113324 -0.112719 -0.115088 -0.119026 -0.124604 -0.132232 -0.13852 -0.139506 -0.135243 -0.126772 -0.114965 -0.100853 -0.0857595 -0.0695372 -0.0503576 -0.028032 -0.0038242 0.020575 0.0435873 0.0654975 0.0875961 0.112414 0.14138 0.172596 0.203703 0.232316 0.254549 0.264791 0.255842 0.222133 0.18026 0.15319 0.141311 0.139251 0.146355 0.159424 0.16788 0.164923 0.150756
-0.130594 -0.127581 -0.120579 -0.112084 -0.104519 -0.0980083 -0.0920392 -0.0857941 -0.0796879 -0.0759022 -0.0740191 -0.0710823 -0.0666534 -0.062435 -0.0628168 -0.0724183 -0.0913059 -0.115539 -0.133177 -0.137412 -0.134541 -0.130148 -0.126778 -0.125812 -0.12769 -0.131991 -0.137468 -0.140758 -0.138632 -0.131968 -0.122371 -0.110529 -0.0967878 -0.0811602 -0.0632877 -0.0424691 -0.0188992 0.00638729 0.0314444 0.0542891 0.0755196 0.0969411 0.121387 0.1503 0.181226 0.211034 0.236383 0.253055 0.255931 0.24017 0.203676 0.164723 0.146334 0.145215 0.151634 0.162277 0.172948 0.174908 0.164995 0.148831
-0.120993 -0.118656 -0.114642 -0.108859 -0.100885 -0.0922249 -0.0840801 -0.0760871 -0.0684087 -0.0622654 -0.0582331 -0.056147 -0.0556987 -0.0569601 -0.063399 -0.0789147 -0.102222 -0.128724 -0.148458 -0.155142 -0.151796 -0.143521 -0.136539 -0.133553 -0.134005 -0.137081 -0.14154 -0.143917 -0.140799 -0.13272 -0.12116 -0.107347 -0.0919146 -0.0745038 -0.0548225 -0.0327914 -0.00857424 0.0173229 0.042944 0.0659976 0.0867918 0.107019 0.13003 0.157684 0.187363 0.215373 0.23732 0.247929 0.241484 0.218159 0.183721 0.154415 0.147001 0.15508 0.166893 0.177277 0.182178 0.177139 0.162876 0.147364
-0.111089 -0.109289 -0.107509 -0.105176 -0.100601 -0.0935361 -0.0841137 -0.0726403 -0.0603349 -0.0496995 -0.0425598 -0.0398809 -0.0416287 -0.0473908 -0.0587946 -0.0778823 -0.104287 -0.134774 -0.15962 -0.171171 -0.168417 -0.156174 -0.145598 -0.141041 -0.140404 -0.142247 -0.145346 -0.146341 -0.141907 -0.132441 -0.119244 -0.103423 -0.085712 -0.0662348 -0.0450866 -0.0223897 0.00191607 0.0278481 0.0536345 0.0769162 0.0975706 0.116907 0.138546 0.164592 0.192253 0.217175 0.233679 0.236153 0.220006 0.191749 0.165458 0.151262 0.154678 0.167898 0.180576 0.187911 0.187165 0.177662 0.162407 0.149023
-0.101253 -0.100741 -0.100811 -0.10188 -0.102542 -0.0994803 -0.0903412 -0.0758299 -0.0584328 -0.0426048 -0.0315318 -0.026836 -0.0284391 -0.0353149 -0.0476121 -0.0663479 -0.0940867 -0.130263 -0.16351 -0.183003 -0.183233 -0.168461 -0.154578 -0.147986 -0.145896 -0.146225 -0.147305 -0.146045 -0.139634 -0.128849 -0.115019 -0.0984613 -0.0794085 -0.0582421 -0.0355049 -0.0118732 0.0126332 0.0383528 0.0639512 0.0874281 0.108236 0.127065 0.147222 0.170627 0.194412 0.213898 0.222718 0.216586 0.194485 0.167476 0.153419 0.154916 0.166622 0.180975 0.191043 0.194196 0.189639 0.178648 0.164627 0.153386
-0.0916488 -0.0932741 -0.0964146 -0.101158 -0.105532 -0.105302 -0.097596 -0.0836308 -0.0656382 -0.0465948 -0.0308599 -0.0236264 -0.0240177 -0.0276795 -0.0351774 -0.0498064 -0.0770917 -0.118386 -0.160491 -0.189262 -0.194419 -0.178891 -0.161965 -0.152205 -0.147506 -0.145695 -0.144655 -0.141396 -0.133455 -0.122038 -0.108665 -0.0931357 -0.0747876 -0.052692 -0.0274732 -0.00154698 0.0241719 0.0499744 0.0752749 0.0989985 0.120113 0.138307 0.155861 0.174106 0.190647 0.201618 0.201839 0.19026 0.170855 0.153875 0.152125 0.163471 0.178955 0.192145 0.198695 0.198395 0.19212 0.181276 0.168517 0.157991
-0.0829784 -0.0872533 -0.0941072 -0.102445 -0.109223 -0.110975 -0.105635 -0.0944435 -0.0785834 -0.0586848 -0.0397124 -0.0301848 -0.0283719 -0.0267493 -0.0271393 -0.0358437 -0.0601126 -0.102476 -0.150385 -0.188136 -0.199785 -0.185577 -0.166696 -0.153519 -0.145343 -0.140838 -0.138285 -0.134297 -0.125845 -0.114159 -0.100942 -0.086172 -0.0688243 -0.0466773 -0.0199744 0.00803725 0.0354248 0.0615269 0.0862861 0.109702 0.130318 0.146807 0.160261 0.171487 0.179268 0.181621 0.175992 0.164521 0.154341 0.151327 0.159315 0.174533 0.189953 0.200785 0.204238 0.201696 0.194902 0.184572 0.172303 0.161013
-0.0762213 -0.083184 -0.0930727 -0.104342 -0.113677 -0.118177 -0.115921 -0.106977 -0.0921518 -0.073087 -0.0544989 -0.0434134 -0.0381853 -0.0323694 -0.0280407 -0.0313668 -0.049444 -0.0859867 -0.133653 -0.178371 -0.197333 -0.186553 -0.167811 -0.152437 -0.140767 -0.133335 -0.130333 -0.127405 -0.119657 -0.107602 -0.0928707 -0.0763084 -0.0578789 -0.0362476 -0.0110733 0.0165811 0.0446778 0.0706968 0.0943619 0.116235 0.134611 0.147613 0.155745 0.159903 0.160606 0.158219 0.153043 0.147995 0.148528 0.15632 0.16993 0.185637 0.198961 0.207008 0.208327 0.20451 0.197191 0.186779 0.17421 0.161332
