data_raster/melanesia/PNMC_current_2021/202105_North.grd
DSAA																																																																																																																																																																																																																																																																																																																																																																																																																											
412	268																																																																																																																																																																																																																																																																																																																																																																																																																										
156	174.5																																																																																																																																																																																																																																																																																																																																																																																																																										
-26.5	-14.5																																																																																																																																																																																																																																																																																																																																																																																																																										
-0.447725	0.302917																																																																																																																																																																																																																																																																																																																																																																																																																										
[rows 156 to 181 of 268, columns 295 to 353 of 412]
0 0 0 0 -0.0962708 -0.173099 -0.177139 -0.15563 -0.151108 -0.150812 -0.145094 -0.137829 -0.13097 -0.123796 -0.115938 -0.107309 -0.0978047 -0.0873444 -0.0760024 -0.0640912 -0.0524685 -0.0415886 -0.0310004 -0.0205174 -0.0104136 -0.00119796 0.00649913 0.012553 0.0171689 0.0208062 0.0239358 0.0267149 0.0292162 0.031491 0.033691 0.0361358 0.0390929 0.0427456 0.0471463 0.0522214 0.057638 0.062978 0.0680579 0.0727398 0.0767743 0.0799452 0.0821608 0.0833037 0.0831963 0.0817241 0.078839 0.0744829 0.0686425 0.0617039 0.0541814 0.0463449 0.0383174 0.0299968 0.0213037
0 0 -0.0408901 -0.0904962 -0.121783 -0.134633 -0.137885 -0.139316 -0.142831 -0.144847 -0.143356 -0.13975 -0.135056 -0.129668 -0.123437 -0.115927 -0.10704 -0.0968596 -0.0856664 -0.0738984 -0.06229 -0.0511583 -0.0399695 -0.0284974 -0.0170359 -0.00634594 0.00253466 0.00941958 0.0146412 0.0187267 0.0221654 0.0250304 0.0273482 0.0292786 0.0311041 0.0332729 0.036133 0.039885 0.0444428 0.0495114 0.054807 0.0600539 0.0649765 0.0693699 0.0732705 0.076655 0.0792551 0.0807951 0.0810436 0.0799243 0.0775058 0.0737715 0.068685 0.0625222 0.0556784 0.0484484 0.0410073 0.0332591 0.0250776
0 0 -0.0429891 -0.115337 -0.127154 -0.112428 -0.117638 -0.131897 -0.140591 -0.144535 -0.145549 -0.144231 -0.141186 -0.137047 -0.131735 -0.124784 -0.116148 -0.106028 -0.0948977 -0.083295 -0.0717237 -0.0603153 -0.0485387 -0.0362022 -0.0236549 -0.0118282 -0.00200529 0.00559185 0.011379 0.0159645 0.0198692 0.0230125 0.0253248 0.0271243 0.028837 0.0309631 0.0338673 0.0377278 0.0423236 0.047173 0.0520741 0.0569358 0.0614879 0.065525 0.0692646 0.072793 0.0757066 0.0775968 0.0781568 0.0773586 0.0754277 0.0723708 0.0680746 0.0626936 0.0565045 0.0497814 0.0427216 0.0352909 0.0273993
0 0 -0.00456067 -0.0779726 -0.114128 -0.124443 -0.132545 -0.140882 -0.147752 -0.15149 -0.151861 -0.15055 -0.148278 -0.144743 -0.139654 -0.132792 -0.124209 -0.114153 -0.103216 -0.0919563 -0.0805716 -0.0689728 -0.0566742 -0.0435863 -0.0301942 -0.0175357 -0.00696591 0.00129189 0.00769258 0.0128888 0.0174063 0.0210107 0.0235366 0.0254421 0.0272655 0.0295144 0.0325226 0.0364047 0.0408531 0.0453015 0.0496206 0.0538742 0.0579602 0.0617898 0.0655069 0.069109 0.0721599 0.0742226 0.0749601 0.0743908 0.0728539 0.0703661 0.0667466 0.0620463 0.0564335 0.0501295 0.0433239 0.0360631 0.028323
0.00574937 0.0154424 -0.0178799 -0.0684569 -0.11255 -0.14006 -0.149274 -0.151691 -0.1558 -0.158656 -0.158511 -0.15714 -0.155089 -0.151572 -0.146269 -0.13921 -0.130579 -0.120683 -0.110089 -0.0992499 -0.0880881 -0.0763558 -0.0636685 -0.0500324 -0.0359888 -0.0226685 -0.0115364 -0.00276142 0.00423288 0.0100621 0.015168 0.0192812 0.0222128 0.0243981 0.0263733 0.0286767 0.0316631 0.0354501 0.03968 0.0437134 0.0474842 0.0511951 0.0549158 0.0586601 0.0624029 0.0659741 0.0689037 0.070815 0.0715386 0.0711402 0.0698838 0.0677841 0.0646965 0.0605942 0.0555235 0.0496172 0.0430286 0.0358942 0.0282461
-0.092922 -0.0865513 -0.0911937 -0.104548 -0.127175 -0.147591 -0.155867 0 -0.161703 -0.164035 -0.164467 -0.163554 -0.161367 -0.157446 -0.15169 -0.144263 -0.135517 -0.125871 -0.115711 -0.105245 -0.0942223 -0.0823469 -0.0693998 -0.0554654 -0.0410313 -0.0272198 -0.0155294 -0.00614292 0.0015024 0.00793824 0.0135318 0.0180756 0.0214104 0.0238401 0.0258336 0.0280078 0.0308072 0.0344275 0.0384745 0.0422049 0.0456094 0.0490171 0.052556 0.0562411 0.05993 0.0633386 0.0659468 0.0674737 0.068039 0.0677557 0.0666921 0.0648411 0.0621423 0.0585114 0.0538795 0.0482998 0.041889 0.0348471 0.0272332
-0.140623 -0.163758 -0.156453 -0.136715 -0.140056 -0.154809 -0.161934 -0.164716 -0.167932 -0.170461 -0.17125 -0.170334 -0.167689 -0.163177 -0.156853 -0.148943 -0.140002 -0.130608 -0.120846 -0.110596 -0.0995415 -0.0874475 -0.0743023 -0.0602977 -0.045871 -0.0318533 -0.0193309 -0.00877838 -0.000232957 0.00679098 0.0127941 0.0175923 0.0210178 0.0233533 0.025094 0.0269649 0.0295084 0.032991 0.0369682 0.0405767 0.0438596 0.0472466 0.0507598 0.0542867 0.0577198 0.0608237 0.0630826 0.0642763 0.0646719 0.064421 0.0635165 0.0618969 0.0594633 0.0560793 0.0516279 0.0461647 0.0398159 0.0327669 0.0250738
-0.149541 -0.202621 -0.19403 -0.154916 -0.149705 -0.164234 -0.170406 -0.172104 -0.175434 -0.178223 -0.178741 -0.177264 -0.173957 -0.168757 -0.161812 -0.153449 -0.144305 -0.134981 -0.125395 -0.115255 -0.104206 -0.0920145 -0.078704 -0.0645898 -0.0503054 -0.0363327 -0.0230492 -0.0112105 -0.00160058 0.00612747 0.0125417 0.0174385 0.0206569 0.0226058 0.0239123 0.0254114 0.0277111 0.031092 0.035066 0.0386955 0.0420412 0.0455634 0.0491324 0.0524869 0.0555894 0.0583165 0.0602551 0.0612386 0.0615171 0.061247 0.0604456 0.0589874 0.0566622 0.0533158 0.0488565 0.0433628 0.0369717 0.0298443 0.0220341
-0.185895 -0.23085 -0.214819 -0.171951 -0.162953 -0.174423 -0.179587 -0.181089 -0.183908 -0.186007 -0.185832 -0.18367 -0.179654 -0.173686 -0.166097 -0.157467 -0.148198 -0.138587 -0.128798 -0.118798 -0.108099 -0.0962079 -0.0827892 -0.0682453 -0.053823 -0.0399876 -0.0265786 -0.0141492 -0.00354211 0.00515283 0.0120488 0.0169551 0.0198569 0.0213585 0.0222473 0.0234456 0.0255718 0.028844 0.0327763 0.0364729 0.0399388 0.0435441 0.0471498 0.0504872 0.0534221 0.0558158 0.0574585 0.0582974 0.0585217 0.0582336 0.0574169 0.0559149 0.0534967 0.0500664 0.0455967 0.0400924 0.033624 0.0264315 0.0186054
-0.202461 -0.243042 -0.225022 -0.182411 -0.171896 -0.181733 -0.1873 -0.189457 -0.191724 -0.192852 -0.19188 -0.189044 -0.18437 -0.177673 -0.169461 -0.160578 -0.151139 -0.14109 -0.131001 -0.121221 -0.111009 -0.0995575 -0.0863045 -0.0716291 -0.0569897 -0.0430138 -0.029606 -0.0169624 -0.00549516 0.00415109 0.0113796 0.0161074 0.0185891 0.0196124 0.0201022 0.0210605 0.0230786 0.0262446 0.0300963 0.0338547 0.0374132 0.0409673 0.0444922 0.0478459 0.0507399 0.0529363 0.0543795 0.0551137 0.055289 0.0549405 0.0539758 0.0522604 0.0496506 0.0461181 0.041666 0.0361956 0.0296979 0.0225215 0.0147976
-0.136495 -0.226472 -0.227078 -0.177029 -0.16683 -0.183078 -0.191809 -0.194707 -0.197209 -0.198136 -0.196586 -0.193128 -0.187905 -0.180638 -0.171868 -0.162539 -0.152729 -0.142352 -0.132168 -0.122632 -0.112693 -0.101462 -0.0888335 -0.0750029 -0.0604445 -0.0458161 -0.0318587 -0.0187648 -0.00658109 0.00365159 0.0108384 0.0151062 0.0170171 0.0174859 0.017532 0.0182395 0.0201624 0.0232323 0.0269912 0.0307652 0.0343324 0.037716 0.0410142 0.0442475 0.0470924 0.0492495 0.0506363 0.0512868 0.0513565 0.0508556 0.049645 0.047662 0.0448978 0.0413259 0.0368949 0.0314752 0.0250471 0.0179901 0.0104353
0 -0.195887 -0.21633 -0.162353 -0.156255 -0.18147 -0.193998 -0.197636 -0.200776 -0.202039 -0.200304 -0.19643 -0.190744 -0.183009 -0.173779 -0.163998 -0.153747 -0.142961 -0.132502 -0.122884 -0.112936 -0.101855 -0.090023 -0.0773853 -0.0632591 -0.0481726 -0.0335935 -0.0199333 -0.00719893 0.00334393 0.0103672 0.0141153 0.01535 0.0151794 0.0147408 0.0151127 0.0168092 0.0197 0.0233099 0.0269783 0.0304649 0.0337617 0.0369539 0.0400613 0.0427772 0.0448159 0.0460925 0.0466322 0.0465764 0.0459239 0.0445317 0.0423779 0.0395173 0.0359299 0.0315416 0.0261869 0.0198213 0.0128455 0.00539823
0 0 -0.19153 -0.147832 -0.150244 -0.180361 -0.195073 -0.199551 -0.203238 -0.204935 -0.203473 -0.199509 -0.19342 -0.185247 -0.175663 -0.165589 -0.154913 -0.143393 -0.132117 -0.121893 -0.111743 -0.100951 -0.0898274 -0.0781089 -0.0647607 -0.0500509 -0.035308 -0.0211615 -0.00799693 0.00277529 0.00976389 0.0131255 0.0136491 0.0127688 0.0118028 0.0117004 0.0129438 0.015502 0.0188819 0.0223327 0.02571 0.0291363 0.0325057 0.0356007 0.0380847 0.0397457 0.0407031 0.0410801 0.0409364 0.0402314 0.0388351 0.0366823 0.0337628 0.0301297 0.0258027 0.0205135 0.0141166 0.00709122 -0.000373046
0 0 -0.166003 -0.139249 -0.149814 -0.179911 -0.195192 -0.200744 -0.204959 -0.207147 -0.206297 -0.202498 -0.196076 -0.187524 -0.177643 -0.167243 -0.155936 -0.143285 -0.130853 -0.119952 -0.109706 -0.0993476 -0.0890006 -0.0782834 -0.0661292 -0.0523953 -0.0377659 -0.0230825 -0.00936687 0.00172019 0.00869755 0.0116877 0.011537 0.00992915 0.00832874 0.00761624 0.00828533 0.0104229 0.0135732 0.016958 0.0203998 0.0239736 0.0274615 0.0305232 0.0327376 0.0339287 0.0344975 0.0347198 0.0345675 0.033917 0.0325799 0.0304385 0.0274478 0.0237311 0.0193946 0.0141092 0.00766945 0.000626262 -0.00680693
0 -0.144441 -0.149443 -0.138407 -0.153342 -0.179818 -0.194646 -0.20148 -0.206293 -0.209014 -0.208912 -0.2054 -0.198715 -0.189838 -0.179628 -0.168678 -0.156444 -0.142491 -0.128931 -0.117566 -0.107405 -0.0975562 -0.0881756 -0.0787947 -0.068078 -0.0554039 -0.0408928 -0.0256168 -0.011235 0.000225167 0.00710191 0.00965786 0.00891092 0.00660287 0.00426057 0.00286073 0.00295712 0.00465772 0.00759587 0.0110967 0.0147591 0.0183423 0.021699 0.0246225 0.0266019 0.027427 0.0276923 0.0277978 0.0276905 0.0271456 0.025821 0.0235977 0.0205232 0.0167361 0.0123332 0.0070283 0.000656665 -0.00624289 -0.013493
-0.0874723 -0.127884 -0.140246 -0.140993 -0.157259 -0.179962 -0.194282 -0.202285 -0.207705 -0.210911 -0.211402 -0.20811 -0.201195 -0.19196 -0.181242 -0.169447 -0.156244 -0.141508 -0.12733 -0.115489 -0.10521 -0.0958013 -0.0875012 -0.0795472 -0.0698841 -0.057622 -0.0430247 -0.0274229 -0.0127677 -0.00123913 0.00543562 0.007588 0.00630983 0.00335041 0.000294341 -0.00172845 -0.00211481 -0.000826713 0.00178543 0.00511674 0.0086998 0.0121772 0.0153895 0.0181537 0.0199861 0.0206856 0.0208156 0.0207896 0.0206375 0.020105 0.0187168 0.0163933 0.0133207 0.00961857 0.0053204 0.000206938 -0.00584525 -0.0124488 -0.0194554
0 -0.101852 -0.133992 -0.143503 -0.159942 -0.180161 -0.194356 -0.203382 -0.209402 -0.212971 -0.21375 -0.210507 -0.203357 -0.193676 -0.182214 -0.169295 -0.155225 -0.140489 -0.126345 -0.113879 -0.103111 -0.0940049 -0.0867232 -0.0799839 -0.0708167 -0.0583375 -0.0435547 -0.0280158 -0.0135758 -0.00230531 0.00414017 0.00600306 0.0042941 0.00079742 -0.00282221 -0.00531318 -0.00606576 -0.00516384 -0.00302731 -0.000266864 0.00280655 0.00601432 0.0090622 0.0116149 0.0133303 0.0140693 0.0141453 0.0138697 0.0134452 0.0127064 0.011166 0.0087969 0.00586892 0.00247182 -0.00142463 -0.00601973 -0.0114605 -0.0175869 -0.0242273
-0.0201549 -0.0835527 -0.124702 -0.144357 -0.162377 -0.180159 -0.194359 -0.204599 -0.211254 -0.215026 -0.215823 -0.212465 -0.205036 -0.194814 -0.182436 -0.168233 -0.153373 -0.139085 -0.125327 -0.112125 -0.100663 -0.0917641 -0.085178 -0.0791497 -0.0703544 -0.0579678 -0.0433637 -0.0281127 -0.0139133 -0.00279768 0.0035542 0.00529115 0.00335268 -0.000451575 -0.00440856 -0.00720815 -0.00826407 -0.00776985 -0.00616748 -0.00401933 -0.00157886 0.00103006 0.00353329 0.00562439 0.00705817 0.00768027 0.00751134 0.00673444 0.0057222 0.00449377 0.0027255 0.000416503 -0.00222482 -0.00513505 -0.0083636 -0.0121736 -0.0167961 -0.0221748 -0.0280584
-0.0415204 -0.0784233 -0.114084 -0.143676 -0.164558 -0.180247 -0.194503 -0.205941 -0.213199 -0.217005 -0.21753 -0.213872 -0.206084 -0.195149 -0.181691 -0.166281 -0.150844 -0.13715 -0.123809 -0.109819 -0.0976326 -0.0889005 -0.0826729 -0.0768639 -0.0684596 -0.0566831 -0.0427034 -0.0279033 -0.0138461 -0.00266075 0.00381318 0.00565448 0.00375199 -0.000140171 -0.00432781 -0.00745954 -0.00894798 -0.00903174 -0.00813074 -0.00674937 -0.00522392 -0.00377272 -0.00244483 -0.00128354 -0.000502352 -0.000325913 -0.000918694 -0.00219521 -0.00372434 -0.00533701 -0.00714455 -0.00914082 -0.0112412 -0.0134305 -0.0157842 -0.018652 -0.0223256 -0.0266779 -0.0313609
-0.0624337 -0.0811824 -0.109859 -0.142974 -0.165687 -0.181149 -0.195594 -0.207579 -0.215239 -0.218921 -0.218834 -0.214649 -0.206376 -0.194427 -0.179686 -0.163458 -0.147933 -0.13475 -0.121573 -0.106827 -0.0940401 -0.0854778 -0.0794429 -0.0736049 -0.0654817 -0.0544023 -0.0412438 -0.0270924 -0.0132688 -0.00195661 0.00484501 0.00707914 0.00548108 0.00159459 -0.00297963 -0.00677781 -0.00911216 -0.0101625 -0.0103916 -0.0104111 -0.0105764 -0.0110411 -0.0115846 -0.0119752 -0.0123628 -0.0129518 -0.0138845 -0.015126 -0.0164009 -0.0176131 -0.0188554 -0.0200926 -0.021225 -0.0223569 -0.0237089 -0.0256103 -0.0282611 -0.0313774 -0.034568
-0.0738218 -0.0893 -0.113742 -0.144218 -0.1669 -0.18327 -0.197808 -0.209627 -0.217342 -0.220695 -0.219764 -0.214876 -0.205931 -0.19258 -0.176349 -0.159839 -0.144866 -0.132123 -0.118886 -0.10358 -0.0903993 -0.0818985 -0.0757832 -0.0696407 -0.0616308 -0.0512239 -0.0389804 -0.0256616 -0.0123007 -0.00100394 0.00617212 0.0088958 0.00760567 0.00362539 -0.00154863 -0.00638316 -0.0100486 -0.0125364 -0.0143484 -0.0162744 -0.0185568 -0.0211048 -0.0235486 -0.0255399 -0.0271154 -0.0283622 -0.0292982 -0.0299462 -0.030353 -0.0306209 -0.0308888 -0.0310818 -0.0310338 -0.0309913 -0.0313468 -0.0322982 -0.033857 -0.0356459 -0.0373221
-0.0846889 -0.101844 -0.123686 -0.149214 -0.170192 -0.18679 -0.200961 -0.212155 -0.219455 -0.222209 -0.220388 -0.214716 -0.204842 -0.189684 -0.171794 -0.155527 -0.141769 -0.129557 -0.116266 -0.100777 -0.087417 -0.0786784 -0.0719793 -0.0651145 -0.057053 -0.0473692 -0.0361255 -0.0237885 -0.0112116 -0.000252113 0.00715582 0.010217 0.00893313 0.00460625 -0.0013003 -0.00740086 -0.0127878 -0.0171268 -0.0208119 -0.0246701 -0.0287321 -0.0326354 -0.0360995 -0.0389092 -0.0409775 -0.0422566 -0.0427282 -0.0425418 -0.042081 -0.0415503 -0.0409478 -0.0401759 -0.0391347 -0.0381498 -0.0376529 -0.037671 -0.0380677 -0.0385751 -0.0389958
-0.0981714 -0.116709 -0.136524 -0.157276 -0.175811 -0.191664 -0.204973 -0.215171 -0.221556 -0.223453 -0.220792 -0.214262 -0.203183 -0.186011 -0.166455 -0.150642 -0.138426 -0.127072 -0.114084 -0.098769 -0.0852502 -0.0758513 -0.0680891 -0.0602194 -0.052037 -0.0431484 -0.0330021 -0.0218234 -0.0103813 -5.49733E-05 0.00758865 0.0111293 0.00995108 0.00534625 -0.00124184 -0.00860764 -0.0157481 -0.0219242 -0.0273185 -0.0326935 -0.0379238 -0.0425005 -0.0463062 -0.0493227 -0.0514254 -0.052517 -0.0526147 -0.0519331 -0.0509458 -0.0499056 -0.0488108 -0.0475037 -0.0458046 -0.0440998 -0.0428983 -0.0420809 -0.0413964 -0.0407548 -0.0401285
-0.114516 -0.131812 -0.149411 -0.166965 -0.183262 -0.197681 -0.2097 -0.218557 -0.223585 -0.224427 -0.221015 -0.213575 -0.201104 -0.181992 -0.160928 -0.14538 -0.134585 -0.124577 -0.112534 -0.0976405 -0.0837822 -0.0732799 -0.0641202 -0.0551688 -0.0468996 -0.0388727 -0.02992 -0.0200545 -0.00997083 -0.000369811 0.00775253 0.0122661 0.0117591 0.00727949 0.000183376 -0.00828442 -0.0168881 -0.0244687 -0.0310037 -0.0372276 -0.043058 -0.0480533 -0.0521157 -0.0552571 -0.0574721 -0.0587663 -0.0591774 -0.058788 -0.0577483 -0.0564177 -0.0552942 -0.0540687 -0.0520416 -0.0497048 -0.0478794 -0.0463841 -0.0448529 -0.0432539 -0.0416652
-0.131781 -0.14699 -0.162434 -0.177655 -0.191786 -0.204278 -0.214575 -0.221794 -0.225286 -0.225011 -0.220901 -0.212701 -0.199092 -0.178401 -0.155969 -0.140221 -0.130374 -0.121956 -0.111325 -0.0969666 -0.082651 -0.0708878 -0.060227 -0.0501752 -0.0418494 -0.0347242 -0.0269682 -0.0182579 -0.00909925 0.000281833 0.00921873 0.0149414 0.0153116 0.0110171 0.00330826 -0.00634375 -0.0163436 -0.0250828 -0.032429 -0.0392684 -0.0456785 -0.0513345 -0.0560172 -0.0596194 -0.0622942 -0.0641843 -0.0652876 -0.0654978 -0.0646143 -0.0631384 -0.0621552 -0.0611872 -0.0589335 -0.0559711 -0.0534627 -0.0512959 -0.0490837 -0.0467448 -0.044369
-0.148155 -0.162285 -0.17594 -0.188817 -0.20058 -0.21082 -0.219023 -0.224411 -0.226431 -0.225107 -0.220333 -0.211678 -0.197526 -0.175852 -0.152203 -0.135579 -0.125861 -0.118921 -0.109924 -0.096176 -0.0814467 -0.068546 -0.0564969 -0.0453838 -0.0369657 -0.0306396 -0.0239022 -0.0158891 -0.00672217 0.00331557 0.0132983 0.0200484 0.0210174 0.0165674 0.00787334 -0.00327529 -0.0148509 -0.024762 -0.0329061 -0.0405614 -0.0479746 -0.054833 -0.0607185 -0.0653318 -0.0688928 -0.0716003 -0.0733609 -0.0739795 -0.0732063 -0.071657 -0.070665 -0.0696715 -0.0671017 -0.0635245 -0.0602286 -0.0572876 -0.054448 -0.0515537 -0.048631
