data_raster/melanesia/PNMC_current_2021/202103_North.grd
DSAA																																																																																																																																																																																																																																																																																																																																																																																																																											
412	268																																																																																																																																																																																																																																																																																																																																																																																																																										
156	174.5																																																																																																																																																																																																																																																																																																																																																																																																																										
-26.5	-14.5																																																																																																																																																																																																																																																																																																																																																																																																																										
-0.445606	0.253092																																																																																																																																																																																																																																																																																																																																																																																																																										
[rows 234 to 259 of 268, columns 177 to 235 of 412]
-0.0682755 -0.0730043 -0.0776569 -0.0820219 -0.08636 -0.0914202 -0.0970031 -0.102111 -0.105965 -0.107942 -0.107521 -0.10455 -0.100151 -0.0954408 -0.0907654 -0.08587 -0.0797217 -0.0716174 -0.0613408 -0.0492354 -0.0360333 -0.0223466 -0.0086069 0.0053655 0.0196804 0.0335221 0.046218 0.0578492 0.0686075 0.0787139 0.0887166 0.0994798 0.111765 0.126148 0.142419 0.159694 0.175573 0.187511 0.193861 0.193653 0.186941 0.174368 0.157182 0.136266 0.112223 0.086641 0.0614236 0.0366345 0.0120281 -0.0108248 -0.0305964 -0.0478879 -0.0641472 -0.0817076 -0.101436 -0.122448 -0.145533 -0.17207 -0.195513
-0.0683408 -0.073157 -0.0772535 -0.0811759 -0.0855336 -0.09079 -0.0965205 -0.101584 -0.105041 -0.106159 -0.104706 -0.100877 -0.0957979 -0.09054 -0.0854841 -0.0803643 -0.0740423 -0.065874 -0.0558753 -0.0443559 -0.0318177 -0.0187361 -0.0054696 0.00816241 0.0222552 0.0360084 0.0487509 0.0605208 0.0715507 0.0822196 0.0929019 0.103983 0.116193 0.130354 0.146243 0.162909 0.178195 0.189789 0.195961 0.195565 0.188397 0.174939 0.156429 0.134074 0.10905 0.0830727 0.0578727 0.0331455 0.00832182 -0.0148466 -0.0349522 -0.053134 -0.0709415 -0.0898659 -0.110228 -0.131105 -0.153868 -0.180783 -0.204543
-0.0686117 -0.0732615 -0.0770941 -0.0809903 -0.0855495 -0.090789 -0.0961397 -0.10059 -0.103326 -0.103732 -0.10168 -0.097426 -0.0919989 -0.0863757 -0.0809354 -0.07543 -0.0687515 -0.060369 -0.05049 -0.0394265 -0.0275324 -0.0150914 -0.00229754 0.0109418 0.0246305 0.0381494 0.0509548 0.0629661 0.074339 0.0854782 0.0966159 0.107842 0.119883 0.133736 0.149192 0.165261 0.179853 0.190738 0.196231 0.195182 0.187312 0.173074 0.153767 0.130858 0.105896 0.0802839 0.0551361 0.0302899 0.00552191 -0.0175025 -0.0377041 -0.0568886 -0.0766328 -0.0972378 -0.118255 -0.138702 -0.160905 -0.188589 -0.213318
-0.0691113 -0.0735323 -0.0775523 -0.0817557 -0.0863814 -0.0911158 -0.0954762 -0.0988734 -0.100784 -0.100758 -0.098564 -0.0942724 -0.0887986 -0.0830133 -0.077166 -0.0710469 -0.0638618 -0.0552523 -0.0454121 -0.0346318 -0.0232305 -0.0113335 0.00102947 0.0138133 0.0269072 0.0399953 0.0527611 0.0649868 0.0766722 0.0881125 0.0994598 0.110751 0.122666 0.136171 0.15111 0.166551 0.180324 0.190146 0.194491 0.192395 0.183735 0.169057 0.149675 0.127104 0.10293 0.078059 0.0529576 0.0279416 0.00345873 -0.0192516 -0.0397277 -0.060135 -0.0818786 -0.104232 -0.125985 -0.145905 -0.167569 -0.19674 -0.2233
-0.06977 -0.0743985 -0.0788619 -0.0832114 -0.0873675 -0.0910467 -0.0941193 -0.0965539 -0.0979137 -0.0975926 -0.0953569 -0.0912699 -0.0859993 -0.080153 -0.0738288 -0.0669444 -0.0592516 -0.0505657 -0.040809 -0.0301819 -0.0190548 -0.00749422 0.00454972 0.0169166 0.0294184 0.0420118 0.0545877 0.066828 0.0786267 0.0902253 0.101717 0.113068 0.124836 0.137848 0.151923 0.16617 0.178556 0.186966 0.190057 0.187051 0.178013 0.163481 0.144509 0.122479 0.0989596 0.0746828 0.0499201 0.0252757 0.00143657 -0.0211358 -0.042594 -0.0645683 -0.0878879 -0.111515 -0.133915 -0.153573 -0.175259 -0.206703 -0.235863
-0.0706896 -0.0757984 -0.0807036 -0.0848571 -0.0880136 -0.0902905 -0.0920521 -0.0937484 -0.0948242 -0.0942966 -0.0920369 -0.0882706 -0.0833511 -0.0775418 -0.0708086 -0.0632217 -0.0550866 -0.0463723 -0.0366846 -0.0261282 -0.0151529 -0.00381997 0.00795698 0.0199815 0.0320462 0.0442269 0.0565127 0.0685724 0.0802814 0.0918759 0.103401 0.114723 0.126228 0.138534 0.151369 0.163881 0.174411 0.181238 0.183192 0.179615 0.170676 0.156775 0.138519 0.117065 0.0939849 0.0701832 0.0461601 0.0224943 -0.000401239 -0.0229448 -0.0457396 -0.069299 -0.0936952 -0.118223 -0.14146 -0.161675 -0.184443 -0.21881 -0.250918
-0.0720586 -0.077364 -0.0824476 -0.0861109 -0.0880105 -0.0888801 -0.089509 -0.090545 -0.0913444 -0.090716 -0.088557 -0.0851386 -0.0806003 -0.0749774 -0.0681293 -0.0601731 -0.0516777 -0.0427512 -0.0329788 -0.0224708 -0.0117 -0.00067744 0.0107677 0.0225091 0.0343689 0.0463315 0.0583352 0.0701436 0.0816668 0.0930597 0.104337 0.115381 0.126406 0.137761 0.149117 0.15973 0.168348 0.173673 0.174703 0.170857 0.16228 0.149188 0.131824 0.111144 0.088706 0.0656386 0.0427349 0.0203771 -0.00145644 -0.0237873 -0.0474455 -0.07205 -0.0971997 -0.12278 -0.147614 -0.169707 -0.194929 -0.232824 -0.267452
-0.0738813 -0.0788442 -0.0837747 -0.0868121 -0.0874782 -0.0870877 -0.0866927 -0.0869141 -0.0872258 -0.0865918 -0.0847656 -0.0817878 -0.077662 -0.0723396 -0.0656679 -0.0577324 -0.0490264 -0.0397818 -0.0299139 -0.0195724 -0.00905623 0.0016782 0.0128049 0.0242602 0.0359174 0.0477051 0.0595203 0.0711661 0.0825231 0.0936034 0.104399 0.114883 0.125172 0.135407 0.145213 0.153938 0.160714 0.164638 0.164879 0.160914 0.152792 0.14054 0.124114 0.104399 0.0830746 0.0613232 0.0399094 0.0189672 -0.00184339 -0.0237836 -0.0476965 -0.0726676 -0.0983114 -0.125624 -0.153324 -0.177891 -0.206175 -0.249722 -0.284581
-0.0760991 -0.0801031 -0.0845285 -0.086953 -0.0866497 -0.085181 -0.0836907 -0.0827782 -0.0823097 -0.0817429 -0.080516 -0.078151 -0.0745144 -0.0695627 -0.0632715 -0.0556952 -0.0470186 -0.0375704 -0.027803 -0.0178419 -0.00756989 0.0030538 0.0140051 0.0251365 0.036342 0.0477947 0.0595379 0.0711967 0.0824655 0.0932269 0.103445 0.113155 0.122478 0.131517 0.139831 0.146763 0.151792 0.154385 0.153866 0.149763 0.142066 0.130625 0.115101 0.0964742 0.0768152 0.0570718 0.0374443 0.0178677 -0.00202963 -0.023466 -0.0471751 -0.0720149 -0.0980778 -0.128044 -0.159904 -0.186727 -0.21754 -0.268528 -0.299995
-0.0787354 -0.0812872 -0.0846724 -0.0863907 -0.0854353 -0.0829476 -0.0801375 -0.0780748 -0.0769874 -0.0765432 -0.0758892 -0.0741481 -0.0710881 -0.0666699 -0.0609466 -0.0539435 -0.0456296 -0.0363463 -0.0268147 -0.0171823 -0.00717046 0.00331455 0.0142117 0.0251612 0.035917 0.0469535 0.0585262 0.0700692 0.0811133 0.0914997 0.10117 0.110143 0.118483 0.126225 0.132993 0.138281 0.141827 0.143332 0.142179 0.13793 0.130606 0.119967 0.105433 0.0880344 0.070112 0.0523447 0.0344022 0.0161521 -0.00266849 -0.0232223 -0.0463397 -0.0713464 -0.0987138 -0.131221 -0.166461 -0.196496 -0.228584 -0.277021 -0.304644
-0.0818122 -0.0826261 -0.0843302 -0.085068 -0.0836603 -0.0801241 -0.075801 -0.0728873 -0.071691 -0.07141 -0.0710752 -0.0698179 -0.0673765 -0.0636573 -0.0586206 -0.0522722 -0.0446838 -0.0360832 -0.0268581 -0.0172938 -0.00754635 0.00261419 0.0134563 0.024421 0.0349808 0.0456478 0.0567574 0.067768 0.0782519 0.0881235 0.097316 0.105748 0.113263 0.119664 0.124839 0.128704 0.131148 0.131916 0.130337 0.125972 0.118984 0.109174 0.0958495 0.0798631 0.0633486 0.0469392 0.0303552 0.0134932 -0.00391734 -0.0231618 -0.0455418 -0.0716914 -0.101881 -0.135882 -0.171795 -0.205979 -0.237843 -0.268671 -0.293439
-0.0852804 -0.0843571 -0.0839968 -0.0832921 -0.0811724 -0.0766979 -0.0712166 -0.0677147 -0.066515 -0.0664274 -0.0663947 -0.0655567 -0.0635952 -0.0603696 -0.0558573 -0.05015 -0.0434893 -0.0359034 -0.0272022 -0.0177024 -0.00802846 0.00190112 0.0123991 0.0230893 0.0335419 0.0439232 0.05434 0.0644884 0.0741511 0.0833171 0.0918986 0.0997077 0.106473 0.111903 0.115982 0.118795 0.120359 0.1205 0.118543 0.114083 0.10743 0.0984884 0.0865773 0.0722458 0.0571085 0.0419489 0.0269434 0.0117516 -0.00433549 -0.0227062 -0.04501 -0.0730972 -0.106647 -0.141503 -0.175629 -0.209746 -0.240689 -0.262857 -0.278424
-0.0891281 -0.0865946 -0.0840171 -0.0813699 -0.0780286 -0.0728516 -0.0669461 -0.0630893 -0.061684 -0.0617321 -0.0620571 -0.0615845 -0.0598661 -0.0567525 -0.0524635 -0.0472889 -0.0415232 -0.0349989 -0.0270861 -0.0179079 -0.00814672 0.00174928 0.0115413 0.0214389 0.0316276 0.0417089 0.0513303 0.0605169 0.0692911 0.0775942 0.0852968 0.0922104 0.0982052 0.103173 0.106865 0.109043 0.109836 0.109292 0.106895 0.102363 0.0960777 0.0880331 0.0776499 0.0651937 0.0517167 0.0381708 0.0251844 0.0117783 -0.00359657 -0.022168 -0.0453981 -0.0755629 -0.111593 -0.146387 -0.176799 -0.205201 -0.234986 -0.266219 -0.262745
-0.093436 -0.0892134 -0.0843194 -0.079485 -0.0746871 -0.0690579 -0.063329 -0.0594538 -0.0577868 -0.0576799 -0.0580175 -0.0576637 -0.0560592 -0.053004 -0.0488466 -0.043992 -0.0387817 -0.0330133 -0.0259316 -0.0174276 -0.00794236 0.00172942 0.0108494 0.0198947 0.029419 0.0388662 0.0477472 0.0562403 0.0643761 0.0718416 0.0784876 0.0843587 0.0895327 0.094041 0.0974404 0.0992044 0.099421 0.0982326 0.095401 0.0908555 0.0849879 0.0778334 0.0689151 0.0583696 0.0469234 0.0353557 0.0241477 0.0116982 -0.00407807 -0.0237944 -0.0481879 -0.079312 -0.11528 -0.147054 -0.172154 -0.196667 -0.224481 -0.252037 -0.226751
-0.0980969 -0.0921441 -0.0850614 -0.0780717 -0.0717399 -0.0657906 -0.0605904 -0.0570097 -0.0551519 -0.0546059 -0.054527 -0.0539925 -0.0523958 -0.0494408 -0.0454143 -0.0406949 -0.0356483 -0.0301823 -0.0237231 -0.0160748 -0.00740734 0.00158371 0.010133 0.0184952 0.0270723 0.0356154 0.0438835 0.0519533 0.0596415 0.0663386 0.0719137 0.0767369 0.0810308 0.0848395 0.0877329 0.0891645 0.0890443 0.0874118 0.084294 0.0798399 0.0744365 0.068132 0.0605162 0.0517267 0.0423863 0.0327349 0.02252 0.0098552 -0.00723681 -0.0283801 -0.0532753 -0.0834245 -0.116308 -0.142078 -0.161145 -0.185915 -0.21066 -0.214033 -0.171317
-0.102743 -0.0954125 -0.0867342 -0.077882 -0.0698814 -0.0634794 -0.0588386 -0.0556544 -0.0537074 -0.0527713 -0.05224 -0.0513897 -0.0495893 -0.046507 -0.0424972 -0.0379117 -0.032917 -0.0274354 -0.0211577 -0.0140706 -0.00641043 0.00143703 0.0091135 0.0167921 0.0246976 0.0326316 0.0403663 0.0478053 0.0546947 0.0605397 0.0652431 0.0691239 0.0724905 0.075553 0.077936 0.0790828 0.078823 0.0771312 0.074075 0.0698633 0.0649411 0.0594216 0.0529611 0.0456029 0.0377111 0.0290461 0.0188455 0.00536971 -0.0128441 -0.0344798 -0.0583454 -0.0854814 -0.113385 -0.132988 -0.146854 -0.170478 -0.191317 -0.176915 -0.126447
-0.107001 -0.0987792 -0.0892708 -0.0791138 -0.0695596 -0.0625173 -0.0581665 -0.0552752 -0.0533252 -0.0521739 -0.05136 -0.0502772 -0.0482255 -0.0448417 -0.0406521 -0.0360562 -0.0310172 -0.0253884 -0.018978 -0.0120526 -0.0051741 0.0015369 0.00821814 0.0151724 0.0225884 0.030083 0.0372292 0.0437727 0.0495443 0.0544673 0.0584769 0.0615428 0.0640024 0.066333 0.0682047 0.0690243 0.0686819 0.0671793 0.0644276 0.0605449 0.0560834 0.0512545 0.0457567 0.0394202 0.0321881 0.0236082 0.0129124 -0.00114248 -0.0193492 -0.0398364 -0.0609982 -0.0837663 -0.106203 -0.120876 -0.130877 -0.150795 -0.167441 -0.148521 -0.0983513
-0.110534 -0.101778 -0.0920874 -0.0814307 -0.0709607 -0.0632481 -0.0586762 -0.0557944 -0.0538671 -0.0525938 -0.0516656 -0.0506516 -0.048671 -0.0451566 -0.0405861 -0.0354681 -0.0300887 -0.0243731 -0.0179152 -0.0109712 -0.00424204 0.00215276 0.00839705 0.0146941 0.0211747 0.0277031 0.0340201 0.0397217 0.0445836 0.0486701 0.0519409 0.0542626 0.0559421 0.0574869 0.0586608 0.0589817 0.0584041 0.0569376 0.0543733 0.0507552 0.0466987 0.0424393 0.0376203 0.0318965 0.0249593 0.0163876 0.00567357 -0.00780563 -0.024237 -0.041802 -0.0591394 -0.0774829 -0.0954108 -0.106341 -0.113353 -0.130003 -0.142838 -0.120376 -0.071435
-0.11324 -0.104125 -0.0946458 -0.0843088 -0.0738947 -0.0658063 -0.0606393 -0.0574125 -0.0553693 -0.0539637 -0.0529888 -0.0521695 -0.0504877 -0.047152 -0.0423799 -0.0367124 -0.0309443 -0.0251455 -0.0186072 -0.0113875 -0.00411912 0.00285457 0.0093539 0.015251 0.0205625 0.0257381 0.0310068 0.0359086 0.0400622 0.0433435 0.0457346 0.0473179 0.0483535 0.0491555 0.0495619 0.0492591 0.0482335 0.0464985 0.0438824 0.0404496 0.0367878 0.0330378 0.028672 0.0232761 0.0165845 0.00838422 -0.00149327 -0.0131134 -0.026281 -0.0398892 -0.0533365 -0.0679821 -0.0825473 -0.0907923 -0.0955387 -0.109376 -0.118359 -0.0915731 -0.0444178
-0.115217 -0.105737 -0.0965553 -0.0871877 -0.0779178 -0.0701195 -0.0643699 -0.0604908 -0.0580083 -0.0563455 -0.0552329 -0.0543643 -0.0528528 -0.0499558 -0.0456404 -0.0402416 -0.034497 -0.0284716 -0.0214898 -0.0135709 -0.00529104 0.00274352 0.00994762 0.0158914 0.0204751 0.0245455 0.0287262 0.032701 0.036051 0.0384093 0.039795 0.0405986 0.0410751 0.0413332 0.0411589 0.0402566 0.0386318 0.036367 0.0335111 0.0302509 0.0270442 0.023827 0.0198224 0.0146609 0.00838664 0.00107417 -0.00716565 -0.0160455 -0.0253015 -0.0350638 -0.0456545 -0.0576123 -0.0693625 -0.0757537 -0.0789248 -0.0887702 -0.0929909 -0.0656249 -0.0242226
-0.116904 -0.107087 -0.098143 -0.0899471 -0.0823893 -0.0755785 -0.0697798 -0.065336 -0.0621796 -0.0600076 -0.0585022 -0.0572671 -0.0556207 -0.0530121 -0.049386 -0.044833 -0.0395483 -0.0334218 -0.0260303 -0.0174803 -0.00832007 0.000647871 0.00855811 0.0148672 0.0194287 0.0230808 0.0265114 0.0296094 0.0320702 0.0334834 0.0339417 0.0340225 0.0339672 0.0337452 0.0331025 0.031741 0.0296197 0.0268486 0.0237643 0.020707 0.0179274 0.0151453 0.0114277 0.00655518 0.000977288 -0.0050078 -0.0111799 -0.0171328 -0.0227117 -0.0291236 -0.0373437 -0.0467629 -0.0555208 -0.060153 -0.0618328 -0.0665586 -0.0657696 -0.0423221 -0.0110484
-0.118841 -0.108847 -0.10004 -0.0927552 -0.086793 -0.0814868 -0.0765492 -0.0720492 -0.068194 -0.065204 -0.0629473 -0.0610776 -0.0589326 -0.0560597 -0.0527117 -0.0489522 -0.0443579 -0.0385521 -0.0312888 -0.0227354 -0.0134081 -0.00417838 0.00400755 0.0107431 0.0159479 0.0200418 0.0233771 0.0259217 0.0275734 0.0282169 0.0280536 0.0275776 0.0269618 0.0261452 0.0250014 0.023372 0.0210746 0.0181011 0.0149894 0.0121745 0.00967548 0.00709728 0.00360401 -0.000812045 -0.00542114 -0.00987083 -0.0140213 -0.017518 -0.0202876 -0.0237925 -0.0290791 -0.0350023 -0.0399284 -0.0420625 -0.0415736 -0.0406363 -0.0356907 -0.0201005 -0.0027065
-0.121406 -0.111576 -0.102925 -0.0962396 -0.091478 -0.087705 -0.0840749 -0.0799559 -0.0756231 -0.0717723 -0.0685678 -0.0658473 -0.0629647 -0.0595271 -0.0560505 -0.052649 -0.0485535 -0.0431793 -0.0362703 -0.0280444 -0.0190893 -0.0102062 -0.00218677 0.00477865 0.0106844 0.0154743 0.0190863 0.0214706 0.0226832 0.0229353 0.0224602 0.0214983 0.0202529 0.0188759 0.0173272 0.0154601 0.0130381 0.0100107 0.00696914 0.00434451 0.002008 -0.000427909 -0.0035699 -0.0073251 -0.0109888 -0.0141908 -0.0167463 -0.018263 -0.0186065 -0.0190681 -0.0205377 -0.0218366 -0.0218963 -0.020436 -0.0166802 -0.00941697 -0.00145731 0.00179082 0.00126142
-0.124739 -0.115532 -0.107202 -0.100898 -0.0968525 -0.0941996 -0.0917459 -0.0882251 -0.0837883 -0.0793086 -0.075171 -0.0714474 -0.0677209 -0.0637343 -0.0599137 -0.0563263 -0.0522794 -0.0471303 -0.0404225 -0.0324484 -0.0240347 -0.0158076 -0.00821514 -0.0013318 0.00482106 0.00998252 0.0139029 0.0164733 0.0177655 0.0180825 0.0175543 0.0161539 0.0142815 0.0125296 0.0107378 0.00847984 0.00569158 0.0025338 -0.000477658 -0.00300605 -0.00520418 -0.00737902 -0.00994527 -0.0129264 -0.0159716 -0.0185641 -0.0200874 -0.0198798 -0.0176252 -0.0145188 -0.0114353 -0.00734315 -0.00184561 0.00386202 0.0115214 0.0256541 0.0359788 0.0235832 0
-0.128431 -0.120216 -0.112475 -0.10653 -0.102852 -0.100821 -0.0991391 -0.0961664 -0.091866 -0.0870507 -0.0821439 -0.0773632 -0.0727067 -0.0681973 -0.0640462 -0.0601963 -0.0560972 -0.0510769 -0.0444516 -0.0365759 -0.0285184 -0.0207564 -0.0134467 -0.00668156 -0.000561677 0.00471438 0.00891779 0.0118035 0.0133634 0.013931 0.0135701 0.0120989 0.00997216 0.00794696 0.0057674 0.00287796 -0.000518223 -0.00397832 -0.00701278 -0.00937044 -0.0112905 -0.0130989 -0.0151507 -0.0176314 -0.0204946 -0.0228686 -0.0234555 -0.021418 -0.0164648 -0.00979124 -0.0023192 0.0067853 0.0170487 0.0253646 0.0349384 0.0551955 0.0692745 0.0446514 0
-0.132157 -0.125155 -0.118272 -0.112797 -0.109315 -0.107463 -0.106042 -0.103357 -0.0992293 -0.0942892 -0.0888402 -0.0831171 -0.0775743 -0.0726002 -0.0682836 -0.0644288 -0.0604419 -0.0555661 -0.0489872 -0.0410789 -0.0330257 -0.025271 -0.0178942 -0.0110898 -0.00503537 0.000282065 0.00475756 0.00794214 0.00972258 0.0105357 0.0105063 0.00943682 0.00755738 0.00531496 0.00254453 -0.0010489 -0.00506047 -0.00888256 -0.0119202 -0.0139386 -0.01541 -0.0168323 -0.018617 -0.0209883 -0.0238885 -0.0259839 -0.0253522 -0.0212554 -0.0137325 -0.00405512 0.00679441 0.0194435 0.0324745 0.0407034 0.0494156 0.0744916 0.093882 0.0621578 0
