data_raster/melanesia/PNMC_current_2021/202101_North.grd
DSAA																																																																																																																																																																																																																																																																																																																																																																																																																											
412	268																																																																																																																																																																																																																																																																																																																																																																																																																										
156	174.5																																																																																																																																																																																																																																																																																																																																																																																																																										
-26.5	-14.5																																																																																																																																																																																																																																																																																																																																																																																																																										
-0.500976	0.423028																																																																																																																																																																																																																																																																																																																																																																																																																										
[rows 54 to 80 of 268, columns 0 to 59 of 412]
0.0465955 0.0652751 0.0832215 0.0997097 0.114038 0.125774 0.134951 0.142173 0.148602 0.154795 0.160791 0.166463 0.171639 0.176326 0.180454 0.183449 0.184631 0.183332 0.179153 0.172117 0.162759 0.152079 0.140736 0.12912 0.11752 0.106126 0.0948607 0.0834765 0.0714415 0.0585444 0.0453349 0.0319457 0.017829 0.0028778 -0.0125352 -0.0277792 -0.0421024 -0.0549589 -0.0660321 -0.0756251 -0.0840829 -0.0914004 -0.0975765 -0.102727 -0.106873 -0.109865 -0.110828 -0.108411 -0.102463 -0.0935794 -0.0826974 -0.0709011 -0.0593459 -0.0483767 -0.0362985 -0.0221946 -0.00691997 0.00923486 0.0264831 0.0405822
0.0346456 0.0528016 0.0697373 0.0845955 0.097454 0.108395 0.117275 0.124494 0.131067 0.137408 0.143452 0.149288 0.155066 0.160792 0.166298 0.170952 0.17405 0.174958 0.173259 0.168883 0.162311 0.154518 0.145795 0.136 0.125457 0.114625 0.103502 0.0919363 0.0797377 0.0669146 0.0538871 0.0406671 0.0266569 0.0116915 -0.003911 -0.0194002 -0.033838 -0.0467895 -0.0581403 -0.0682465 -0.0773801 -0.0852256 -0.091675 -0.0971766 -0.101806 -0.105082 -0.106155 -0.104003 -0.0986613 -0.0908138 -0.0814419 -0.0714909 -0.0613517 -0.050832 -0.0386354 -0.0243211 -0.00910118 0.00669308 0.0235547 0.0372572
0.0203362 0.0383727 0.054739 0.0684204 0.0800887 0.0902872 0.0988942 0.106171 0.11286 0.119197 0.125061 0.130865 0.137207 0.144102 0.151242 0.157895 0.163284 0.166755 0.167858 0.166446 0.1629 0.158049 0.151864 0.143816 0.134266 0.123886 0.112805 0.101008 0.088571 0.0756765 0.0626889 0.0495467 0.0355953 0.0206385 0.0049876 -0.0106026 -0.0251996 -0.0384863 -0.0504621 -0.0613743 -0.0713053 -0.079697 -0.086435 -0.0924002 -0.0976877 -0.101302 -0.102454 -0.100643 -0.096007 -0.0891194 -0.0810623 -0.0727002 -0.0633416 -0.0522352 -0.039412 -0.0251471 -0.00991517 0.00595544 0.0220719 0.0344393
0.00534594 0.0232623 0.039308 0.052339 0.0630845 0.0723057 0.0803111 0.0874265 0.0940315 0.100255 0.106105 0.112269 0.119623 0.128089 0.13716 0.145985 0.153703 0.159615 0.163277 0.164615 0.163884 0.161592 0.157549 0.151182 0.142787 0.133006 0.122112 0.110287 0.0977687 0.0848337 0.0718085 0.0585841 0.0444724 0.0293321 0.0135933 -0.00206661 -0.016905 -0.0307099 -0.0434918 -0.0552621 -0.065876 -0.0747599 -0.0818976 -0.0884025 -0.0943291 -0.0983138 -0.0996626 -0.0983388 -0.0945173 -0.088588 -0.081585 -0.0741979 -0.0648775 -0.0525969 -0.0389491 -0.0248522 -0.00950086 0.00671193 0.021783 0.0322623
-0.00682243 0.0108572 0.0263828 0.0384459 0.0479173 0.0558467 0.0629856 0.0697716 0.0763125 0.0826802 0.0890031 0.0960312 0.10464 0.114597 0.125238 0.135738 0.145278 0.153148 0.158925 0.162599 0.164235 0.163916 0.161523 0.156835 0.149973 0.141231 0.130932 0.119425 0.107113 0.0943157 0.0811611 0.0674998 0.0528585 0.0372716 0.0212731 0.00544584 -0.00966381 -0.0238911 -0.0372164 -0.0495573 -0.0607175 -0.0702358 -0.078126 -0.0853292 -0.0918057 -0.0962254 -0.0980171 -0.0973168 -0.0942993 -0.0892222 -0.0827841 -0.0753586 -0.0654431 -0.052277 -0.038042 -0.0238219 -0.0082294 0.00808551 0.0219829 0.0307566
-0.0157583 0.00193358 0.0171003 0.0282212 0.0363658 0.0428832 0.048879 0.0549738 0.0612574 0.0678209 0.0748272 0.082869 0.0925807 0.103584 0.115167 0.126681 0.137466 0.146807 0.154262 0.159807 0.163307 0.164498 0.163438 0.160373 0.155235 0.147886 0.138574 0.127716 0.115887 0.103427 0.0901396 0.0758448 0.0604903 0.0443562 0.028015 0.0119512 -0.0034459 -0.0180101 -0.0316757 -0.0444094 -0.0561114 -0.0664746 -0.0754453 -0.0834832 -0.0904036 -0.0951935 -0.0974521 -0.0973312 -0.0949452 -0.0903961 -0.0838987 -0.0755296 -0.0646739 -0.0512481 -0.0368856 -0.0223536 -0.00663614 0.0092728 0.0220552 0.0297659
-0.0239698 -0.00531029 0.0106846 0.022285 0.0301756 0.0356076 0.0401262 0.0447877 0.0500405 0.0561447 0.0632615 0.0717463 0.0819214 0.0933543 0.105403 0.117607 0.129424 0.14004 0.148902 0.155916 0.160888 0.163504 0.163835 0.162173 0.158428 0.152394 0.144195 0.134164 0.122965 0.110949 0.0977005 0.0830423 0.0672603 0.0508246 0.034324 0.018107 0.00236488 -0.0127344 -0.0270447 -0.0404776 -0.0529373 -0.0642653 -0.0743617 -0.0832427 -0.0905273 -0.0953685 -0.0976229 -0.0977127 -0.0955841 -0.0909458 -0.0837559 -0.0741301 -0.0624282 -0.0491731 -0.0351411 -0.0206704 -0.00536997 0.00963311 0.0215458 0.0289833
-0.032365 -0.0121867 0.00547531 0.0187817 0.0276486 0.0328477 0.036127 0.0390281 0.042707 0.0477322 0.054236 0.0624077 0.0723777 0.0837507 0.0959854 0.108666 0.121258 0.132902 0.142949 0.151147 0.157301 0.161246 0.162923 0.16235 0.159558 0.154584 0.147476 0.138412 0.127966 0.116429 0.103365 0.0886716 0.0728285 0.0563733 0.0398278 0.0233851 0.00706652 -0.00886658 -0.024075 -0.0383224 -0.0514726 -0.0635896 -0.0746243 -0.0842488 -0.091857 -0.0965888 -0.0984806 -0.098244 -0.0957087 -0.0902996 -0.0820793 -0.0714779 -0.0594176 -0.0466594 -0.0332706 -0.0192658 -0.00477936 0.00914595 0.0205333 0.0283157
-0.0407119 -0.0194318 -0.000361071 0.0147482 0.0253321 0.0315871 0.0347009 0.0363525 0.038602 0.0424012 0.0478345 0.0551209 0.0644675 0.0755562 0.0878599 0.100753 0.1136 0.125791 0.136751 0.145954 0.153082 0.158027 0.160657 0.160849 0.158746 0.154589 0.148483 0.140532 0.130973 0.119892 0.107015 0.0924171 0.076708 0.0603505 0.0436189 0.0265894 0.0092974 -0.00767969 -0.0236329 -0.0382692 -0.0515761 -0.0640039 -0.075652 -0.0858257 -0.0937051 -0.0984658 -0.100027 -0.0988826 -0.0950409 -0.0883305 -0.0792124 -0.068412 -0.0567584 -0.0447671 -0.0321168 -0.0186939 -0.00495185 0.00819899 0.0194279 0.0278129
-0.0485446 -0.0264015 -0.0061772 0.0105523 0.0230996 0.0311841 0.0350204 0.0360935 0.0372015 0.0397181 0.043861 0.0499757 0.0583916 0.068887 0.0809503 0.093717 0.106425 0.118727 0.130168 0.140052 0.147922 0.153595 0.156911 0.157761 0.156312 0.152853 0.147605 0.140682 0.131913 0.121151 0.108407 0.0939689 0.0784629 0.0621831 0.0451046 0.0273354 0.00916349 -0.00852217 -0.0247785 -0.0395166 -0.0530008 -0.0658287 -0.0780218 -0.0884429 -0.0961136 -0.10043 -0.101222 -0.0986789 -0.0931806 -0.0852537 -0.0757145 -0.0653688 -0.0545689 -0.0433839 -0.0314564 -0.018687 -0.00552043 0.00726301 0.0185793 0.027527
-0.0553469 -0.0321008 -0.0106299 0.00760724 0.021968 0.0318963 0.036818 0.0378663 0.0380617 0.039205 0.0420276 0.0469529 0.0541956 0.0636305 0.0748837 0.087113 0.0995184 0.111634 0.122993 0.133061 0.141396 0.147665 0.151664 0.153293 0.152637 0.149879 0.145303 0.13905 0.13071 0.120042 0.107381 0.093153 0.0778056 0.0614481 0.0439215 0.0255985 0.00721575 -0.0103403 -0.0263794 -0.0413259 -0.0557275 -0.0696281 -0.0824356 -0.092568 -0.099025 -0.101674 -0.100687 -0.0964729 -0.0897416 -0.0813531 -0.0720878 -0.0625229 -0.0525742 -0.0420352 -0.0307921 -0.0188034 -0.0061437 0.00654739 0.0180339 0.0273611
-0.0607958 -0.0366373 -0.0141005 0.00548588 0.0215461 0.0333312 0.0396548 0.0412024 0.0408196 0.0406696 0.0421882 0.0459072 0.0518688 0.0599767 0.0699818 0.0812575 0.0930881 0.104748 0.11569 0.125632 0.134202 0.140926 0.145532 0.147905 0.148 0.145853 0.141742 0.135817 0.127614 0.116937 0.104391 0.090404 0.0750188 0.0582367 0.0401073 0.0213687 0.0031179 -0.0140523 -0.0299804 -0.0454475 -0.060961 -0.0755516 -0.0878757 -0.0963986 -0.100487 -0.100656 -0.0975632 -0.0919394 -0.0846487 -0.0765645 -0.0681734 -0.0596714 -0.0506928 -0.0409207 -0.0304921 -0.0194301 -0.00748069 0.00492725 0.0165931 0.0265444
-0.0648196 -0.0403422 -0.0172055 0.00347644 0.0211677 0.034918 0.042977 0.0455201 0.0450243 0.0438776 0.0441527 0.0466154 0.0513105 0.0580663 0.0666105 0.0765715 0.0874257 0.0983556 0.108763 0.118444 0.127038 0.134008 0.139015 0.141877 0.142468 0.140737 0.136886 0.131038 0.122821 0.112158 0.0997663 0.0859179 0.0701681 0.0525893 0.0338171 0.0148447 -0.00325844 -0.0203569 -0.0367534 -0.0529519 -0.0688579 -0.0825614 -0.0923763 -0.0976291 -0.0985267 -0.0962157 -0.0916089 -0.0853855 -0.0783359 -0.0712188 -0.0641953 -0.0571084 -0.049432 -0.0407805 -0.0313336 -0.0211868 -0.0101663 0.00157051 0.0134513 0.0246218
-0.06792 -0.0432855 -0.019815 0.00156609 0.0205372 0.0361071 0.0460384 0.0499759 0.0498998 0.0482334 0.0474843 0.0487286 0.0522009 0.0576431 0.064685 0.073148 0.0827102 0.0926242 0.102289 0.111415 0.119654 0.126569 0.131739 0.134783 0.13557 0.134089 0.130371 0.124416 0.116095 0.105458 0.0929592 0.0786905 0.0622191 0.0439806 0.0252227 0.00682743 -0.0106958 -0.0276716 -0.0445541 -0.0608537 -0.0754965 -0.0865006 -0.0926409 -0.094383 -0.092698 -0.088931 -0.0839629 -0.0782775 -0.0724686 -0.0670898 -0.0620401 -0.0568851 -0.0508511 -0.0433666 -0.0345653 -0.0246811 -0.0139311 -0.0023887 0.00998816 0.0226233
-0.0703542 -0.0455132 -0.0218601 -0.000217185 0.0195239 0.0365445 0.0482505 0.0537957 0.0546013 0.052945 0.0515275 0.0517323 0.0540978 0.0583455 0.0640174 0.0710079 0.0791198 0.0877679 0.0963936 0.104568 0.111996 0.118485 0.123524 0.12645 0.127165 0.125778 0.122091 0.115921 0.107423 0.0967157 0.0837056 0.0684301 0.0511771 0.0329182 0.015145 -0.00178666 -0.0182686 -0.0348232 -0.0515738 -0.0666951 -0.078213 -0.0852186 -0.0876965 -0.0869315 -0.0841693 -0.0804132 -0.076295 -0.0721513 -0.0683611 -0.0652398 -0.0625472 -0.0596884 -0.0555027 -0.0490698 -0.0404077 -0.0298946 -0.0182519 -0.00582251 0.00748623 0.0214563
-0.0717118 -0.0471177 -0.0236511 -0.00201226 0.0181854 0.0362492 0.0494031 0.0564414 0.0582761 0.0569768 0.0552966 0.0548372 0.0563981 0.0597407 0.0643685 0.0701316 0.0768523 0.0841123 0.0914497 0.0983969 0.104719 0.110383 0.114885 0.117456 0.117942 0.116407 0.112566 0.106163 0.0973663 0.0862611 0.0725955 0.0566355 0.0394186 0.0220645 0.00560715 -0.0101602 -0.026101 -0.0422325 -0.0578275 -0.0704845 -0.0782291 -0.0815467 -0.0815171 -0.0795223 -0.0766628 -0.0736317 -0.0707892 -0.0682465 -0.0662015 -0.0648393 -0.0639466 -0.0629524 -0.060482 -0.0552872 -0.0469205 -0.035604 -0.022452 -0.00834272 0.00623221 0.0212389
-0.0719335 -0.048199 -0.0253481 -0.00390024 0.016549 0.0352854 0.0494822 0.0577089 0.0604706 0.0596563 0.0580337 0.057308 0.0584117 0.0611561 0.0650458 0.0698609 0.0753967 0.0813424 0.0873461 0.0930232 0.0981736 0.102762 0.106373 0.108364 0.108434 0.106433 0.102134 0.0953382 0.0859932 0.0741432 0.0599808 0.04417 0.0279699 0.0120939 -0.00334076 -0.0187458 -0.0346337 -0.0500202 -0.0632532 -0.0725059 -0.0768142 -0.0777476 -0.0768649 -0.0748995 -0.0725091 -0.0703402 -0.0685665 -0.0669972 -0.0657456 -0.0650522 -0.0648498 -0.0647316 -0.0634302 -0.0595866 -0.0521369 -0.0408172 -0.0266143 -0.0108106 0.00518924 0.0210922
-0.0715101 -0.0488591 -0.0268604 -0.00585862 0.0145787 0.0337166 0.0486601 0.057778 0.0612412 0.0608203 0.0593367 0.0585382 0.0593816 0.061648 0.0648223 0.0687707 0.0733704 0.0783303 0.0833241 0.0880136 0.0921992 0.0958031 0.0984472 0.0995675 0.0988249 0.0959833 0.0907835 0.0830204 0.0726818 0.0600303 0.045815 0.030821 0.0157736 0.000845767 -0.0142675 -0.0295088 -0.0444356 -0.0576128 -0.0673971 -0.0730378 -0.0747266 -0.0745993 -0.074175 -0.0732307 -0.0718072 -0.070471 -0.0692684 -0.0678398 -0.0663838 -0.0653541 -0.0647965 -0.0644279 -0.0632901 -0.060294 -0.0544309 -0.0449789 -0.0317062 -0.0154525 0.00185215 0.0190043
-0.0707081 -0.0491934 -0.0281607 -0.00781635 0.0123279 0.031538 0.0468466 0.0564713 0.0603613 0.0602253 0.0589421 0.0582337 0.058986 0.0609087 0.0634658 0.0666773 0.070553 0.0747948 0.0790644 0.0830316 0.0864646 0.0892122 0.0908553 0.0908223 0.0888354 0.0847294 0.0782062 0.0690878 0.0577033 0.0446524 0.0308773 0.0169076 0.00264975 -0.0119588 -0.0268413 -0.0411556 -0.0536261 -0.0632897 -0.0695041 -0.0724398 -0.0729424 -0.0731145 -0.0740521 -0.0746212 -0.0742934 -0.0735551 -0.0724111 -0.0704816 -0.0680926 -0.0658893 -0.063994 -0.0622525 -0.0602023 -0.0573215 -0.0531174 -0.0466173 -0.0361057 -0.0213803 -0.0040217 0.0140302
-0.0695788 -0.0493075 -0.0293156 -0.00969945 0.0099005 0.0286723 0.0437203 0.0533048 0.0573636 0.0575654 0.0567184 0.0563872 0.0572917 0.0591797 0.0615826 0.0644439 0.0677242 0.0712126 0.0746778 0.0778915 0.0805665 0.0823467 0.082777 0.0813627 0.0778246 0.0720169 0.0639489 0.0538044 0.042166 0.0296256 0.0166281 0.00330787 -0.0105723 -0.0246599 -0.0380173 -0.0495981 -0.0584551 -0.0646929 -0.0688293 -0.0712635 -0.072665 -0.0745364 -0.0773138 -0.079241 -0.0795508 -0.0789535 -0.0775629 -0.0749787 -0.0714194 -0.0674199 -0.06326 -0.0591453 -0.0553646 -0.0519784 -0.0484245 -0.0436764 -0.0361294 -0.0249827 -0.0104416 0.00651768
-0.0683842 -0.0494879 -0.0306262 -0.011804 0.00703715 0.0249226 0.039139 0.048187 0.0522548 0.0529659 0.0528485 0.0531427 0.0543073 0.056289 0.0588486 0.0617058 0.0646261 0.0675005 0.0702375 0.072734 0.0746124 0.0752244 0.0740848 0.0708603 0.0654439 0.0579046 0.0486621 0.0382344 0.0271123 0.0155983 0.00362046 -0.00891829 -0.0220366 -0.0347525 -0.0452745 -0.0531363 -0.0588005 -0.0632338 -0.0673978 -0.0713439 -0.0751059 -0.0793486 -0.0838973 -0.0868714 -0.0875579 -0.0868746 -0.0850893 -0.0818681 -0.0771553 -0.0711079 -0.0641567 -0.0569565 -0.0506312 -0.0457993 -0.041547 -0.0369606 -0.0314997 -0.0243117 -0.0141868 -0.000318755
-0.0674248 -0.0500126 -0.0323931 -0.0144944 0.00339563 0.0201068 0.0331084 0.0412696 0.0452807 0.0467053 0.0475675 0.0486195 0.0499673 0.0518718 0.0544994 0.0574847 0.0604366 0.0631755 0.065589 0.0676043 0.0687018 0.0679304 0.0647854 0.0591733 0.051649 0.0429974 0.0336545 0.0238607 0.0135781 0.0028812 -0.00782138 -0.0184543 -0.0293871 -0.0395815 -0.0468987 -0.0519256 -0.0567921 -0.0622506 -0.0683636 -0.0747514 -0.0810577 -0.0873179 -0.0930924 -0.096968 -0.0983593 -0.0978165 -0.095622 -0.0917534 -0.085975 -0.078044 -0.0683674 -0.057816 -0.048109 -0.0404509 -0.0342644 -0.0288993 -0.0240157 -0.0188239 -0.0119966 -0.00213412
-0.0663702 -0.0503705 -0.0339713 -0.0170849 -0.000433881 0.0146141 0.0258636 0.0326762 0.0363167 0.0383179 0.0401968 0.0421936 0.0440062 0.0460396 0.0487442 0.0518607 0.0549428 0.0574807 0.0592808 0.060609 0.0607945 0.0582656 0.0528843 0.0455505 0.0371802 0.0285889 0.0201124 0.0117545 0.00294123 -0.00640206 -0.0151146 -0.0229356 -0.0309674 -0.0386411 -0.0440208 -0.0483593 -0.0545277 -0.0624943 -0.0711382 -0.0799364 -0.0885313 -0.0965665 -0.103491 -0.108408 -0.110811 -0.110736 -0.108331 -0.103777 -0.0968729 -0.0873118 -0.0754478 -0.0621186 -0.0490685 -0.0377654 -0.0284475 -0.0210239 -0.0151587 -0.0101711 -0.00501474 0.00147423
-0.0648497 -0.0499549 -0.0346172 -0.0188556 -0.00388143 0.00882494 0.0176985 0.0226864 0.0254769 0.0276132 0.0303007 0.0334228 0.0363144 0.0390988 0.0420815 0.0452427 0.0481779 0.0497804 0.0498828 0.0498198 0.0488656 0.044301 0.0369801 0.0299605 0.0234128 0.0164183 0.00946982 0.00312157 -0.00323925 -0.00983039 -0.0156142 -0.0205996 -0.0263691 -0.0329378 -0.0389468 -0.0452081 -0.0535907 -0.0636024 -0.0739949 -0.0845631 -0.0951941 -0.10524 -0.113891 -0.120222 -0.12371 -0.124345 -0.122064 -0.116758 -0.1085 -0.0975129 -0.0842611 -0.0694054 -0.0540152 -0.0391811 -0.0258006 -0.0146726 -0.006444 -0.00069795 0.00411971 0.0091382
-0.0634185 -0.049124 -0.0348106 -0.0207689 -0.00808644 0.00208814 0.00876311 0.0122951 0.0145428 0.0168679 0.020066 0.0239277 0.0277895 0.0313528 0.0345372 0.0375831 0.0401485 0.0404211 0.0383073 0.0365305 0.0346787 0.02923 0.0216807 0.0164993 0.0130711 0.00893724 0.00444621 0.000463215 -0.00323189 -0.0068808 -0.0103462 -0.0140634 -0.0192678 -0.0261727 -0.0340561 -0.0430027 -0.053487 -0.0650209 -0.0769009 -0.0892513 -0.102078 -0.114428 -0.125157 -0.133098 -0.13767 -0.139002 -0.136839 -0.13067 -0.120964 -0.108689 -0.0944262 -0.078607 -0.0616588 -0.0441761 -0.0271762 -0.0119598 -0.000138283 0.00808172 0.0140633 0.0188364
-0.0629452 -0.0487552 -0.0354826 -0.0238331 -0.0139675 -0.00613924 -0.000874978 0.00230398 0.00501092 0.00804675 0.0115115 0.0153532 0.0193827 0.023041 0.0259156 0.0285608 0.0307399 0.0299487 0.026076 0.0230137 0.0211409 0.0171732 0.0120834 0.00943263 0.00873272 0.00790999 0.00656527 0.00485578 0.00306426 0.00108971 -0.00199895 -0.00681366 -0.0133781 -0.0215242 -0.030962 -0.0415953 -0.0534309 -0.0663242 -0.0801161 -0.0948637 -0.110309 -0.125153 -0.137996 -0.147603 -0.153335 -0.155238 -0.152951 -0.145882 -0.134861 -0.12137 -0.10598 -0.0889535 -0.0707121 -0.051737 -0.0325749 -0.0141531 0.00200513 0.0147601 0.0235305 0.0287537
-0.0644822 -0.0504504 -0.0379149 -0.0279576 -0.0205865 -0.0153423 -0.011265 -0.00754442 -0.00363578 0.000435372 0.00426043 0.00788441 0.0114435 0.0142284 0.0157666 0.0174518 0.0195362 0.01875 0.0146759 0.0118766 0.0115249 0.0110283 0.0101939 0.0104306 0.0115542 0.0126652 0.0131029 0.0124943 0.0111338 0.00895069 0.00487261 -0.00150607 -0.00951841 -0.0187517 -0.0291129 -0.0406174 -0.0533618 -0.0675802 -0.0834628 -0.10076 -0.118804 -0.136098 -0.15115 -0.162749 -0.170092 -0.17284 -0.170588 -0.162993 -0.151052 -0.136363 -0.119546 -0.100942 -0.0812147 -0.0609378 -0.0402779 -0.0196124 0.000206734 0.0176209 0.0304467 0.0381174
