data_raster/melanesia/PNMC_current_2021/202107_North.grd
DSAA																																																																																																																																																																																																																																																																																																																																																																																																																											
412	268																																																																																																																																																																																																																																																																																																																																																																																																																										
156	174.5																																																																																																																																																																																																																																																																																																																																																																																																																										
-26.5	-14.5																																																																																																																																																																																																																																																																																																																																																																																																																										
-0.423863	0.48696																																																																																																																																																																																																																																																																																																																																																																																																																										
[rows 234 to 259 of 268, columns 0 to 58 of 412]
-0.0262206 -0.0262683 -0.0273785 -0.0304682 -0.0360769 -0.0445877 -0.0561676 -0.0694556 -0.0814179 -0.0899582 -0.094038 -0.0948637 -0.0944545 -0.0928795 -0.0898749 -0.0863893 -0.0833149 -0.0807949 -0.0788102 -0.0772446 -0.0757435 -0.0737279 -0.0708076 -0.0667683 -0.0616734 -0.0557998 -0.0498403 -0.044477 -0.0399605 -0.0365686 -0.034802 -0.0349038 -0.036713 -0.0398124 -0.0436928 -0.0491919 -0.0577014 -0.068581 -0.0802208 -0.090514 -0.0977581 -0.101758 -0.10316 -0.103659 -0.104226 -0.104798 -0.105332 -0.105859 -0.106497 -0.107517 -0.109824 -0.114301 -0.120831 -0.129005 -0.138275 -0.148135 -0.15818 -0.167938 -0.17686
-0.0326146 -0.0316972 -0.0313699 -0.032434 -0.0362356 -0.0441063 -0.0571077 -0.0733689 -0.0878099 -0.0974249 -0.101278 -0.101202 -0.100024 -0.0981986 -0.0954645 -0.091939 -0.0880443 -0.0847009 -0.0823033 -0.080338 -0.078351 -0.0760296 -0.0730531 -0.0691177 -0.064131 -0.0582113 -0.0520262 -0.0463231 -0.0415734 -0.0381015 -0.0360405 -0.0355496 -0.0368313 -0.0395774 -0.0431284 -0.0482507 -0.0563285 -0.0667603 -0.0780174 -0.0881766 -0.0956486 -0.100078 -0.101949 -0.102882 -0.103877 -0.105012 -0.106312 -0.107793 -0.109388 -0.111155 -0.114162 -0.119524 -0.127087 -0.136348 -0.146702 -0.157573 -0.168463 -0.178752 -0.18772
-0.0374895 -0.0361017 -0.0347329 -0.0340926 -0.0366653 -0.0447068 -0.0594728 -0.078384 -0.0947623 -0.105035 -0.108567 -0.1077 -0.105808 -0.103549 -0.100639 -0.0968023 -0.0921903 -0.0879231 -0.0846287 -0.081973 -0.0795973 -0.077196 -0.074399 -0.0708105 -0.0661978 -0.0605332 -0.0544123 -0.0485714 -0.0435884 -0.0398741 -0.0375598 -0.0367352 -0.0374665 -0.0395348 -0.0425665 -0.0474179 -0.0553952 -0.0655545 -0.0761018 -0.0856619 -0.0931849 -0.0982152 -0.100977 -0.102739 -0.104343 -0.105959 -0.107793 -0.110076 -0.112654 -0.115361 -0.119274 -0.125593 -0.134197 -0.14456 -0.155934 -0.167631 -0.179119 -0.189718 -0.198627
-0.0393065 -0.0381111 -0.0365475 -0.0353065 -0.0378 -0.0468728 -0.0635224 -0.0844684 -0.101977 -0.112335 -0.115469 -0.114017 -0.111496 -0.108652 -0.105263 -0.101073 -0.096084 -0.0909081 -0.0861761 -0.0823979 -0.0795669 -0.077154 -0.0746499 -0.0715896 -0.0676167 -0.0625481 -0.0568044 -0.0509891 -0.0456989 -0.0415125 -0.0389627 -0.0381068 -0.0383752 -0.0395688 -0.0419493 -0.0465978 -0.0547005 -0.0647037 -0.0743087 -0.0829681 -0.0904831 -0.0963043 -0.100317 -0.10331 -0.10581 -0.107925 -0.110071 -0.112882 -0.116281 -0.119996 -0.124989 -0.132374 -0.142073 -0.15354 -0.165783 -0.177976 -0.189668 -0.200296 -0.209186
-0.0380162 -0.0374543 -0.0366308 -0.0363416 -0.0400981 -0.0508149 -0.0694901 -0.0922542 -0.110203 -0.119814 -0.122171 -0.119978 -0.116388 -0.112702 -0.109292 -0.105524 -0.100763 -0.0948845 -0.0884769 -0.0830705 -0.0792194 -0.0763785 -0.0739353 -0.071285 -0.0679786 -0.0637172 -0.0585813 -0.0528996 -0.0474156 -0.0429328 -0.0401949 -0.0392199 -0.0390785 -0.0396357 -0.0415967 -0.0460652 -0.0539744 -0.0635127 -0.072286 -0.0803608 -0.0880991 -0.0948262 -0.10013 -0.104402 -0.10791 -0.110679 -0.11322 -0.116383 -0.120295 -0.12483 -0.13087 -0.139379 -0.150193 -0.162651 -0.175541 -0.187936 -0.199515 -0.209981 -0.219026
-0.0329794 -0.0340419 -0.0350572 -0.0369819 -0.0433479 -0.0568599 -0.077947 -0.102047 -0.11955 -0.127569 -0.128691 -0.125517 -0.120496 -0.115632 -0.112154 -0.109094 -0.105149 -0.099391 -0.0920768 -0.0851552 -0.0796664 -0.0755396 -0.0724258 -0.0698077 -0.067098 -0.0637251 -0.0593495 -0.0539914 -0.0485774 -0.0440846 -0.0412137 -0.0399741 -0.0395135 -0.0398282 -0.0417635 -0.0461673 -0.0535549 -0.0623017 -0.0704252 -0.078273 -0.0863652 -0.0939417 -0.100413 -0.105905 -0.110466 -0.113985 -0.116972 -0.120397 -0.124633 -0.129818 -0.13682 -0.146462 -0.158345 -0.171598 -0.184902 -0.197339 -0.208772 -0.219179 -0.228569
-0.0236065 -0.0280574 -0.0321436 -0.036934 -0.0471614 -0.0654158 -0.0895227 -0.113828 -0.129667 -0.135421 -0.134942 -0.130671 -0.124297 -0.117909 -0.113194 -0.109924 -0.107093 -0.102898 -0.0965956 -0.0892272 -0.0818581 -0.0753965 -0.0704505 -0.06728 -0.0650398 -0.0624836 -0.0589273 -0.0542024 -0.0492156 -0.0449331 -0.0420002 -0.0405117 -0.0398968 -0.0403143 -0.0426102 -0.0472078 -0.0540704 -0.0619536 -0.0695167 -0.0771851 -0.0854451 -0.0936186 -0.101104 -0.107804 -0.113474 -0.117674 -0.120952 -0.124619 -0.12925 -0.135096 -0.143023 -0.153758 -0.166585 -0.180387 -0.19391 -0.206408 -0.218007 -0.228775 -0.238601
-0.0126406 -0.0209839 -0.0288833 -0.0376363 -0.0529774 -0.0768873 -0.103709 -0.126877 -0.140048 -0.14321 -0.141015 -0.135688 -0.128235 -0.120304 -0.113583 -0.109084 -0.106713 -0.104184 -0.0997972 -0.0932449 -0.0850599 -0.0765468 -0.0693377 -0.0649653 -0.0625917 -0.0604324 -0.0575149 -0.0534913 -0.0491875 -0.0454538 -0.0427131 -0.0411053 -0.0404788 -0.0411845 -0.0439938 -0.0489153 -0.0554157 -0.0626097 -0.0697358 -0.0771942 -0.0854085 -0.093989 -0.102448 -0.110369 -0.117139 -0.121978 -0.12552 -0.129501 -0.13465 -0.141213 -0.150039 -0.16177 -0.175369 -0.189512 -0.203162 -0.215811 -0.227744 -0.23892 -0.248837
-0.00345226 -0.014628 -0.0265305 -0.0409714 -0.0625 -0.0912768 -0.119286 -0.140022 -0.14997 -0.150603 -0.14684 -0.14064 -0.132477 -0.123437 -0.11491 -0.108588 -0.105123 -0.102627 -0.0994011 -0.0945983 -0.0878004 -0.0790959 -0.0703507 -0.0642911 -0.0607517 -0.0582495 -0.0555423 -0.0519631 -0.0484107 -0.0456455 -0.0435172 -0.0420162 -0.0414895 -0.0424974 -0.0456955 -0.0508548 -0.0571986 -0.0640343 -0.0708979 -0.0781454 -0.0862206 -0.0951879 -0.104719 -0.113884 -0.121689 -0.127234 -0.13125 -0.135708 -0.141456 -0.14877 -0.158445 -0.171004 -0.18517 -0.199506 -0.213268 -0.22612 -0.238216 -0.249273 -0.258471
0.0042846 -0.00971499 -0.0262006 -0.0474324 -0.0750396 -0.10677 -0.134031 -0.151398 -0.15803 -0.156447 -0.151284 -0.144364 -0.136019 -0.12667 -0.117063 -0.108964 -0.103481 -0.0996891 -0.0965407 -0.0932226 -0.0885716 -0.0812413 -0.0725012 -0.0651935 -0.0600583 -0.0566629 -0.0537398 -0.0503561 -0.0474231 -0.0455933 -0.0442569 -0.0432075 -0.0430097 -0.0443195 -0.0477448 -0.0529788 -0.0591778 -0.0657584 -0.0724075 -0.0794947 -0.0875513 -0.0970369 -0.107725 -0.118157 -0.127025 -0.133465 -0.138244 -0.143369 -0.149765 -0.157786 -0.168165 -0.181303 -0.195784 -0.210135 -0.223837 -0.236632 -0.248438 -0.258728 -0.266484
0.0102995 -0.00732726 -0.0288422 -0.0565523 -0.0886601 -0.120807 -0.145508 -0.159104 -0.162808 -0.159556 -0.153202 -0.145666 -0.137658 -0.128903 -0.119231 -0.110025 -0.102541 -0.0969395 -0.0929525 -0.0898738 -0.0864869 -0.0812182 -0.0742386 -0.0669431 -0.0606328 -0.0561957 -0.0527676 -0.0494426 -0.0468635 -0.0454939 -0.0448139 -0.0445555 -0.044977 -0.0466154 -0.0501457 -0.0552836 -0.0611936 -0.0674294 -0.073849 -0.0809044 -0.0892139 -0.0994011 -0.111224 -0.122857 -0.132814 -0.140318 -0.146106 -0.152052 -0.159109 -0.167724 -0.178589 -0.192023 -0.206564 -0.220731 -0.234059 -0.246281 -0.25718 -0.266103 -0.271949
0.00952372 -0.0104759 -0.0350257 -0.0662142 -0.0997748 -0.130157 -0.151475 -0.161719 -0.163399 -0.159331 -0.152291 -0.144282 -0.136583 -0.12873 -0.11998 -0.110741 -0.101848 -0.0945215 -0.0893021 -0.0855969 -0.0825101 -0.0789611 -0.074243 -0.0681047 -0.0617545 -0.056728 -0.0528309 -0.0495658 -0.047149 -0.0457985 -0.0454458 -0.0459301 -0.0470357 -0.0490436 -0.0526236 -0.0575751 -0.0632011 -0.0692316 -0.0756757 -0.0829643 -0.0916852 -0.102536 -0.115229 -0.127657 -0.138289 -0.14662 -0.153364 -0.16013 -0.167809 -0.176905 -0.188095 -0.201667 -0.21614 -0.23001 -0.242751 -0.254022 -0.263522 -0.270628 -0.274396
-9.74977E-05 -0.020246 -0.0447014 -0.0751544 -0.106552 -0.133342 -0.151066 -0.158809 -0.15956 -0.155632 -0.148667 -0.14053 -0.132912 -0.125825 -0.118619 -0.110354 -0.100946 -0.0924068 -0.085981 -0.0812845 -0.0778133 -0.0750489 -0.0720394 -0.0677299 -0.0626324 -0.0578616 -0.053874 -0.0508094 -0.0484525 -0.0467881 -0.0463446 -0.0472365 -0.0489417 -0.0514402 -0.0551722 -0.0600081 -0.0655042 -0.0716056 -0.0784429 -0.0862373 -0.0953813 -0.106665 -0.1198 -0.132411 -0.143046 -0.151713 -0.159165 -0.166656 -0.174939 -0.184501 -0.195982 -0.209631 -0.223957 -0.237419 -0.249385 -0.259422 -0.267181 -0.272209 -0.273963
-0.0130928 -0.0332872 -0.056705 -0.0842862 -0.111094 -0.132485 -0.146 -0.151685 -0.152162 -0.149008 -0.142957 -0.135521 -0.128399 -0.122044 -0.116105 -0.108938 -0.0998091 -0.0907343 -0.0832252 -0.0774283 -0.0733069 -0.0706981 -0.0687057 -0.0660668 -0.0626458 -0.0588899 -0.0554937 -0.0529026 -0.0505506 -0.0483271 -0.0474464 -0.0484564 -0.0507788 -0.0540982 -0.0584028 -0.0634756 -0.0690356 -0.0752954 -0.0825915 -0.0909002 -0.100359 -0.111814 -0.124982 -0.137316 -0.147532 -0.156223 -0.164221 -0.172431 -0.181455 -0.191723 -0.203666 -0.217332 -0.23128 -0.244021 -0.254827 -0.263227 -0.268987 -0.271898 -0.271782
-0.0247263 -0.0455858 -0.0680452 -0.0920511 -0.113305 -0.128617 -0.137871 -0.141959 -0.142537 -0.140435 -0.135893 -0.129941 -0.123893 -0.118293 -0.113038 -0.106691 -0.0984258 -0.0894953 -0.0811842 -0.0743654 -0.0695186 -0.0666887 -0.0650934 -0.0634944 -0.061519 -0.0592725 -0.0571904 -0.0554663 -0.0532265 -0.0503828 -0.0488685 -0.0498113 -0.0528772 -0.0574742 -0.062889 -0.0686326 -0.0744632 -0.0808399 -0.0883517 -0.0968821 -0.106418 -0.117755 -0.130574 -0.142287 -0.151869 -0.160504 -0.16908 -0.178115 -0.188056 -0.199265 -0.211792 -0.225314 -0.238523 -0.250098 -0.259277 -0.265655 -0.269279 -0.270194 -0.268413
-0.0325215 -0.0531466 -0.0737791 -0.0936338 -0.109899 -0.12096 -0.127792 -0.131389 -0.132455 -0.13136 -0.128278 -0.123831 -0.118847 -0.113944 -0.109306 -0.10384 -0.0967279 -0.0884514 -0.0798946 -0.0722684 -0.0665046 -0.0631298 -0.0615195 -0.0603813 -0.0594097 -0.0587443 -0.0583998 -0.0580357 -0.0563261 -0.0531104 -0.0509963 -0.0518187 -0.0558278 -0.0621465 -0.0690373 -0.0756885 -0.0819838 -0.0884314 -0.095677 -0.103848 -0.113089 -0.123981 -0.136052 -0.146822 -0.155649 -0.164376 -0.173838 -0.183921 -0.194825 -0.20684 -0.219677 -0.232692 -0.244728 -0.254678 -0.261876 -0.266075 -0.267605 -0.266717 -0.26353
-0.0370292 -0.0561715 -0.0742626 -0.0902272 -0.102938 -0.111986 -0.118198 -0.122103 -0.123763 -0.123368 -0.121243 -0.117787 -0.113487 -0.109098 -0.105075 -0.10049 -0.0944981 -0.0871569 -0.0789608 -0.070888 -0.0641634 -0.0600904 -0.0582246 -0.0570765 -0.0565915 -0.0572432 -0.0587378 -0.0601869 -0.0595867 -0.0564863 -0.0540534 -0.0548635 -0.0599614 -0.0682249 -0.0767695 -0.0844355 -0.0912514 -0.097643 -0.104199 -0.111526 -0.120131 -0.130214 -0.141104 -0.150685 -0.158831 -0.167959 -0.178673 -0.190008 -0.201794 -0.21423 -0.226845 -0.238857 -0.249248 -0.257138 -0.262119 -0.264178 -0.263821 -0.261431 -0.257206
-0.0411891 -0.0584103 -0.074415 -0.0881419 -0.0989378 -0.106749 -0.112419 -0.116307 -0.118136 -0.117946 -0.116059 -0.112845 -0.108755 -0.104563 -0.100789 -0.0966695 -0.0914541 -0.0850702 -0.0776717 -0.0696498 -0.0622973 -0.0576436 -0.0554057 -0.0539044 -0.0534156 -0.0548891 -0.0580095 -0.0615472 -0.0626363 -0.0603004 -0.0580862 -0.0591819 -0.0653704 -0.0754276 -0.0856118 -0.0943261 -0.101471 -0.107531 -0.113272 -0.119683 -0.127464 -0.136353 -0.145596 -0.153899 -0.161726 -0.171645 -0.18383 -0.196468 -0.20895 -0.221301 -0.233056 -0.243514 -0.251799 -0.25726 -0.259908 -0.26002 -0.258133 -0.254671 -0.249915
-0.0458927 -0.0612797 -0.0758184 -0.0886033 -0.0985909 -0.105491 -0.110318 -0.113559 -0.114963 -0.114503 -0.112384 -0.109001 -0.104874 -0.100671 -0.0968293 -0.0927955 -0.0880203 -0.0824649 -0.0760236 -0.0684382 -0.0608886 -0.0558548 -0.0531782 -0.0511057 -0.0502333 -0.0519752 -0.0562723 -0.0618447 -0.065017 -0.0641889 -0.0629748 -0.0648912 -0.0722636 -0.0838575 -0.0954014 -0.104884 -0.11195 -0.117338 -0.122214 -0.127665 -0.134335 -0.141699 -0.14917 -0.156458 -0.164492 -0.175522 -0.189169 -0.202938 -0.215785 -0.227501 -0.237765 -0.24615 -0.252016 -0.254987 -0.255462 -0.253955 -0.250971 -0.246909 -0.24205
-0.0507554 -0.0646761 -0.0779512 -0.0898158 -0.0992042 -0.105638 -0.109716 -0.1119 -0.112378 -0.111338 -0.108995 -0.105628 -0.101584 -0.0973978 -0.0934596 -0.089423 -0.0849377 -0.0800159 -0.0743992 -0.0674057 -0.0600181 -0.0547796 -0.0516141 -0.0488735 -0.0473906 -0.0488983 -0.0537562 -0.0609211 -0.0662852 -0.0677399 -0.0685106 -0.0720184 -0.0808616 -0.0937599 -0.106089 -0.115652 -0.122077 -0.126464 -0.130358 -0.134629 -0.139713 -0.145366 -0.151478 -0.158427 -0.167239 -0.179526 -0.194364 -0.208833 -0.221548 -0.232078 -0.24031 -0.246205 -0.249576 -0.250404 -0.249193 -0.246511 -0.242893 -0.238668 -0.233942
-0.0555681 -0.0683743 -0.0805146 -0.0912847 -0.0998845 -0.105801 -0.109051 -0.110018 -0.109431 -0.107787 -0.105361 -0.102234 -0.0984535 -0.09441 -0.0904628 -0.0864415 -0.0821728 -0.0777385 -0.0728333 -0.0665705 -0.0596803 -0.0544418 -0.0508238 -0.0474258 -0.0452122 -0.0460632 -0.0508378 -0.058971 -0.0664263 -0.0708178 -0.0745482 -0.080451 -0.0909565 -0.104706 -0.117064 -0.125976 -0.131316 -0.134493 -0.137264 -0.140164 -0.143462 -0.147628 -0.153155 -0.160518 -0.170449 -0.18387 -0.199408 -0.213919 -0.225844 -0.234658 -0.240511 -0.243786 -0.244823 -0.243968 -0.241617 -0.238238 -0.234401 -0.230342 -0.225918
-0.0601047 -0.0720273 -0.0832089 -0.0929112 -0.100407 -0.105211 -0.107269 -0.107075 -0.105679 -0.10369 -0.101314 -0.0984923 -0.0950937 -0.0913482 -0.0875211 -0.0835663 -0.0794719 -0.0754549 -0.0712529 -0.0658785 -0.0597663 -0.0547458 -0.050801 -0.0468436 -0.0438763 -0.0437862 -0.0479292 -0.0563757 -0.065685 -0.0734805 -0.0809894 -0.0899523 -0.102056 -0.115905 -0.127458 -0.135139 -0.139181 -0.141109 -0.142654 -0.144157 -0.145935 -0.149296 -0.155185 -0.163575 -0.174631 -0.188764 -0.204312 -0.21804 -0.228423 -0.235072 -0.238443 -0.239295 -0.238376 -0.236287 -0.233275 -0.229654 -0.225927 -0.222218 -0.218217
-0.0637267 -0.0749426 -0.0852906 -0.0939424 -0.100177 -0.103594 -0.104333 -0.103112 -0.101205 -0.099179 -0.0970068 -0.094532 -0.0915869 -0.0882679 -0.084719 -0.0809312 -0.0769992 -0.0733234 -0.0697403 -0.0652062 -0.059881 -0.0551415 -0.0509742 -0.0465818 -0.0429752 -0.0419942 -0.0453423 -0.0536987 -0.0646647 -0.0761305 -0.0878262 -0.099997 -0.113198 -0.126207 -0.136285 -0.14251 -0.145295 -0.146104 -0.146549 -0.147012 -0.148019 -0.151421 -0.158297 -0.167899 -0.179762 -0.193916 -0.208607 -0.220746 -0.229031 -0.233337 -0.234399 -0.233255 -0.230876 -0.227977 -0.224667 -0.221106 -0.217674 -0.214369 -0.210738
-0.0657205 -0.0763365 -0.0859057 -0.0935065 -0.0985426 -0.100754 -0.100386 -0.0983513 -0.0962041 -0.0944105 -0.0925781 -0.0904799 -0.088011 -0.0851973 -0.0820811 -0.0786057 -0.0748893 -0.0714925 -0.0683532 -0.0644044 -0.0596213 -0.0550658 -0.0507393 -0.046067 -0.0420662 -0.0405236 -0.0433075 -0.0515753 -0.0641764 -0.0793627 -0.0951013 -0.109965 -0.123397 -0.134674 -0.142908 -0.147793 -0.149558 -0.149515 -0.149222 -0.149319 -0.150577 -0.154807 -0.162838 -0.173381 -0.185487 -0.198834 -0.211772 -0.221677 -0.227591 -0.229651 -0.228791 -0.226195 -0.222877 -0.219532 -0.216164 -0.212812 -0.209727 -0.206759 -0.203285
-0.0654695 -0.0754289 -0.084224 -0.0908882 -0.0949691 -0.0963371 -0.0952984 -0.0928813 -0.0908049 -0.0893934 -0.0879085 -0.0861244 -0.0840879 -0.0817864 -0.0791757 -0.076176 -0.0728881 -0.0698349 -0.0669668 -0.0633045 -0.0587731 -0.054254 -0.0498199 -0.0451093 -0.0410412 -0.0392495 -0.0419046 -0.0507032 -0.0653361 -0.0840446 -0.102928 -0.119187 -0.131944 -0.141229 -0.147737 -0.151553 -0.152558 -0.151971 -0.151416 -0.151809 -0.154034 -0.159405 -0.168288 -0.179192 -0.190919 -0.202835 -0.213505 -0.220933 -0.224518 -0.224583 -0.222188 -0.21858 -0.214688 -0.211111 -0.207817 -0.204758 -0.201995 -0.199213 -0.195657
-0.0624857 -0.071652 -0.0796774 -0.0856289 -0.0891127 -0.0900722 -0.0889014 -0.0866576 -0.0850114 -0.0841042 -0.0829513 -0.0814153 -0.0797637 -0.0779551 -0.0758677 -0.0734774 -0.0708539 -0.068226 -0.0654486 -0.0618002 -0.0572888 -0.052685 -0.0481963 -0.0437116 -0.0399171 -0.0381692 -0.0412608 -0.0515684 -0.0687733 -0.0904671 -0.111084 -0.127118 -0.138475 -0.146034 -0.151247 -0.154314 -0.154863 -0.154113 -0.153794 -0.154983 -0.158491 -0.164887 -0.174034 -0.184575 -0.195319 -0.205416 -0.213679 -0.218723 -0.220237 -0.218635 -0.215048 -0.210744 -0.206507 -0.202813 -0.199656 -0.196915 -0.194387 -0.191578 -0.187687
