data_raster/melanesia/PNMC_current_2021/202105_North.grd
DSAA																																																																																																																																																																																																																																																																																																																																																																																																																											
412	268																																																																																																																																																																																																																																																																																																																																																																																																																										
156	174.5																																																																																																																																																																																																																																																																																																																																																																																																																										
-26.5	-14.5																																																																																																																																																																																																																																																																																																																																																																																																																										
-0.447725	0.302917																																																																																																																																																																																																																																																																																																																																																																																																																										
[rows 104 to 129 of 268, columns 236 to 294 of 412]
-0.0142841 -0.00554484 -0.0237594 -0.0453929 -0.0497153 -0.0499347 -0.0573274 -0.0720681 -0.0899474 -0.103471 -0.110102 -0.111565 -0.113949 -0.123109 -0.133087 -0.135563 -0.126841 -0.109627 -0.0980617 -0.097506 -0.0989351 -0.0978915 -0.095269 -0.0905256 -0.0824881 -0.0731937 -0.0651103 -0.0563165 -0.0455049 -0.0367295 -0.0324718 -0.0305002 -0.0331325 -0.048483 -0.0719552 -0.088887 -0.0979715 -0.104798 -0.107845 -0.103937 -0.0944475 -0.0823996 -0.0720954 -0.0650431 -0.0577213 -0.0491042 -0.0415439 -0.0364709 -0.0342727 -0.0337651 -0.0332406 -0.032587 -0.0320831 -0.0314377 -0.0306384 -0.030602 -0.0321783 -0.0358698 -0.0410652
-0.0355098 -0.042105 -0.0522707 -0.0582161 -0.0549464 -0.0525977 -0.0574929 -0.0664013 -0.0761634 -0.0846575 -0.0904501 -0.0934551 -0.100779 -0.119257 -0.136515 -0.138811 -0.127956 -0.112203 -0.106513 -0.113757 -0.118794 -0.115724 -0.108643 -0.098671 -0.0852954 -0.0721764 -0.0627421 -0.051118 -0.0334715 -0.0194663 -0.0146605 -0.0124062 -0.0152403 -0.0379325 -0.0721634 -0.0915255 -0.0968555 -0.102657 -0.106706 -0.102413 -0.0919345 -0.0795408 -0.0692606 -0.0623669 -0.0555743 -0.0478593 -0.0412454 -0.0366766 -0.0340798 -0.0330091 -0.0328158 -0.0327366 -0.0321634 -0.0311753 -0.0301689 -0.0299202 -0.0312434 -0.0348702 -0.0400858
-0.0581818 -0.0707421 -0.0725475 -0.0654057 -0.0539511 -0.0496168 -0.0555261 -0.0603547 -0.0608767 -0.0635725 -0.0699818 -0.0784734 -0.0937005 -0.119609 -0.14071 -0.142124 -0.131222 -0.120018 -0.120486 -0.132338 -0.138364 -0.132948 -0.122508 -0.108656 -0.0904675 -0.073647 -0.0638591 -0.0534653 -0.0359831 -0.0191621 -0.00968485 -0.00739659 -0.0152081 -0.0400097 -0.071943 -0.0887891 -0.0930233 -0.099032 -0.103546 -0.0989746 -0.0880881 -0.0757624 -0.0655896 -0.0587125 -0.0525001 -0.0459783 -0.0404568 -0.0365252 -0.0341092 -0.0331175 -0.0332905 -0.0334311 -0.0324885 -0.0310727 -0.0299975 -0.0297038 -0.030794 -0.0341348 -0.0390332
-0.0739417 -0.0740027 -0.0690059 -0.0618724 -0.0534344 -0.0478153 -0.0458342 -0.0425128 -0.0383075 -0.0397735 -0.0495543 -0.0672106 -0.0921556 -0.121702 -0.142636 -0.144596 -0.137481 -0.133121 -0.138456 -0.150925 -0.155811 -0.148911 -0.136618 -0.120076 -0.0979211 -0.0774364 -0.0666344 -0.0597196 -0.0490823 -0.0332198 -0.0171232 -0.0157347 -0.0321485 -0.0531138 -0.0698946 -0.0792604 -0.0846744 -0.0918144 -0.0962844 -0.0920049 -0.0818392 -0.0703507 -0.0606912 -0.0540439 -0.0486463 -0.0436174 -0.0394176 -0.0364265 -0.0348497 -0.0344181 -0.0345289 -0.0340985 -0.0323997 -0.0305506 -0.0295887 -0.0294333 -0.0303285 -0.0331953 -0.0374888
-0.0680249 -0.0624091 -0.0582263 -0.0561263 -0.0526348 -0.0452131 -0.0340169 -0.0232695 -0.0174659 -0.0208819 -0.0361019 -0.063571 -0.0962758 -0.124323 -0.141564 -0.146059 -0.145697 -0.148295 -0.157105 -0.168692 -0.171368 -0.162708 -0.14931 -0.131439 -0.106426 -0.0819014 -0.066933 -0.0567171 -0.0445262 -0.0294627 0 0 0 -0.046751 -0.0594642 -0.0653464 -0.0686581 -0.075622 -0.0813177 -0.0788814 -0.0710103 -0.0620543 -0.0544386 -0.0490893 -0.0449152 -0.0413005 -0.0384079 -0.0364706 -0.0356705 -0.0355461 -0.0353046 -0.0341877 -0.0318929 -0.0296842 -0.0286183 -0.0284829 -0.0293366 -0.0318747 -0.0356019
-0.0468188 -0.0486965 -0.0512445 -0.0531519 -0.0514577 -0.0416717 -0.0245523 -0.00945051 -0.00347566 -0.010354 -0.0316328 -0.0660793 -0.101755 -0.124723 -0.13733 -0.146021 -0.153649 -0.162363 -0.174248 -0.185849 -0.186291 -0.174913 -0.160601 -0.142085 -0.113442 -0.0846996 -0.0676613 -0.0506218 0 0 0 0 0 -0.0203694 -0.0438728 -0.0507766 -0.0469407 -0.0520389 -0.0607966 -0.0616812 -0.0571235 -0.0518473 -0.0474613 -0.0443644 -0.0417562 -0.0393584 -0.0376072 -0.0366023 -0.0361289 -0.0357849 -0.0350765 -0.0335217 -0.030981 -0.0285107 -0.0270732 -0.0268064 -0.0278094 -0.0302668 -0.0335748
-0.0389685 -0.044211 -0.0493221 -0.0525486 -0.0512571 -0.0399029 -0.0194284 -0.00163742 0.00435708 -0.00620162 -0.0320997 -0.0672299 -0.0997529 -0.118539 -0.130081 -0.143484 -0.158056 -0.172634 -0.189194 -0.203513 -0.202618 -0.187627 -0.172359 -0.152396 -0.11569 -0.0833059 -0.0782291 -0.066762 0 0 0 0 0 -0.00761018 -0.0366019 -0.039912 -0.027066 -0.0304444 -0.0430637 -0.04744 -0.0456335 -0.0430573 -0.0411348 -0.0400603 -0.0390342 -0.0378488 -0.0370524 -0.0366247 -0.0361004 -0.0353038 -0.0341655 -0.0323314 -0.0296433 -0.026986 -0.0252839 -0.0250167 -0.0262927 -0.0287334 -0.0316152
-0.0439782 -0.0460949 -0.0497212 -0.0531649 -0.052427 -0.0409727 -0.0194141 -0.000211807 0.00611927 -0.00689441 -0.034394 -0.0640379 -0.0885258 -0.104824 -0.118712 -0.136452 -0.156733 -0.178085 -0.201816 -0.221525 -0.220243 -0.200864 -0.183932 -0.162672 -0.118714 -0.0817309 -0.0847391 0 0 0 0 0 0 -0.0102527 -0.03396 -0.0305192 -0.0126609 -0.0157038 -0.0308365 -0.0375515 -0.0374958 -0.0363402 -0.0358099 -0.0362252 -0.0366003 -0.0365329 -0.0364092 -0.0361544 -0.0353563 -0.0341108 -0.0326806 -0.0307493 -0.028089 -0.0254926 -0.0238529 -0.0237622 -0.0252585 -0.027595 -0.0300072
-0.0406711 -0.042168 -0.0474409 -0.0532724 -0.0542185 -0.0442798 -0.0241868 -0.0054397 0.0013249 -0.011486 -0.0364673 -0.0571962 -0.0718032 -0.0853353 -0.101416 -0.122468 -0.148521 -0.178893 -0.212258 -0.238705 -0.237388 -0.212974 -0.192893 -0.173006 -0.13294 -0.0881177 -0.0618449 0 0 0 0 0 0 0 -0.020668 -0.0162267 -0.00384639 -0.00848764 -0.0223353 -0.0291696 -0.0303041 -0.0303462 -0.0310589 -0.0327952 -0.0342963 -0.0349587 -0.0350951 -0.0347221 -0.0336398 -0.0321309 -0.0306188 -0.028884 -0.0267101 -0.0246801 -0.0234764 -0.0235945 -0.0250344 -0.0270787 -0.0290326
-0.0288611 -0.0328188 -0.0408997 -0.0492261 -0.052811 -0.0466137 -0.0311471 -0.0157349 -0.00944798 -0.0191798 -0.0371628 -0.0473314 -0.0522904 -0.06218 -0.0786659 -0.10156 -0.133479 -0.174806 -0.219764 -0.253755 -0.252216 -0.222137 -0.198764 -0.182521 -0.152481 -0.103167 -0.0413698 0 0 0 0.00449066 0.0113678 0.0125605 0.00795025 0.00195407 0.00140647 0.00185999 -0.00560063 -0.0160993 -0.0216849 -0.0236003 -0.024804 -0.0267308 -0.0295596 -0.0317702 -0.0326871 -0.0327834 -0.0322952 -0.031253 -0.0299451 -0.028714 -0.0274329 -0.0259587 -0.0246641 -0.0239832 -0.0242235 -0.025375 -0.0269669 -0.0284491
-0.0179952 -0.0239552 -0.0307028 -0.0379886 -0.0444361 -0.0445199 -0.0370105 -0.0284272 -0.0245826 -0.029106 -0.0361735 -0.035175 -0.0319028 -0.0379188 -0.0531401 -0.0760907 -0.112882 -0.165383 -0.222937 -0.265391 -0.263199 -0.226642 -0.20142 -0.189178 -0.164613 -0.122374 -0.0690707 -0.0251937 -0.00606031 0 0.00324215 0.0110938 0.0216822 0.0266373 0.0237783 0.0165819 0.00723322 -0.00279503 -0.0110551 -0.0155857 -0.0178984 -0.0199828 -0.0228091 -0.0262572 -0.0286603 -0.0294422 -0.0294349 -0.0291418 -0.028738 -0.028298 -0.0278172 -0.0271188 -0.0261059 -0.025173 -0.0247238 -0.0249293 -0.025742 -0.0268285 -0.0277913
-0.00953714 -0.0155614 -0.0196172 -0.0252226 -0.0342061 -0.0404577 -0.0410953 -0.0401307 -0.0398182 -0.0396106 -0.0354019 -0.0224841 -0.0115119 -0.0168037 -0.0330998 -0.0542065 -0.091254 -0.15041 -0.219468 -0.272634 -0.270528 -0.225695 -0.197056 -0.187271 -0.165584 -0.134012 -0.104745 -0.0703404 -0.0272554 0.000767426 0.00428081 0.00995622 0.0268895 0.0371225 0.0341357 0.0229697 0.00954705 -0.000679124 -0.00703475 -0.0107548 -0.0133003 -0.0159225 -0.0191765 -0.0227535 -0.0250971 -0.0257902 -0.0258453 -0.0259392 -0.0263716 -0.0269704 -0.0273347 -0.027137 -0.0262736 -0.0253387 -0.0248851 -0.0250111 -0.0256009 -0.0263112 -0.0268548
-0.00218936 -0.00653534 -0.0108744 -0.017895 -0.0287092 -0.0383292 -0.0441371 -0.0485855 -0.0514539 -0.0490931 -0.0367971 -0.0118772 0.0066754 -0.00320835 -0.0254485 -0.0428844 -0.0745273 -0.134787 -0.212156 -0.275432 -0.27311 -0.218326 -0.18264 -0.172718 -0.155503 -0.128321 -0.0994244 -0.0653567 -0.0256423 0.00201198 0.00988707 0.0152522 0.0251945 0.0304751 0.0272347 0.0175094 0.00634931 -0.000575249 -0.00407525 -0.00693154 -0.00973138 -0.0125832 -0.0157718 -0.0190744 -0.0213809 -0.0223799 -0.0227753 -0.0232171 -0.0241857 -0.0254187 -0.0262938 -0.0263462 -0.025435 -0.0243685 -0.0238791 -0.024038 -0.0246509 -0.0252674 -0.0256384
0.00537704 0.000871672 -0.00675992 -0.0171035 -0.029046 -0.0400006 -0.0487273 -0.0563485 -0.0609345 -0.0570867 -0.0398234 -0.00777527 0.0145065 0.000110507 -0.0255942 -0.0380421 -0.0696557 -0.141061 -0.222824 -0.276611 -0.26326 -0.201829 -0.162304 -0.151564 -0.137255 -0.111112 -0.0768098 -0.0432235 -0.0179308 -0.000518558 0.0105584 0.0162665 0.0179757 0.0175544 0.0150495 0.0092651 0.00277251 -0.000472946 -0.00185059 -0.00408808 -0.00699938 -0.0099234 -0.0128533 -0.0156562 -0.017817 -0.0191401 -0.019859 -0.020495 -0.0216737 -0.0231192 -0.0241278 -0.0242582 -0.0234214 -0.0224505 -0.0221054 -0.022504 -0.0234054 -0.0241726 -0.0245403
0.0128872 0.00407309 -0.00838678 -0.0219082 -0.0344203 -0.0456859 -0.0557776 -0.0647147 -0.0693843 -0.0635493 -0.0441375 -0.0130213 0.00734594 -0.00588013 -0.0265766 -0.0335571 -0.0725778 -0.163951 -0.245092 -0.270894 -0.237845 -0.175906 -0.139719 -0.129993 -0.115268 -0.0907956 -0.0634327 -0.03884 -0.0206747 -0.00780436 0.0011307 0.00629279 0.00838249 0.00889823 0.00819669 0.00576412 0.0027921 0.00108298 -0.000112869 -0.0021568 -0.00488412 -0.00779382 -0.0105047 -0.0127858 -0.0146286 -0.0159995 -0.0168403 -0.0175391 -0.0187282 -0.0201018 -0.0209485 -0.0210603 -0.0205441 -0.0200009 -0.0200036 -0.0208017 -0.0221692 -0.0232453 -0.0237117
0.0163901 0.00144886 -0.0146374 -0.0296677 -0.0424568 -0.0528248 -0.0613928 -0.0696481 -0.0745957 -0.0687966 -0.0509691 -0.0257539 -0.00823065 -0.0124907 -0.0219236 -0.02433 0 0 -0.199043 -0.233249 -0.207454 -0.146642 -0.113884 -0.109319 -0.0960594 -0.0737771 -0.0553375 -0.0400201 -0.0252032 -0.0139087 -0.00762591 -0.00303666 0.00137857 0.0042052 0.00510358 0.00481353 0.00385982 0.00257618 0.00102066 -0.000863168 -0.00316486 -0.00580544 -0.00825323 -0.0102024 -0.0118506 -0.0132567 -0.0142882 -0.0151921 -0.0164296 -0.0176539 -0.0182158 -0.0181573 -0.0177809 -0.017463 -0.0176057 -0.0186217 -0.020354 -0.0217952 -0.0225297
0.0142888 -0.00666953 -0.0239667 -0.0383646 -0.0510503 -0.0588948 -0.0625125 -0.0690818 -0.0759849 -0.0704615 -0.0534093 -0.0353714 -0.0215435 -0.0138242 -0.0111339 0 0 0 -0.0789024 -0.162704 -0.174843 -0.117001 -0.0860279 -0.0897488 -0.0817668 -0.062111 0 -0.0364577 -0.0249822 -0.0154611 -0.00953131 -0.0050701 -0.00100766 0.00187236 0.00341084 0.00406107 0.00391414 0.00290778 0.00142593 -0.000120264 -0.00190597 -0.00405673 -0.00619388 -0.00806739 -0.00978089 -0.0113605 -0.0127176 -0.0139798 -0.0153775 -0.0165102 -0.0167866 -0.0164064 -0.0157994 -0.0152411 -0.0150723 -0.0158513 -0.0175524 -0.0192278 -0.0203642
0.00938777 -0.0171658 -0.0346602 -0.0473063 -0.0588391 -0.0620807 -0.0585305 -0.0651132 -0.0760083 -0.0622703 -0.0327541 0 0 0 0 0 0 0 0 -0.0987878 -0.128191 -0.0839122 -0.0616987 -0.07083 -0.0674132 0 -0.0396172 -0.0309861 -0.0222631 -0.0145502 -0.00891281 -0.00477713 -0.00164238 0.000658219 0.00220938 0.00303483 0.00306977 0.00227079 0.00104753 -0.000173847 -0.00160335 -0.00343245 -0.00539547 -0.00728979 -0.00914156 -0.0108901 -0.0123684 -0.0137043 -0.0151739 -0.0162771 -0.0162947 -0.0155613 -0.0146486 -0.0136773 -0.0128619 -0.0128538 -0.0138618 -0.0153265 -0.0167639
0.00333695 -0.0275929 -0.0451527 -0.0554721 -0.0640001 -0.0616867 -0.0517072 -0.0586495 -0.0720115 -0.0462374 0.000483275 0 0 0 0 0 0 0.0126037 -0.00650426 -0.0540795 -0.069688 -0.049105 -0.0426382 -0.0522767 -0.050979 -0.0403015 -0.0318575 -0.025451 -0.0187116 -0.0126698 -0.00822506 -0.00486436 -0.0022242 -0.000331755 0.000855724 0.00145155 0.00144315 0.000796731 -0.000181953 -0.00119432 -0.00249731 -0.00428628 -0.00624094 -0.00814028 -0.0100652 -0.0118789 -0.0131992 -0.0142417 -0.0155739 -0.0166387 -0.0165198 -0.0156117 -0.014552 -0.013237 -0.0116731 -0.0104943 -0.0101516 -0.0106713 -0.0118259
-0.00355313 -0.0366251 -0.0542234 -0.0614937 -0.0644354 -0.0582568 -0.0468129 -0.0491187 -0.0564867 -0.0327791 0 0 0 0 0 0 0 0.00808103 0.000871896 -0.0103602 -0.0170722 -0.019576 -0.0262215 -0.0340788 -0.0342016 -0.0288573 -0.0239451 -0.0195092 -0.0146022 -0.0102079 -0.00704095 -0.00464651 -0.00278306 -0.00163561 -0.00112439 -0.000942819 -0.00106551 -0.00159573 -0.0023812 -0.00327518 -0.00455155 -0.00636957 -0.00832385 -0.010161 -0.0120298 -0.0137728 -0.0148827 -0.0155859 -0.0165769 -0.0174763 -0.0175097 -0.0168784 -0.0159516 -0.0144987 -0.0123978 -0.0100819 -0.00803217 -0.00667826 -0.00631683
-0.00717851 -0.0451401 -0.0629744 -0.065615 -0.061853 -0.0539992 -0.0446355 -0.0380646 -0.0330253 0 0 0 0 0 0 0.0164837 0.0330979 0.0391264 0.0382365 0.0325442 0.0195745 0.00246559 -0.0104053 -0.0168087 -0.0186675 -0.0178628 -0.0159763 -0.0134589 -0.0105476 -0.0077827 -0.00560359 -0.00415128 -0.00346389 -0.00347917 -0.00392548 -0.00439101 -0.00483263 -0.00540293 -0.00610905 -0.00695608 -0.00817004 -0.00983833 -0.0115509 -0.0130741 -0.0146006 -0.0160265 -0.0168989 -0.0173828 -0.0180646 -0.0188552 -0.0193536 -0.0194296 -0.0189895 -0.0177347 -0.0154718 -0.012357 -0.00873461 -0.00517146 -0.00245772
-0.00306694 -0.055441 -0.0736829 -0.0692489 -0.0605206 -0.0520641 -0.0431644 -0.028334 -0.0125681 -0.0109798 -0.0168982 -0.0107497 0 0 0 0.025678 0.0556977 0.0793029 0.0818649 0.062178 0.0377711 0.0186457 0.00596058 -0.00138273 -0.00556999 -0.0076965 -0.00836531 -0.00813721 -0.00741726 -0.00619474 -0.00475768 -0.00409071 -0.00461454 -0.00592482 -0.00755899 -0.00907708 -0.0103079 -0.0112589 -0.0120713 -0.01292 -0.0139107 -0.0150309 -0.0160105 -0.0167438 -0.0174679 -0.0181974 -0.018679 -0.0190627 -0.019778 -0.0208358 -0.0220084 -0.022988 -0.0234095 -0.0228004 -0.0208102 -0.0174268 -0.012905 -0.00784372 -0.00304104
-0.00635828 -0.0688168 -0.084658 -0.0737605 -0.0631231 -0.053847 -0.0416957 -0.0205477 0.000637268 -0.00102569 -0.0149319 -0.0107389 0.000124386 0 0 0.0479316 0.0990311 0.123515 0.113186 0.0778463 0.047556 0.0322211 0.0214006 0.0118233 0.00514846 0.000902468 -0.00215777 -0.00438903 -0.0057912 -0.00606336 -0.00549947 -0.00560776 -0.00708927 -0.00943713 -0.0121412 -0.0147666 -0.0169761 -0.0185445 -0.0196033 -0.0203785 -0.0209243 -0.021227 -0.0212113 -0.0209256 -0.0206418 -0.0204656 -0.020306 -0.0203721 -0.0210715 -0.0224161 -0.0241856 -0.0260399 -0.0275334 -0.0279935 -0.0268218 -0.023714 -0.0188674 -0.0131692 -0.00716817
-0.0354794 -0.0851965 -0.0925078 -0.0794601 -0.0700748 -0.0588175 -0.0398968 -0.0143784 0.00589747 0.00069917 -0.015623 -0.00999347 0 0 0 0.101416 0.188641 0.172224 0.120767 0.0848004 0.0617877 0.0461466 0.0335342 0.0226299 0.0139363 0.0071 0.0015053 -0.00290534 -0.00603817 -0.00782301 -0.00864294 -0.00972122 -0.0117292 -0.0145023 -0.0177209 -0.0209793 -0.0238852 -0.0260898 -0.027458 -0.0279892 -0.0278914 -0.0273658 -0.0264639 -0.0253119 -0.0241969 -0.0231872 -0.0221129 -0.0212881 -0.0213569 -0.0224463 -0.0243806 -0.0268388 -0.0293656 -0.0312033 -0.0314629 -0.0291252 -0.0242441 -0.0184958 -0.0123953
-0.0766483 -0.100132 -0.0950916 -0.0814185 -0.0742176 -0.0609864 -0.0359179 -0.0102675 0.00363478 -0.00413536 0 0 0 0 0 0.16204 0.260124 0.198395 0.114445 0.0887261 0.0769073 0.0579518 0.0418498 0.0304944 0.0201414 0.0104867 0.00255353 -0.00359615 -0.00817775 -0.0114207 -0.0137192 -0.0157707 -0.0180511 -0.0207022 -0.023728 -0.0270138 -0.030259 -0.0330404 -0.0348346 -0.0352537 -0.034605 -0.0332926 -0.0315232 -0.0295494 -0.0277424 -0.0260715 -0.0240842 -0.0221691 -0.0213017 -0.0216729 -0.0230852 -0.0255184 -0.028813 -0.0320944 -0.0341046 -0.0330952 -0.0288294 -0.0234296 -0.0176044
-0.105847 -0.107533 -0.0910581 -0.07482 -0.0686777 -0.0552261 -0.0287923 -0.00827129 -0.00308364 -0.00932689 -0.0118822 0.00770379 0 0 0.0883226 0.198983 0.251748 0.18123 0.107672 0.0934035 0.0858184 0.0642836 0.0462907 0.034728 0.0228792 0.0108638 0.00124837 -0.0061189 -0.0119631 -0.0164383 -0.0197772 -0.0225521 -0.0250798 -0.0273198 -0.0295518 -0.0322967 -0.0354867 -0.0386481 -0.040956 -0.0416596 -0.0408423 -0.0388542 -0.0361962 -0.0334047 -0.0310147 -0.0289245 -0.0263727 -0.0237117 -0.0220721 -0.0215072 -0.0216786 -0.0232764 -0.0268667 -0.0313149 -0.034941 -0.0357009 -0.0329436 -0.0282025 -0.0224058
