data_raster/melanesia/PNMC_current_2021/202105_North.grd
DSAA																																																																																																																																																																																																																																																																																																																																																																																																																											
412	268																																																																																																																																																																																																																																																																																																																																																																																																																										
156	174.5																																																																																																																																																																																																																																																																																																																																																																																																																										
-26.5	-14.5																																																																																																																																																																																																																																																																																																																																																																																																																										
-0.447725	0.302917																																																																																																																																																																																																																																																																																																																																																																																																																										
[rows 130 to 155 of 268, columns 295 to 353 of 412]
-0.0208393 -0.0126105 -0.00201469 0.00932205 0.0188983 0.0252919 0.027557 0.0252072 0.0188141 0.0109251 0.00367335 -0.00174538 -0.00481913 -0.00568017 -0.00524959 -0.0047732 -0.00442229 -0.00397375 -0.00345681 -0.00301202 -0.00289663 -0.00319959 -0.00366081 -0.00391111 -0.00353162 -0.00276571 -0.00231339 -0.0018854 -0.000862586 -5.55851E-05 -0.000326092 -0.000678458 -0.000372421 -0.000399094 -0.00119512 -0.00185859 -0.00170307 -0.000465318 0.00146499 0.00327807 0.00463694 0.00553942 0.00646334 0.00791842 0.00998379 0.012593 0.0155598 0.0186898 0.0217964 0.0246067 0.0267828 0.0282552 0.0291035 0.0291483 0.0282686 0.0271764 0.0264131 0.0252671 0.0230493
-0.0264153 -0.017281 -0.00648857 0.00454879 0.0143788 0.0225739 0.0284572 0.0295957 0.0250595 0.0176949 0.00985905 0.0026077 -0.00282171 -0.00511445 -0.00498187 -0.00426749 -0.00380827 -0.00385114 -0.00394567 -0.00367036 -0.003211 -0.00287193 -0.00296978 -0.00338913 -0.0035076 -0.00318839 -0.00270775 -0.00214186 -0.0014851 -0.000963774 -0.000711433 -0.000172744 0.000887292 0.00150828 0.00136121 0.00143904 0.00228016 0.00375693 0.00539634 0.00657169 0.00734155 0.00812593 0.0094121 0.0115267 0.0141781 0.0171251 0.0205236 0.024239 0.0276427 0.0303951 0.0324853 0.0338853 0.0345499 0.0344583 0.0336779 0.0326375 0.0315584 0.0297178 0.0265433
-0.0324501 -0.0226515 -0.011733 -0.000925055 0.00916683 0.0185815 0.02677 0.0307337 0.0289166 0.0236927 0.0168929 0.00899651 0.00165581 -0.00252248 -0.00352968 -0.00300056 -0.00244926 -0.00288642 -0.00340509 -0.003 -0.00184469 -0.000562705 -0.000201005 -0.000828369 -0.00129679 -0.00127327 -0.00114368 -0.00102247 -0.000838252 -0.0004004 0.000462407 0.001679 0.00298751 0.00380435 0.00402064 0.00437577 0.00524308 0.00649021 0.00782637 0.00891612 0.00989143 0.0111221 0.0129817 0.0156662 0.0187647 0.0219994 0.0256625 0.0296013 0.0329203 0.0353538 0.0372903 0.038676 0.0392049 0.0390635 0.0385858 0.037738 0.0362956 0.0337864 0.0299039
-0.0390452 -0.029444 -0.018382 -0.00691139 0.00450055 0.0151838 0.0241133 0.029355 0.0300816 0.028078 0.0241082 0.0172143 0.00890533 0.00287199 0.000169058 -2.36892E-05 0.00037601 -0.000368626 -0.00126763 -0.00103732 0.000356408 0.0022225 0.00297547 0.00240557 0.00204306 0.00208596 0.00164794 0.00104528 0.00115538 0.00202544 0.0033368 0.00456535 0.00534375 0.00581496 0.00610111 0.00617208 0.00628038 0.00697539 0.00832864 0.010064 0.0121127 0.0145205 0.0173613 0.0206406 0.0241019 0.0275801 0.0312286 0.0348493 0.0376922 0.0396912 0.0414487 0.042816 0.0432455 0.0431582 0.0431561 0.0426156 0.0407984 0.0377068 0.0334097
-0.046339 -0.0373794 -0.026308 -0.0140635 -0.00121849 0.0110039 0.0210748 0.0271446 0.0289928 0.029804 0.0298974 0.0253136 0.016869 0.00983163 0.00622153 0.00563586 0.0058423 0.00457088 0.0026458 0.00148234 0.00179471 0.00339057 0.00466833 0.00512535 0.00573757 0.00635733 0.00597481 0.00511119 0.00497471 0.00560716 0.0065718 0.00727832 0.0074448 0.00764007 0.00808874 0.00825588 0.00816577 0.00851799 0.009651 0.0115965 0.0143184 0.0177202 0.0215453 0.0255114 0.029429 0.0331701 0.0366967 0.0398379 0.0422294 0.0439635 0.0455492 0.046801 0.0471925 0.0472511 0.0476313 0.0473291 0.0453007 0.0418545 0.0372818
-0.0542494 -0.0463433 -0.0354843 -0.0226892 -0.00886855 0.00482251 0.0166506 0.0233244 0.0246602 0.0273441 0.0323078 0.0317716 0.0251673 0.0188967 0.0154989 0.0146433 0.014174 0.0118317 0.00814507 0.00451251 0.00263823 0.00320929 0.00495918 0.00696232 0.00895964 0.0104589 0.0108371 0.0104398 0.0100694 0.00996925 0.0100922 0.0100862 0.00981978 0.00988457 0.0105318 0.011278 0.0118251 0.0121836 0.0127549 0.0141822 0.0167599 0.0205103 0.0249593 0.029546 0.033971 0.0380082 0.0414734 0.0442811 0.0464881 0.0482519 0.0497903 0.0509515 0.0514325 0.0516806 0.0521686 0.0518873 0.0498201 0.0462408 0.0414067
-0.0624514 -0.0564108 -0.0460123 -0.0326906 -0.0183715 -0.00405993 0.00857034 0.0148902 0.0148756 0.0189496 0.029352 0.0356846 0.0350665 0.0322625 0.0295868 0.0274254 0.0248025 0.0205158 0.0148047 0.00877257 0.00482834 0.00425601 0.00585959 0.00840235 0.0109468 0.0129107 0.0140415 0.0145542 0.0148639 0.0150361 0.0149862 0.0145599 0.0138286 0.0134618 0.0138811 0.0149366 0.0160978 0.0165503 0.0166268 0.0174654 0.0196004 0.0231403 0.0276087 0.0323999 0.037125 0.0414446 0.0450327 0.047826 0.0501423 0.0521805 0.053975 0.055372 0.0561554 0.0565562 0.0568141 0.0562517 0.0541548 0.0505122 0.0453666
-0.0703655 -0.0669619 -0.0575729 -0.044059 -0.0295217 -0.0150523 -0.00239462 0.00276077 0.000796439 0.00590272 0.0219912 0.0368521 0.0450677 0.048572 0.0484955 0.045303 0.0395859 0.0320309 0.0234908 0.0152491 0.00965188 0.00787705 0.00862116 0.0105586 0.0126932 0.0144988 0.0158612 0.0170039 0.0182328 0.0192425 0.0195917 0.0191954 0.0182746 0.0175936 0.0177551 0.0189313 0.0205092 0.0211536 0.0210573 0.021515 0.0231498 0.0261385 0.0301671 0.0347698 0.0395133 0.0439801 0.0477769 0.0508239 0.0534908 0.0559598 0.0581797 0.0599712 0.061104 0.0615621 0.0613749 0.0603283 0.0581279 0.0544545 0.0490653
-0.0771896 -0.0769048 -0.0695446 -0.0568062 -0.0420758 -0.0269248 -0.0138202 -0.00973888 -0.0138959 -0.00806525 0.0132067 0.03527 0.0514411 0.0635539 0.0703965 0.0691906 0.0609837 0.0485935 0.0355169 0.0247936 0.0176693 0.0143644 0.0137845 0.0147385 0.0161188 0.0173004 0.0181017 0.0187565 0.0196258 0.020465 0.0208906 0.020856 0.020544 0.020504 0.0212093 0.0228868 0.0249594 0.0260776 0.0262677 0.0265828 0.0277276 0.0301177 0.0336358 0.0379358 0.0424902 0.0468271 0.0506864 0.0540436 0.0571697 0.0600939 0.0625867 0.0644997 0.0657365 0.0661247 0.0655106 0.0639948 0.0616113 0.0579678 0.0525726
-0.0816905 -0.0852116 -0.0812249 -0.0705485 -0.055946 -0.0401718 -0.0267864 -0.0218499 -0.0240759 -0.0163854 0.00602507 0 0 0 0.0878276 0.0922388 0.0832677 0.0664304 0.0488477 0.0360188 0.0277176 0.0229056 0.0208655 0.0206642 0.0210857 0.0213572 0.0211468 0.0206515 0.0202968 0.0201305 0.0200908 0.0202396 0.0207014 0.0216807 0.0233219 0.0256334 0.0281713 0.0300536 0.0311378 0.0318807 0.0329441 0.0349899 0.0381669 0.0422951 0.0466548 0.0506696 0.0543351 0.0577569 0.0610781 0.0641757 0.0666783 0.0684784 0.069618 0.0698688 0.0689814 0.0671881 0.0646696 0.0610225 0.0554782
-0.0826687 -0.090996 -0.0918803 -0.0846669 -0.0710126 -0.0556562 -0.0430664 -0.033898 -0.0262167 -0.014425 0.0019884 0 0 0 0.0928122 0.105084 0.0977097 0.0793658 0.0598666 0.0463582 0.03771 0.0320668 0.0288673 0.0274096 0.0266648 0.0259128 0.0247619 0.0233337 0.0219915 0.0208392 0.0199429 0.0195972 0.0200702 0.0214243 0.0235488 0.026103 0.0288422 0.0316418 0.034217 0.0362352 0.0380248 0.0402296 0.0433893 0.0476644 0.0520467 0.0557399 0.0589657 0.0619833 0.0648973 0.0676127 0.0698589 0.0715045 0.0724956 0.0726084 0.0716397 0.0698446 0.067341 0.0634225 0.0569212
-0.0800317 -0.0938934 -0.100798 -0.0982867 -0.0866525 -0.0721696 -0.0599365 -0.0456488 -0.0276006 -0.0130822 -0.00453693 0 0 0 0.0873056 0.103434 0.0992881 0.0829455 0.0647721 0.0525121 0.044892 0.0398183 0.0365578 0.0344402 0.0327103 0.0309274 0.0289436 0.026854 0.0248555 0.0229585 0.0212146 0.0201014 0.0200494 0.0211159 0.023098 0.0254739 0.0281718 0.0316032 0.0354541 0.0389262 0.0419126 0.0447567 0.0483023 0.0530416 0.057711 0.0612943 0.0641477 0.0666442 0.0689055 0.0709514 0.0727135 0.0740442 0.074746 0.0746231 0.0735549 0.0717651 0.0691082 0.0640203 0.0549357
-0.0738275 -0.0932466 -0.10673 -0.109997 -0.10184 -0.0881704 -0.0742594 -0.0565614 -0.0355067 -0.0229469 -0.0186225 -0.00442582 0.0230889 0.0527498 0.0762922 0.0882523 0.0873819 0.0756728 0.0615832 0.0524065 0.0472998 0.0444041 0.0425866 0.0409538 0.0388484 0.0362341 0.0335555 0.0309857 0.0285287 0.026143 0.0238791 0.0222047 0.0215392 0.0219322 0.0232539 0.0251835 0.0277205 0.0312022 0.0354234 0.0397829 0.0439005 0.0476889 0.0519976 0.0574127 0.0625718 0.0663694 0.0691847 0.0714214 0.0732225 0.0746723 0.0758073 0.0765403 0.0767027 0.0761374 0.0747318 0.0725582 0.0690263 0.0613947 0.0479987
-0.0635011 -0.0870019 -0.106747 -0.116967 -0.114771 -0.103032 -0.0858515 -0.065685 -0.0470531 -0.039055 -0.0368427 -0.016847 0.0197591 0.0490492 0.0648384 0.0720726 0.0715694 0.0636333 0.0541598 0.0484719 0.0460596 0.0454833 0.0454572 0.0449467 0.0432588 0.0405955 0.0378272 0.0351951 0.0325822 0.029931 0.0273043 0.0251387 0.0238224 0.0234015 0.0238954 0.0253637 0.0278175 0.0312013 0.0353302 0.0399194 0.0446379 0.0492826 0.054448 0.0604976 0.0661121 0.0702356 0.0731861 0.0753457 0.0769144 0.0779805 0.078534 0.0785457 0.0779746 0.0767673 0.0747679 0.0713607 0.0653445 0.0541735 0.0370092
-0.0487607 -0.0737313 -0.0989255 -0.117494 -0.124398 -0.116982 -0.0965192 -0.0743254 -0.0601383 -0.0561966 -0.054789 -0.0367321 -0.00184992 0.0321849 0.0549651 0.0623645 0.0589483 0.0521375 0.0461159 0.0431525 0.0426303 0.0434699 0.0446637 0.0453173 0.0447176 0.043014 0.0410082 0.0388989 0.0365459 0.0338865 0.0309973 0.0283709 0.0264497 0.0253055 0.0250955 0.0261979 0.0286407 0.0320426 0.0360566 0.0404084 0.045087 0.0502278 0.0560438 0.0624508 0.0682696 0.0726026 0.0756904 0.0778682 0.0793773 0.080261 0.0803802 0.079695 0.0782439 0.0761127 0.0730744 0.0673357 0.0571422 0.0422539 0.0236401
-0.0301242 -0.0538627 -0.0840494 -0.112714 -0.131491 -0.131597 -0.110897 -0.0884761 -0.078237 -0.07485 -0.0694997 -0.0522592 -0.0219941 0.0137268 0.0424665 0.0516637 0.0474633 0.0418622 0.0382222 0.0371212 0.0379183 0.0397584 0.0417848 0.0432947 0.0438088 0.0434214 0.0426485 0.0415378 0.0398915 0.0376675 0.0349813 0.0323242 0.0301476 0.028581 0.027863 0.0284797 0.0305416 0.033711 0.0375692 0.0417172 0.0462936 0.0516333 0.0576693 0.06402 0.0696902 0.0739909 0.0771979 0.0795621 0.081104 0.0817789 0.0814941 0.0801447 0.0776345 0.0739885 0.0688622 0.0599153 0.0455425 0.0281234 0.0101762
-0.00940817 -0.0283646 -0.0617147 -0.101272 -0.134903 -0.146808 -0.130072 -0.109108 -0.100871 -0.094477 -0.0811927 -0.0600412 -0.03213 -0.00050824 0.0258764 0.0365634 0.0358643 0.0329254 0.0309656 0.0310628 0.0328203 0.0354771 0.0380826 0.0400612 0.0413387 0.0420764 0.0425625 0.042659 0.0420367 0.0406808 0.0387515 0.0366283 0.0346771 0.0330998 0.0321532 0.03222 0.0335446 0.0361794 0.0398188 0.0439526 0.0485684 0.0538488 0.0596627 0.0656376 0.07094 0.0750443 0.0783182 0.0809077 0.0824626 0.0828357 0.0820997 0.0800464 0.0762824 0.0705011 0.0621904 0.0496826 0.0324413 0.0143596 -0.00153998
0.00978001 0.00100659 -0.0299996 -0.0785086 -0.130864 -0.160072 -0.149758 -0.129582 -0.121325 -0.112229 -0.094063 -0.0705844 -0.0442662 -0.016003 0.00845193 0.0216214 0.0254507 0.0253827 0.0248511 0.0259033 0.0282473 0.0311817 0.0340042 0.0363146 0.038097 0.039533 0.0408997 0.041988 0.0423745 0.0420122 0.041032 0.0397039 0.0383153 0.0371148 0.036349 0.0362735 0.0372033 0.0394797 0.0428837 0.0468292 0.0512078 0.0561281 0.0615433 0.0672016 0.0723337 0.076401 0.0796157 0.0820573 0.0834625 0.0836238 0.082401 0.0794526 0.0742703 0.0661327 0.0543444 0.0387785 0.0204339 0.00318958 -0.0103931
0.021161 0.0250905 0.000636566 -0.0531383 -0.12278 -0.169528 -0.16624 -0.146427 -0.136944 -0.126721 -0.108447 -0.086255 -0.0619267 -0.0347532 -0.00942535 0.00698822 0.0148479 0.0176414 0.0188457 0.0209527 0.0237235 0.026647 0.0295784 0.0323089 0.034528 0.0363574 0.0382261 0.0399685 0.0411371 0.0416419 0.0415613 0.0411042 0.0405096 0.0400129 0.0398368 0.040185 0.0413273 0.0435713 0.0466949 0.0501415 0.053927 0.0583131 0.0633074 0.0686901 0.0737567 0.0779037 0.0809816 0.0830068 0.0841338 0.0841237 0.082348 0.0783594 0.0717627 0.061549 0.0469337 0.0294967 0.0116399 -0.00386041 -0.0154599
0.0173283 0.0293841 0.00922438 -0.0461085 -0.120904 -0.174216 -0.176699 -0.159522 -0.149132 -0.13803 -0.120904 -0.101048 -0.0794172 -0.0546237 -0.0300581 -0.0114641 0.000309896 0.00676095 0.0105926 0.0141076 0.0175836 0.021014 0.0245059 0.0278963 0.0307058 0.0330239 0.0353657 0.0375884 0.0392434 0.0403292 0.0410125 0.0414607 0.0418351 0.0422809 0.0429727 0.0441336 0.0458882 0.0482315 0.0509436 0.0537181 0.0568512 0.0608169 0.0654071 0.0701923 0.0747636 0.0787306 0.0817395 0.0836383 0.0845464 0.084148 0.0816949 0.0767559 0.0690356 0.0575587 0.0417117 0.0240377 0.00756827 -0.00599805 -0.016056
0.00574051 0.0181698 -0.00982387 -0.0706612 -0.133922 -0.174134 -0.178153 -0.166599 -0.156708 -0.145241 -0.129805 -0.112548 -0.0939798 -0.0730226 -0.0514539 -0.0326133 -0.0179605 -0.00777806 -0.000701139 0.0048223 0.00962083 0.0141868 0.018618 0.0227515 0.0261857 0.0290433 0.0318324 0.0344023 0.0363249 0.0377841 0.0391323 0.040486 0.0418951 0.0433844 0.0450548 0.0471272 0.0495472 0.0519585 0.0542566 0.056582 0.0594427 0.0633308 0.0676798 0.0717738 0.0755829 0.0790924 0.081999 0.0839759 0.084714 0.0837942 0.0807004 0.0750945 0.0667124 0.0549254 0.0395298 0.0231024 0.00843183 -0.00352552 -0.0127457
0.000801267 0.00652083 -0.0476837 -0.125955 -0.163815 -0.169979 -0.169035 -0.164849 -0.157462 -0.147387 -0.135118 -0.121028 -0.10521 -0.0876084 -0.0693569 -0.052227 -0.0371946 -0.0247346 -0.0146114 -0.00636769 0.000536499 0.00654325 0.0118828 0.0165692 0.0204014 0.0235856 0.0266177 0.0293763 0.031501 0.0333227 0.0353175 0.0375234 0.0398794 0.0423395 0.044911 0.0476762 0.0504569 0.0528214 0.0549626 0.0575244 0.060895 0.0651699 0.0696084 0.073446 0.0767791 0.0797716 0.0823286 0.0841389 0.0846281 0.0833257 0.079891 0.0740381 0.0655302 0.0542478 0.0404836 0.0262198 0.0134088 0.00241225 -0.00694133
-0.00214891 -0.000975537 -0.065628 -0.148695 -0.17337 -0.163155 -0.15873 -0.158119 -0.154449 -0.147949 -0.139159 -0.127863 -0.114289 -0.0991682 -0.083619 -0.0688386 -0.0549425 -0.0417165 -0.0294835 -0.018646 -0.00941879 -0.00179384 0.00458178 0.00992162 0.0142366 0.0177996 0.0210621 0.0239685 0.0262822 0.0284191 0.030899 0.0337028 0.0367067 0.0398475 0.0430571 0.0462397 0.0491987 0.0516758 0.0541126 0.057389 0.0616043 0.066394 0.0710552 0.074965 0.0781511 0.0807534 0.0828495 0.0842504 0.0843918 0.0828446 0.0793444 0.0736201 0.0654617 0.0551878 0.0434633 0.0314582 0.0201623 0.00957317 -0.000391345
-0.0118576 -0.00444766 0 0 0 -0.156972 -0.159043 -0.152747 -0.152318 -0.150969 -0.144205 -0.134202 -0.122415 -0.109221 -0.0954867 -0.0822413 -0.0693408 -0.0563134 -0.0434032 -0.0311138 -0.0201277 -0.0108371 -0.00304564 0.00344709 0.00877495 0.0131826 0.0169805 0.0201811 0.0227152 0.0250432 0.027688 0.0306535 0.0338384 0.0371906 0.0406241 0.0439872 0.0471817 0.0502021 0.0534293 0.0574534 0.0621958 0.067216 0.0719635 0.0759734 0.0791953 0.0816709 0.0834489 0.0844041 0.0841572 0.082415 0.0789862 0.0736251 0.0661366 0.0570037 0.0469717 0.0365777 0.0261748 0.0157473 0.0054196
0 0 0 0 0 -0.16201 -0.171255 -0.153289 -0.152576 -0.154288 -0.147787 -0.138081 -0.127819 -0.116471 -0.104383 -0.0924037 -0.0804753 -0.0682361 -0.0556582 -0.0430147 -0.0311614 -0.0206972 -0.011562 -0.0036423 0.0031543 0.00891278 0.0137084 0.0175695 0.0205645 0.0231605 0.0258621 0.0287469 0.0317884 0.0349552 0.0382011 0.0414607 0.0447797 0.0483319 0.0523206 0.0569242 0.0619611 0.0670682 0.0718854 0.0760992 0.0795517 0.0821458 0.0838457 0.0845552 0.0840789 0.0822517 0.078942 0.0739541 0.0671333 0.0589591 0.0501012 0.0407738 0.0310521 0.0209983 0.0108364
0 0 0 0 0 -0.178875 -0.186794 -0.159066 -0.154154 -0.154658 -0.1475 -0.138204 -0.129473 -0.120211 -0.110232 -0.0999546 -0.0893166 -0.0780913 -0.0662114 -0.053898 -0.0420508 0 -0.0212634 -0.0119734 -0.00349 0.00398767 0.0102209 0.0151727 0.018974 0.0220729 0.0249492 0.0277512 0.030526 0.0332682 0.0360159 0.0388929 0.0420651 0.0457313 0.0500158 0.0549484 0.0602422 0.0654892 0.0704819 0.0750441 0.078879 0.0817534 0.0836306 0.0844448 0.0840498 0.0823191 0.0791506 0.0744202 0.0680583 0.0605148 0.0523885 0.0438712 0.0350146 0.0258083 0.0163419
