data_raster/melanesia/PNMC_current_2021/202106_North.grd
DSAA																																																																																																																																																																																																																																																																																																																																																																																																																											
412	268																																																																																																																																																																																																																																																																																																																																																																																																																										
156	174.5																																																																																																																																																																																																																																																																																																																																																																																																																										
-26.5	-14.5																																																																																																																																																																																																																																																																																																																																																																																																																										
-0.406378	0.380601																																																																																																																																																																																																																																																																																																																																																																																																																										
[rows 208 to 233 of 268, columns 0 to 58 of 412]
-0.04847 -0.0546586 -0.0603145 -0.0650645 -0.0689471 -0.0720649 -0.0745128 -0.0761928 -0.0768131 -0.0764958 -0.0756624 -0.0744458 -0.0728389 -0.0709217 -0.068882 -0.0671814 -0.0661228 -0.0655024 -0.0649623 -0.0640361 -0.0626954 -0.0613568 -0.0601924 -0.0591604 -0.0580028 -0.056459 -0.0547428 -0.0530346 -0.0509557 -0.0483109 -0.0455041 -0.0428437 -0.0403991 -0.0381158 -0.0358297 -0.0332664 -0.0301936 -0.0271231 -0.0246613 -0.0224732 -0.0201892 -0.0180542 -0.0161454 -0.0140456 -0.0116124 -0.00909133 -0.0064302 -0.00332648 0.000330023 0.00451337 0.00905899 0.0138252 0.0189547 0.0244894 0.0300534 0.0352194 0.0395905 0.0430226 0.0456516
-0.0549638 -0.0614063 -0.0672598 -0.072109 -0.0759873 -0.0790075 -0.0812917 -0.0828296 -0.0834747 -0.0833458 -0.0827325 -0.0815478 -0.079566 -0.0769071 -0.0739066 -0.071241 -0.0693381 -0.0678798 -0.0664675 -0.0647542 -0.062756 -0.0608491 -0.059241 -0.0579845 -0.056937 -0.0559111 -0.0549437 -0.0540067 -0.0526533 -0.0505609 -0.0478337 -0.0447394 -0.0416889 -0.0389197 -0.0364582 -0.0338973 -0.0307169 -0.0274627 -0.0248866 -0.0226933 -0.020492 -0.0184153 -0.0164884 -0.014381 -0.012019 -0.00967249 -0.00727677 -0.00448493 -0.00110763 0.00291294 0.00740862 0.0121765 0.0172018 0.0224707 0.0278567 0.0330881 0.0376909 0.0414603 0.0445089
-0.0621206 -0.0693253 -0.075897 -0.0813379 -0.0854994 -0.0883753 -0.090109 -0.0908736 -0.0908669 -0.0903918 -0.0897682 -0.0887477 -0.0868672 -0.0841288 -0.0808025 -0.0775355 -0.0747542 -0.0721861 -0.0695781 -0.0668601 -0.0640726 -0.0613649 -0.0590236 -0.0573644 -0.0562053 -0.0552078 -0.0544142 -0.0538375 -0.0530321 -0.0515622 -0.0492021 -0.0460401 -0.0425588 -0.0392227 -0.0363926 -0.0337523 -0.0307087 -0.0276763 -0.0253028 -0.023408 -0.0216611 -0.0199381 -0.0181276 -0.0160815 -0.0138445 -0.0116815 -0.00947191 -0.00678801 -0.00347175 0.000464746 0.00493556 0.0098028 0.0148321 0.0198655 0.0249887 0.0301029 0.0347527 0.038705 0.0420098
-0.0691807 -0.0775754 -0.0853741 -0.0920354 -0.0971606 -0.100483 -0.101931 -0.101734 -0.100455 -0.0987652 -0.0973193 -0.0959573 -0.0941503 -0.0916944 -0.0885986 -0.0852272 -0.0818456 -0.078313 -0.074584 -0.0708409 -0.0671521 -0.0634814 -0.0602264 -0.0579769 -0.0564164 -0.0549499 -0.0537099 -0.0528834 -0.0521254 -0.051006 -0.0491397 -0.0463697 -0.0428634 -0.0391338 -0.0359281 -0.0332426 -0.0306709 -0.0283278 -0.0264726 -0.0250327 -0.0238139 -0.0225335 -0.0209872 -0.0191457 -0.0171119 -0.0151044 -0.0129318 -0.0101021 -0.00660796 -0.00267879 0.00171494 0.00659998 0.0116185 0.0164885 0.0213436 0.0261882 0.0307132 0.0346956 0.038048
-0.074929 -0.0846486 -0.0939507 -0.102367 -0.1093 -0.114189 -0.116583 -0.116404 -0.114028 -0.110399 -0.106793 -0.103702 -0.101123 -0.0986574 -0.0958774 -0.0927424 -0.0892555 -0.0853259 -0.0809987 -0.0765389 -0.0720253 -0.0673676 -0.0630348 -0.0597711 -0.0573589 -0.0552333 -0.0533569 -0.051806 -0.0505046 -0.0492662 -0.0477374 -0.0455788 -0.0425273 -0.0389182 -0.035595 -0.032899 -0.0308216 -0.029209 -0.0278924 -0.0268918 -0.0261654 -0.0253564 -0.024195 -0.0226715 -0.0208401 -0.0187861 -0.0163797 -0.0133486 -0.00980273 -0.00600846 -0.00185512 0.00279614 0.00764976 0.0124136 0.0170628 0.0215749 0.0258621 0.0297563 0.033023
-0.0789992 -0.0898831 -0.100582 -0.110778 -0.119813 -0.126969 -0.131521 -0.132868 -0.130627 -0.125556 -0.119279 -0.113252 -0.108591 -0.105101 -0.102168 -0.0993046 -0.0961195 -0.0923789 -0.0880357 -0.0832896 -0.0782036 -0.0727173 -0.0672857 -0.0626502 -0.0589271 -0.0559136 -0.0532927 -0.0508359 -0.0487013 -0.0469851 -0.0454978 -0.0438608 -0.0415126 -0.0384717 -0.0353107 -0.0326111 -0.0308376 -0.0297133 -0.0287759 -0.0281042 -0.0277685 -0.0274058 -0.0266988 -0.0255521 -0.0238847 -0.0216134 -0.0188001 -0.0156281 -0.012269 -0.00883989 -0.00517906 -0.00109586 0.00331325 0.00785954 0.0122982 0.0164962 0.0205129 0.0242327 0.0273436
-0.0817276 -0.0933517 -0.104898 -0.116164 -0.12662 -0.135702 -0.142858 -0.147147 -0.14725 -0.14299 -0.135238 -0.126092 -0.117999 -0.111856 -0.107746 -0.104782 -0.102 -0.0987682 -0.0947753 -0.090129 -0.0848538 -0.0788826 -0.0725552 -0.06648 -0.0611146 -0.0567364 -0.0530994 -0.0498997 -0.0471525 -0.0449085 -0.0431571 -0.0416505 -0.0398389 -0.0374599 -0.0345889 -0.0318615 -0.0301047 -0.0290981 -0.0283184 -0.0278386 -0.0277501 -0.0277449 -0.0274843 -0.026702 -0.0251635 -0.0226902 -0.0195504 -0.0163475 -0.0133292 -0.0104976 -0.00762555 -0.00444427 -0.000852942 0.0031124 0.00717702 0.0111283 0.0149124 0.018388 0.0213103
-0.0840597 -0.0959508 -0.107709 -0.119162 -0.130038 -0.140139 -0.149391 -0.156841 -0.160544 -0.159155 -0.152111 -0.141271 -0.129661 -0.119789 -0.113298 -0.109409 -0.106808 -0.104192 -0.100756 -0.0964505 -0.0912514 -0.0851101 -0.0782016 -0.0708973 -0.0638709 -0.0578252 -0.0529186 -0.0490624 -0.0459166 -0.043241 -0.0410967 -0.0393961 -0.0377937 -0.035888 -0.033322 -0.0306248 -0.0287396 -0.0276304 -0.0269225 -0.0265639 -0.0265356 -0.0266652 -0.026678 -0.0261629 -0.0247777 -0.0223167 -0.0191533 -0.0160911 -0.0134684 -0.0113054 -0.00933826 -0.00722739 -0.0047454 -0.00176853 0.00163493 0.00525826 0.00872063 0.0117935 0.0144337
-0.0870503 -0.0988404 -0.110309 -0.121224 -0.131583 -0.141562 -0.151544 -0.160887 -0.167741 -0.170124 -0.166253 -0.156578 -0.143055 -0.12953 -0.119586 -0.113587 -0.11063 -0.108541 -0.105744 -0.101865 -0.0968197 -0.090714 -0.0835842 -0.0754927 -0.067142 -0.0594766 -0.053154 -0.0484752 -0.0449018 -0.0419346 -0.0394912 -0.0374875 -0.0357571 -0.0339488 -0.0316145 -0.0290939 -0.0271438 -0.02596 -0.0254437 -0.0252498 -0.0250898 -0.0250178 -0.0249663 -0.0245369 -0.0233806 -0.0212832 -0.0185444 -0.0158584 -0.0136295 -0.0120286 -0.010847 -0.00975355 -0.00848665 -0.00678736 -0.00436772 -0.00133928 0.0015378 0.00394539 0.00611001
-0.0908291 -0.102516 -0.113595 -0.123676 -0.132947 -0.141889 -0.151309 -0.161074 -0.169886 -0.175675 -0.175956 -0.169457 -0.156266 -0.140451 -0.126783 -0.117687 -0.113617 -0.111698 -0.109534 -0.106197 -0.101449 -0.095602 -0.0885952 -0.0801915 -0.0709714 -0.0619228 -0.0541393 -0.0483708 -0.0441897 -0.0410023 -0.0383522 -0.03599 -0.0339172 -0.0319359 -0.0296905 -0.0273337 -0.0253399 -0.0241691 -0.0240433 -0.0241879 -0.0239051 -0.0234618 -0.0230622 -0.0224897 -0.0215048 -0.0199167 -0.0178851 -0.0158544 -0.0142036 -0.0132033 -0.0127243 -0.0124944 -0.0122644 -0.0117023 -0.0102646 -0.00798584 -0.00588103 -0.00432295 -0.00288396
-0.0951291 -0.107009 -0.117946 -0.127322 -0.135369 -0.142777 -0.150769 -0.159759 -0.169093 -0.176957 -0.180702 -0.177955 -0.167257 -0.151369 -0.13465 -0.121971 -0.115918 -0.11357 -0.111973 -0.109366 -0.105157 -0.0998215 -0.0932483 -0.0849819 -0.0753814 -0.0652984 -0.056108 -0.048975 -0.0438991 -0.0404079 -0.0375373 -0.0347758 -0.0323042 -0.0300656 -0.0277644 -0.0254368 -0.0233919 -0.0223337 -0.0227397 -0.0233971 -0.0231663 -0.0223901 -0.0214926 -0.020573 -0.019604 -0.0184572 -0.0172107 -0.0161166 -0.0153871 -0.0151692 -0.0153696 -0.0157936 -0.0162006 -0.0162629 -0.0154736 -0.0138995 -0.0125723 -0.0118643 -0.0113138
-0.0993531 -0.111515 -0.122463 -0.131369 -0.138411 -0.144347 -0.150636 -0.158166 -0.166992 -0.175733 -0.181876 -0.182495 -0.175085 -0.160611 -0.142194 -0.126356 -0.117616 -0.114147 -0.113078 -0.111387 -0.107887 -0.103252 -0.0973936 -0.0897044 -0.0802194 -0.0694827 -0.0590363 -0.0504035 -0.0440877 -0.0398859 -0.0365665 -0.0334224 -0.0306323 -0.0281933 -0.0258923 -0.023728 -0.0219072 -0.0211141 -0.0218206 -0.0227172 -0.0225431 -0.0215224 -0.0201427 -0.0188962 -0.0180021 -0.0173499 -0.0169626 -0.0169724 -0.0173209 -0.0178596 -0.0185627 -0.0193975 -0.0201295 -0.0204517 -0.0200046 -0.0189169 -0.0181113 -0.017916 -0.0179009
-0.103043 -0.115348 -0.1263 -0.134951 -0.141395 -0.146316 -0.151111 -0.156979 -0.164703 -0.17341 -0.180853 -0.183875 -0.179355 -0.166902 -0.14841 -0.130538 -0.118796 -0.113609 -0.112957 -0.112276 -0.109599 -0.105802 -0.100873 -0.0941249 -0.0851961 -0.0741931 -0.062743 -0.0526503 -0.0448126 -0.0393684 -0.0352711 -0.0317979 -0.0288708 -0.026418 -0.0243374 -0.0226258 -0.0213766 -0.0209183 -0.0214266 -0.0219911 -0.0217107 -0.0205351 -0.0188346 -0.0174676 -0.0168565 -0.0168272 -0.0173389 -0.0184509 -0.0198088 -0.020918 -0.0218604 -0.0228341 -0.0236535 -0.0240413 -0.0237282 -0.0228533 -0.0222069 -0.0220315 -0.0218796
-0.106195 -0.118451 -0.129306 -0.137763 -0.143877 -0.148204 -0.151884 -0.156206 -0.162466 -0.170354 -0.178142 -0.182655 -0.180383 -0.170062 -0.152608 -0.133877 -0.119577 -0.112505 -0.111846 -0.112008 -0.110323 -0.107511 -0.103581 -0.0979158 -0.0898093 -0.0789133 -0.0668227 -0.0554947 -0.0461568 -0.0393183 -0.0343112 -0.0305351 -0.027685 -0.0255257 -0.0238748 -0.022639 -0.0217867 -0.0213383 -0.0212545 -0.0211457 -0.0205854 -0.0193124 -0.0175376 -0.0162704 -0.0160173 -0.0165642 -0.0178252 -0.0198024 -0.021951 -0.0235424 -0.0246148 -0.0254299 -0.0260058 -0.0262508 -0.025951 -0.0252013 -0.0246164 -0.0242771 -0.0236202
-0.108824 -0.120798 -0.131391 -0.139619 -0.145528 -0.149557 -0.152547 -0.15569 -0.160456 -0.167049 -0.174444 -0.179571 -0.178681 -0.170137 -0.154266 -0.135781 -0.11999 -0.11129 -0.110017 -0.110607 -0.110012 -0.108301 -0.105381 -0.100868 -0.093783 -0.083334 -0.0709904 -0.0587615 -0.0481701 -0.0400902 -0.0342559 -0.0302499 -0.0276388 -0.0259678 -0.0247785 -0.0237796 -0.0228057 -0.0218335 -0.0208898 -0.0199652 -0.0189679 -0.0176077 -0.015995 -0.015025 -0.0151435 -0.0161424 -0.0179094 -0.020394 -0.0230292 -0.0250494 -0.0262567 -0.0267306 -0.0267962 -0.0266902 -0.0262859 -0.0256287 -0.0251189 -0.0246427 -0.0235032
-0.110877 -0.122281 -0.132429 -0.140405 -0.146158 -0.150004 -0.152656 -0.155174 -0.158915 -0.164327 -0.170872 -0.175644 -0.174923 -0.167295 -0.153065 -0.135788 -0.119907 -0.110189 -0.107763 -0.108184 -0.108514 -0.107905 -0.106086 -0.102959 -0.0972073 -0.0874908 -0.0751839 -0.0623835 -0.0508427 -0.0417654 -0.0353566 -0.0313439 -0.0289706 -0.0275427 -0.0264697 -0.0252998 -0.0237233 -0.0218221 -0.0198395 -0.0180116 -0.016455 -0.0149638 -0.0136149 -0.0130946 -0.0136915 -0.0151277 -0.017236 -0.0199313 -0.0227459 -0.0250335 -0.0263873 -0.0266472 -0.0262564 -0.0256554 -0.0249202 -0.0241479 -0.0235487 -0.02294 -0.0217193
-0.112149 -0.122835 -0.132495 -0.140304 -0.14596 -0.149631 -0.152161 -0.154539 -0.157808 -0.162373 -0.167872 -0.171528 -0.169817 -0.162036 -0.148998 -0.133443 -0.118787 -0.10898 -0.105367 -0.105202 -0.106076 -0.106371 -0.105666 -0.104115 -0.099996 -0.0913482 -0.0793955 -0.0662882 -0.0540218 -0.0441367 -0.0372829 -0.033273 -0.0309319 -0.0293439 -0.0279097 -0.0261234 -0.0236171 -0.0206206 -0.0175992 -0.0149575 -0.0129402 -0.0113943 -0.0103631 -0.0103641 -0.0115211 -0.0134176 -0.0157887 -0.0185048 -0.0212352 -0.0235337 -0.0249528 -0.0252033 -0.0246024 -0.0235689 -0.0224109 -0.0213502 -0.0204882 -0.0197347 -0.0188098
-0.11232 -0.122476 -0.131877 -0.139777 -0.145468 -0.148948 -0.151403 -0.153829 -0.156848 -0.160726 -0.165186 -0.167446 -0.164058 -0.155158 -0.142388 -0.128354 -0.115761 -0.107036 -0.103061 -0.102403 -0.103322 -0.104069 -0.104267 -0.104207 -0.101859 -0.0947528 -0.0836231 -0.0703607 -0.0573951 -0.0467132 -0.0391557 -0.0346162 -0.0318868 -0.0298841 -0.0277499 -0.0250063 -0.021486 -0.0175412 -0.0137413 -0.0106631 -0.00864973 -0.00739002 -0.00677472 -0.00726161 -0.00891425 -0.0112409 -0.0138683 -0.0165495 -0.0190241 -0.02102 -0.0222574 -0.0225406 -0.0220103 -0.0209217 -0.0196143 -0.0183509 -0.0172455 -0.0163611 -0.0157209
-0.11152 -0.121553 -0.130989 -0.139107 -0.14488 -0.148214 -0.15066 -0.153215 -0.156042 -0.15923 -0.162559 -0.163213 -0.157797 -0.147199 -0.133931 -0.121005 -0.110804 -0.103999 -0.100565 -0.099762 -0.100473 -0.101337 -0.102156 -0.103242 -0.102524 -0.0973189 -0.0874588 -0.0741357 -0.0603858 -0.0487822 -0.0401879 -0.034604 -0.0311219 -0.0285691 -0.0256638 -0.0219695 -0.0176281 -0.0130702 -0.00887239 -0.0057375 -0.00406425 -0.00331251 -0.003186 -0.00412288 -0.00617414 -0.00882083 -0.0116422 -0.0143289 -0.0165657 -0.0180845 -0.0189313 -0.0192317 -0.0189649 -0.0181623 -0.0170709 -0.015927 -0.0148964 -0.014154 -0.0138952
-0.110256 -0.120663 -0.130335 -0.138483 -0.144201 -0.147532 -0.150155 -0.152921 -0.155561 -0.157927 -0.159754 -0.15841 -0.150843 -0.138517 -0.124563 -0.11248 -0.104501 -0.0997655 -0.0973337 -0.0967911 -0.0974667 -0.0984426 -0.0996394 -0.10132 -0.101757 -0.0985078 -0.0902012 -0.0769254 -0.0623057 -0.0495806 -0.0397553 -0.0329874 -0.0286221 -0.0254824 -0.022053 -0.0178654 -0.0131542 -0.00839263 -0.00416983 -0.00116406 0.000250028 0.000608617 0.000243533 -0.00116673 -0.0035652 -0.00635614 -0.00920743 -0.0119975 -0.0142299 -0.0153535 -0.0157895 -0.0161218 -0.0161665 -0.0157424 -0.0151314 -0.0145942 -0.0142423 -0.0142407 -0.0148247
-0.109496 -0.120552 -0.130472 -0.138337 -0.143789 -0.147208 -0.150044 -0.152887 -0.155224 -0.156619 -0.156557 -0.152849 -0.143191 -0.129494 -0.115178 -0.103877 -0.0976226 -0.0946755 -0.0934641 -0.0934832 -0.0942695 -0.0953451 -0.0967011 -0.0984845 -0.0994933 -0.097798 -0.0910206 -0.0781601 -0.0629624 -0.0490498 -0.0378625 -0.0298973 -0.0246897 -0.0210917 -0.0174768 -0.0132662 -0.00859752 -0.00391373 0.000199892 0.00307509 0.00431918 0.00436845 0.00353955 0.00167618 -0.00103952 -0.00396871 -0.00688413 -0.00985354 -0.0122245 -0.0131837 -0.013434 -0.0139198 -0.0143391 -0.0143746 -0.0144133 -0.0147521 -0.0153668 -0.0163414 -0.0178914
-0.110303 -0.121871 -0.131804 -0.139042 -0.144012 -0.147479 -0.150356 -0.152926 -0.154719 -0.154992 -0.152762 -0.146487 -0.13497 -0.120511 -0.106533 -0.0961529 -0.0909763 -0.0892861 -0.0893281 -0.0900255 -0.0908728 -0.0919004 -0.0931947 -0.09476 -0.0957915 -0.0948525 -0.0892674 -0.077444 -0.0623772 -0.0474238 -0.034815 -0.025682 -0.0197906 -0.0159958 -0.0124921 -0.00854573 -0.00415989 0.000352597 0.00447225 0.00732559 0.00833126 0.00798809 0.00672051 0.00448039 0.00146082 -0.00180066 -0.00504223 -0.0081956 -0.0106497 -0.011725 -0.0121973 -0.0130476 -0.0139572 -0.0145934 -0.0153604 -0.0165148 -0.0178912 -0.0195066 -0.0215821
-0.113158 -0.124478 -0.133852 -0.140171 -0.144475 -0.147812 -0.150632 -0.152864 -0.153884 -0.152714 -0.148171 -0.139463 -0.126495 -0.111866 -0.0988219 -0.0895874 -0.085162 -0.0842421 -0.085201 -0.0864502 -0.0873292 -0.0881298 -0.0890681 -0.0901964 -0.0909447 -0.0901797 -0.0854322 -0.0749477 -0.0604987 -0.0447882 -0.0309796 -0.0209174 -0.0145047 -0.0106039 -0.00732729 -0.00377752 0.000241285 0.00452101 0.0085577 0.0112794 0.0119389 0.0111216 0.00936702 0.0067116 0.00335121 -0.000261523 -0.00379297 -0.00700162 -0.0094412 -0.0107306 -0.0115885 -0.0128535 -0.0142484 -0.0154962 -0.0169814 -0.0188651 -0.0207853 -0.0226642 -0.0247419
-0.117643 -0.12763 -0.135766 -0.14105 -0.144667 -0.147707 -0.150485 -0.152519 -0.15252 -0.149452 -0.142588 -0.131895 -0.118066 -0.103835 -0.0921599 -0.0843108 -0.080607 -0.0800364 -0.0812461 -0.0826786 -0.0835654 -0.0839916 -0.0842928 -0.0848476 -0.0852186 -0.0843635 -0.0801585 -0.0708937 -0.0572027 -0.0411239 -0.0265986 -0.0160087 -0.00922428 -0.00516015 -0.00207447 0.00106264 0.00471487 0.00865161 0.012261 0.0145242 0.0147453 0.0134352 0.0111142 0.00794135 0.0042224 0.00047995 -0.00297865 -0.00602234 -0.00836884 -0.00979089 -0.0109263 -0.0124922 -0.0142707 -0.0160493 -0.0181803 -0.0207015 -0.0230061 -0.0248813 -0.0265747
-0.121079 -0.129475 -0.136374 -0.141001 -0.144424 -0.147503 -0.150209 -0.151663 -0.150167 -0.144897 -0.135826 -0.123673 -0.109765 -0.0967112 -0.0869328 -0.0806248 -0.0773912 -0.0766059 -0.0773696 -0.0784352 -0.0790605 -0.0790916 -0.078825 -0.0787527 -0.0785762 -0.0774296 -0.0734947 -0.0651353 -0.0522086 -0.0362282 -0.021469 -0.010615 -0.00364933 0.000426578 0.00329014 0.00602133 0.00918545 0.012516 0.0153664 0.0169409 0.0167071 0.0149813 0.0121815 0.00864559 0.00481669 0.0012567 -0.00184786 -0.00460332 -0.00684227 -0.00836182 -0.00970875 -0.011523 -0.0137271 -0.0161612 -0.0188852 -0.0217256 -0.0240845 -0.0257729 -0.0270673
-0.122256 -0.129546 -0.135715 -0.140209 -0.143925 -0.147306 -0.149606 -0.149699 -0.146218 -0.138796 -0.127956 -0.115063 -0.101969 -0.0908692 -0.083358 -0.0785114 -0.0752984 -0.0737192 -0.0734795 -0.0736289 -0.0735873 -0.0732304 -0.0726287 -0.0719368 -0.0710164 -0.0693681 -0.0654032 -0.057546 -0.0453184 -0.0298892 -0.0153344 -0.00441216 0.00248402 0.0062531 0.00876424 0.011054 0.0135206 0.0159478 0.017856 0.0187238 0.0181686 0.0162266 0.0131735 0.00958875 0.00601374 0.0028782 0.000208459 -0.00226417 -0.00444259 -0.0061244 -0.00774973 -0.00988002 -0.0126193 -0.0158293 -0.0190449 -0.0218496 -0.0239998 -0.0255319 -0.0267513
