data_raster/melanesia/PNMC_current_2021/202111_North.grd
DSAA																																																																																																																																																																																																																																																																																																																																																																																																																											
412	268																																																																																																																																																																																																																																																																																																																																																																																																																										
156	174.5																																																																																																																																																																																																																																																																																																																																																																																																																										
-26.5	-14.5																																																																																																																																																																																																																																																																																																																																																																																																																										
-0.589466	0.494958																																																																																																																																																																																																																																																																																																																																																																																																																										
[rows 54 to 80 of 268, columns 240 to 299 of 412]
-0.212221 -0.21269 -0.216673 -0.223778 -0.231797 -0.236934 -0.237397 -0.233146 -0.226087 -0.218795 -0.212491 -0.207935 -0.205776 -0.206305 -0.209084 -0.213454 -0.218545 -0.222909 -0.224662 -0.223215 -0.218895 -0.212437 -0.204715 -0.196434 -0.188223 -0.180607 -0.174039 -0.168854 -0.165056 -0.162249 -0.160031 -0.158068 -0.156479 -0.155526 -0.154647 -0.15313 -0.150927 -0.147972 -0.143732 -0.137997 -0.131233 -0.123687 -0.115304 -0.106407 -0.0975784 -0.0890106 -0.0807154 -0.0728762 -0.0655903 -0.058439 -0.050811 -0.0419427 -0.0327571 -0.0267087 -0.025274 -0.0276345 -0.032654 -0.0388943 -0.0437189 -0.0444496
-0.209918 -0.207307 -0.20825 -0.214 -0.222862 -0.230286 -0.233578 -0.231751 -0.225873 -0.217987 -0.210066 -0.203784 -0.199883 -0.198744 -0.200362 -0.204302 -0.209576 -0.215002 -0.219289 -0.221591 -0.221422 -0.218771 -0.213918 -0.207539 -0.200383 -0.193086 -0.186301 -0.180734 -0.176633 -0.173638 -0.171292 -0.169112 -0.166907 -0.16463 -0.162093 -0.159138 -0.155945 -0.15253 -0.148257 -0.142794 -0.13648 -0.129342 -0.12102 -0.111974 -0.103191 -0.0945186 -0.0853345 -0.0757804 -0.066186 -0.0566119 -0.0470315 -0.0373779 -0.0288558 -0.0245349 -0.0253067 -0.0296597 -0.0363019 -0.0440027 -0.0502019 -0.0521743
-0.205866 -0.201054 -0.198984 -0.202472 -0.210819 -0.219675 -0.22583 -0.22727 -0.223956 -0.217013 -0.20868 -0.20113 -0.195169 -0.191468 -0.190983 -0.193745 -0.198428 -0.203994 -0.209771 -0.214909 -0.218476 -0.219804 -0.218508 -0.214923 -0.209611 -0.203205 -0.196523 -0.190691 -0.186263 -0.183001 -0.180469 -0.178107 -0.175357 -0.171777 -0.167634 -0.163404 -0.159296 -0.155262 -0.15076 -0.145549 -0.14002 -0.134025 -0.126795 -0.118689 -0.110831 -0.103048 -0.0945705 -0.0851665 -0.0748708 -0.0640128 -0.05311 -0.0429712 -0.0349164 -0.0309137 -0.031197 -0.0341886 -0.0388551 -0.044488 -0.0494728 -0.0520277
-0.199141 -0.193311 -0.189041 -0.190057 -0.196724 -0.205739 -0.21395 -0.218648 -0.218772 -0.2144 -0.207352 -0.199634 -0.192063 -0.185682 -0.182517 -0.183285 -0.186669 -0.191665 -0.197715 -0.20417 -0.210269 -0.214988 -0.217342 -0.217044 -0.214173 -0.209309 -0.203358 -0.197665 -0.193041 -0.18953 -0.186824 -0.184334 -0.181265 -0.176918 -0.171928 -0.167205 -0.162709 -0.158199 -0.153528 -0.148758 -0.144252 -0.139733 -0.134228 -0.127844 -0.121454 -0.114954 -0.107779 -0.0997199 -0.0907049 -0.0807042 -0.070061 -0.0599514 -0.051509 -0.0455884 -0.0421419 -0.040252 -0.0395202 -0.0399166 -0.0412211 -0.0431737
-0.189456 -0.182825 -0.177278 -0.176849 -0.182249 -0.190521 -0.199115 -0.205965 -0.20946 -0.208584 -0.204243 -0.197783 -0.189966 -0.182009 -0.176317 -0.174277 -0.17558 -0.179407 -0.184626 -0.19075 -0.197616 -0.204296 -0.209591 -0.212587 -0.212719 -0.210198 -0.205731 -0.200697 -0.19614 -0.192555 -0.18985 -0.187433 -0.184403 -0.179953 -0.174937 -0.170492 -0.166328 -0.162056 -0.157966 -0.1543 -0.151027 -0.147741 -0.143689 -0.138932 -0.134103 -0.129121 -0.123565 -0.117238 -0.109969 -0.101403 -0.0915585 -0.0814149 -0.0718415 -0.0633181 -0.0558847 -0.049193 -0.0433266 -0.0386867 -0.0356858 -0.0347676
-0.17668 -0.169209 -0.162907 -0.162027 -0.167102 -0.174643 -0.182692 -0.190455 -0.196411 -0.198967 -0.198038 -0.194065 -0.187626 -0.17976 -0.172422 -0.167409 -0.166059 -0.168057 -0.17163 -0.176273 -0.182253 -0.189178 -0.19624 -0.202077 -0.205438 -0.205862 -0.203567 -0.199788 -0.195747 -0.192457 -0.190081 -0.18803 -0.185403 -0.181403 -0.17697 -0.173314 -0.170049 -0.166755 -0.163944 -0.161818 -0.159799 -0.157426 -0.154486 -0.151204 -0.148063 -0.144865 -0.141091 -0.136427 -0.130584 -0.123118 -0.113851 -0.103301 -0.0921808 -0.0813403 -0.0710717 -0.0611184 -0.051711 -0.0434007 -0.0364266 -0.031028
-0.160829 -0.152936 -0.145651 -0.144098 -0.14921 -0.157263 -0.16596 -0.174226 -0.181167 -0.186 -0.188134 -0.187197 -0.183345 -0.177116 -0.169662 -0.162713 -0.158636 -0.157974 -0.159506 -0.162496 -0.166663 -0.172391 -0.179939 -0.187741 -0.19395 -0.197396 -0.197709 -0.195817 -0.19296 -0.190543 -0.188933 -0.187561 -0.185589 -0.182306 -0.178664 -0.175882 -0.173644 -0.171555 -0.169976 -0.168974 -0.167908 -0.166515 -0.16505 -0.163779 -0.162885 -0.161873 -0.159971 -0.156829 -0.15216 -0.145397 -0.136203 -0.12492 -0.11233 -0.0997022 -0.0874162 -0.0749419 -0.0625061 -0.0508395 -0.0402312 -0.0309335
-0.142421 -0.134493 -0.126146 -0.123309 -0.127927 -0.137246 -0.148153 -0.15773 -0.1654 -0.171559 -0.175798 -0.177559 -0.176657 -0.173091 -0.167109 -0.159846 -0.153615 -0.149876 -0.149069 -0.150346 -0.152368 -0.15611 -0.162948 -0.171521 -0.179771 -0.185882 -0.188883 -0.189342 -0.188349 -0.187389 -0.186909 -0.186416 -0.185225 -0.182793 -0.180039 -0.178112 -0.176802 -0.175731 -0.174971 -0.174514 -0.17412 -0.17388 -0.174273 -0.175393 -0.176963 -0.178251 -0.17838 -0.176972 -0.173689 -0.167726 -0.158617 -0.146911 -0.133544 -0.11979 -0.105916 -0.091203 -0.0759359 -0.0610909 -0.0472689 -0.035012
-0.122236 -0.114315 -0.105493 -0.100987 -0.103746 -0.113644 -0.127466 -0.140269 -0.150426 -0.157991 -0.163253 -0.166515 -0.1679 -0.167258 -0.163963 -0.158122 -0.151009 -0.144561 -0.141053 -0.140128 -0.140072 -0.141821 -0.146981 -0.154939 -0.164157 -0.172243 -0.177631 -0.180642 -0.182074 -0.183018 -0.183831 -0.184208 -0.183767 -0.18227 -0.180555 -0.179574 -0.179055 -0.178589 -0.178205 -0.178036 -0.17827 -0.179255 -0.181463 -0.184687 -0.188197 -0.191423 -0.193864 -0.194902 -0.19379 -0.189457 -0.181378 -0.170443 -0.157575 -0.14342 -0.128113 -0.111349 -0.0937006 -0.0763033 -0.0597963 -0.0447341
-0.100639 -0.0925915 -0.0839543 -0.0780564 -0.078388 -0.0879106 -0.104075 -0.120711 -0.134668 -0.144645 -0.151046 -0.154888 -0.157415 -0.159155 -0.159024 -0.156028 -0.149702 -0.141689 -0.135403 -0.131556 -0.12925 -0.129023 -0.131897 -0.138177 -0.147259 -0.156479 -0.163892 -0.169634 -0.173981 -0.177091 -0.179065 -0.179972 -0.179938 -0.179212 -0.178578 -0.17873 -0.179188 -0.17942 -0.179542 -0.179863 -0.180861 -0.182987 -0.186601 -0.191333 -0.196316 -0.201295 -0.206186 -0.210034 -0.211606 -0.209747 -0.20393 -0.195022 -0.183661 -0.169846 -0.153708 -0.135607 -0.116362 -0.0970406 -0.0781571 -0.0602126
-0.0782272 -0.0698307 -0.0617393 -0.0552747 -0.0537763 -0.0621551 -0.0788947 -0.0980142 -0.11573 -0.129639 -0.138676 -0.143032 -0.145615 -0.148558 -0.151142 -0.151711 -0.147919 -0.140223 -0.131737 -0.124387 -0.119177 -0.116578 -0.116941 -0.121085 -0.129101 -0.13859 -0.147664 -0.156259 -0.163867 -0.169206 -0.171966 -0.172751 -0.17244 -0.17203 -0.17237 -0.173931 -0.175933 -0.177606 -0.17901 -0.180464 -0.182497 -0.185562 -0.189975 -0.19558 -0.20189 -0.208746 -0.215977 -0.222407 -0.226652 -0.227812 -0.225367 -0.219408 -0.210049 -0.19732 -0.181557 -0.163421 -0.143623 -0.122879 -0.101724 -0.0809266
-0.0574916 -0.0484514 -0.0404722 -0.033491 -0.0303779 -0.036738 -0.0522671 -0.0723584 -0.0931809 -0.111417 -0.124197 -0.130277 -0.133262 -0.136427 -0.140204 -0.143395 -0.143087 -0.138223 -0.129755 -0.119701 -0.110625 -0.10435 -0.102189 -0.104613 -0.111306 -0.120367 -0.13037 -0.141295 -0.151923 -0.159392 -0.162717 -0.162729 -0.161291 -0.160649 -0.161868 -0.165174 -0.169263 -0.172939 -0.176275 -0.179535 -0.182965 -0.186944 -0.19198 -0.198256 -0.205689 -0.214171 -0.223414 -0.232177 -0.239097 -0.24352 -0.244853 -0.242292 -0.235449 -0.224625 -0.210309 -0.193125 -0.173573 -0.152093 -0.129288 -0.106179
-0.040735 -0.0309263 -0.0222145 -0.014135 -0.00915002 -0.0126141 -0.0254534 -0.0451203 -0.0678662 -0.089481 -0.106197 -0.115797 -0.120679 -0.123716 -0.126772 -0.130366 -0.133256 -0.133419 -0.128423 -0.118263 -0.104936 -0.093318 -0.0883446 -0.089621 -0.0953063 -0.103739 -0.113977 -0.12634 -0.139163 -0.148196 -0.151588 -0.149966 -0.14644 -0.145093 -0.147271 -0.152759 -0.159373 -0.16529 -0.170895 -0.176508 -0.181768 -0.186901 -0.192854 -0.200005 -0.208282 -0.217803 -0.228586 -0.239474 -0.249089 -0.256699 -0.261529 -0.262397 -0.258654 -0.250558 -0.238481 -0.222834 -0.204091 -0.182774 -0.159443 -0.135005
-0.0281394 -0.0182877 -0.00912392 -0.000250444 0.00631549 0.00607785 -0.00287863 -0.0201714 -0.0427247 -0.0661614 -0.0860368 -0.0991776 -0.106631 -0.110376 -0.11254 -0.114969 -0.118967 -0.12334 -0.12451 -0.1188 -0.103861 -0.0868748 -0.0772529 -0.075787 -0.0806542 -0.0895273 -0.100858 -0.11469 -0.128661 -0.137288 -0.138392 -0.133198 -0.126521 -0.124439 -0.128169 -0.136501 -0.146091 -0.154412 -0.162419 -0.170692 -0.178255 -0.185069 -0.192301 -0.200451 -0.209491 -0.21979 -0.231694 -0.244252 -0.256168 -0.266537 -0.274418 -0.278596 -0.278307 -0.273532 -0.264359 -0.250946 -0.233781 -0.213544 -0.190675 -0.165799
-0.0193966 -0.0106773 -0.0020873 0.00666575 0.0141013 0.0168467 0.0124214 -0.00056147 -0.0204199 -0.043661 -0.0651242 -0.0805832 -0.0905907 -0.0964315 -0.0988933 -0.0997052 -0.101958 -0.107225 -0.114934 -0.117668 -0.105848 -0.086019 -0.0702156 -0.0634834 -0.0671315 -0.0773827 -0.0907142 -0.105774 -0.118993 -0.123939 -0.119368 -0.109003 -0.0995808 -0.0983416 -0.105182 -0.11693 -0.129553 -0.140398 -0.150909 -0.161924 -0.172154 -0.18123 -0.19006 -0.199255 -0.209161 -0.220273 -0.232983 -0.246624 -0.260185 -0.272719 -0.28322 -0.290523 -0.293772 -0.292623 -0.286875 -0.276464 -0.261776 -0.243464 -0.221831 -0.197272
-0.0140127 -0.00703618 0.000487482 0.00866814 0.0164538 0.0215171 0.0212319 0.0131503 -0.00233032 -0.0229487 -0.0440017 -0.0611737 -0.0739474 -0.0823899 -0.0861891 -0.0862494 -0.0853447 -0.0877064 -0.097777 -0.107493 -0.102887 -0.0862387 -0.0669854 -0.0547399 -0.0555545 -0.0650357 -0.0779495 -0.0910081 -0.0994396 -0.0967316 -0.0843113 -0.0705422 -0.0631841 -0.0679851 -0.0811256 -0.0961215 -0.110641 -0.124053 -0.13741 -0.151107 -0.163973 -0.175497 -0.186121 -0.196509 -0.207428 -0.219406 -0.232728 -0.247065 -0.261811 -0.276117 -0.288986 -0.299214 -0.305838 -0.308328 -0.306285 -0.299446 -0.287962 -0.272239 -0.252471 -0.22895
-0.0120569 -0.00698103 -0.00061114 0.00698024 0.014956 0.0216482 0.024568 0.0209587 0.0105073 -0.0055631 -0.0242848 -0.0424094 -0.0575822 -0.0681728 -0.0737149 -0.074228 -0.0704273 -0.0677153 -0.0748105 -0.0867475 -0.0907227 -0.0824642 -0.0638375 -0.0473823 -0.0436972 -0.0490194 -0.0575902 -0.0647692 -0.0654222 -0.0541761 -0.0356645 -0.0226825 -0.0224528 -0.0370823 -0.0580621 -0.0755529 -0.0907672 -0.106546 -0.122795 -0.138873 -0.154016 -0.167803 -0.180263 -0.192023 -0.204105 -0.217003 -0.2309 -0.245799 -0.261503 -0.277333 -0.292334 -0.305174 -0.314804 -0.320692 -0.322365 -0.319385 -0.311574 -0.298947 -0.281595 -0.259795
-0.0143486 -0.0111707 -0.00598806 0.00123164 0.0097118 0.0178228 0.0232135 0.0232824 0.0174162 0.00615757 -0.0090105 -0.025965 -0.0414678 -0.0529241 -0.0595956 -0.0608129 -0.0559249 -0.049894 -0.0522171 -0.0619477 -0.071001 -0.0699251 -0.0529906 -0.033728 -0.0254189 -0.0248478 -0.0266232 -0.0268819 -0.0220032 -0.0089147 0.00719536 0.014625 0.00812701 -0.0121492 -0.0367227 -0.0556948 -0.0718695 -0.0893759 -0.107563 -0.125349 -0.14222 -0.157823 -0.171972 -0.185204 -0.198547 -0.212451 -0.227073 -0.242658 -0.259298 -0.276416 -0.2931 -0.308007 -0.320112 -0.328966 -0.334082 -0.334895 -0.330924 -0.321783 -0.307397 -0.287945
-0.0213837 -0.0197785 -0.0155754 -0.0083351 0.00120626 0.0110542 0.0187852 0.0219214 0.0197187 0.0124213 0.000998807 -0.0129405 -0.0264545 -0.0370284 -0.0436364 -0.0452538 -0.0407934 -0.0336785 -0.0312708 -0.0359557 -0.0454103 -0.047668 -0.0318765 -0.0110242 0.000959619 0.00694849 0.011426 0.0161545 0.022269 0.0302891 0.0370556 0.0365659 0.0260557 0.00574575 -0.0176684 -0.0372116 -0.0547781 -0.0732229 -0.0921538 -0.110828 -0.12879 -0.145684 -0.161278 -0.175952 -0.190518 -0.205403 -0.220855 -0.237264 -0.254844 -0.273003 -0.290853 -0.307234 -0.321278 -0.332617 -0.34079 -0.345193 -0.345105 -0.339785 -0.328917 -0.312473
-0.0330283 -0.0321803 -0.0283339 -0.0205341 -0.00936035 0.00289258 0.01346 0.0195278 0.0201631 0.015556 0.00694506 -0.00384901 -0.0141912 -0.0221032 -0.0273424 -0.0289002 -0.0245444 -0.0160428 -0.00903646 -0.00823717 -0.0155885 -0.0183447 -0.00299514 0.0186252 0.0328506 0.0414768 0.0478793 0.0531074 0.0572698 0.0595694 0.0585566 0.052331 0.0396501 0.0203589 -0.00134705 -0.0209426 -0.0393146 -0.0580411 -0.0769891 -0.0958075 -0.114237 -0.131989 -0.148764 -0.164693 -0.180242 -0.195863 -0.211999 -0.229142 -0.247533 -0.266472 -0.285065 -0.302459 -0.318014 -0.331411 -0.342268 -0.350084 -0.353955 -0.352768 -0.345962 -0.333282
-0.0459714 -0.0445346 -0.0401748 -0.0309842 -0.0177295 -0.0041346 0.00724054 0.0148598 0.0177688 0.0155892 0.00949494 0.00141901 -0.0058439 -0.0105497 -0.0135322 -0.0140238 -0.00869207 0.00174887 0.012426 0.0177229 0.0138967 0.0132556 0.0296118 0.0520604 0.0673976 0.0760175 0.0804695 0.0827007 0.0832677 0.0810551 0.0753344 0.0657776 0.0517469 0.0329292 0.0122418 -0.00707549 -0.0255003 -0.0440271 -0.0625857 -0.0810601 -0.0995368 -0.117851 -0.135547 -0.152465 -0.168725 -0.184749 -0.201137 -0.218597 -0.237521 -0.257055 -0.276203 -0.294292 -0.310854 -0.325669 -0.338577 -0.349396 -0.357116 -0.360231 -0.35791 -0.349648
-0.0548529 -0.0511386 -0.0454835 -0.0342153 -0.0191597 -0.00795231 -0.00128938 0.0048282 0.00982285 0.0112288 0.00859825 0.00288434 -0.00250395 -0.00510851 -0.00553935 -0.00328651 0.00416939 0.0161848 0.0288396 0.0373336 0.0383501 0.0426445 0.0621085 0.0861391 0.102035 0.109462 0.110803 0.109311 0.10616 0.0997946 0.0898881 0.0772434 0.0617632 0.0431564 0.0233679 0.00458881 -0.0134807 -0.0315004 -0.0494531 -0.0674176 -0.0858045 -0.104526 -0.122903 -0.140539 -0.15732 -0.173458 -0.189458 -0.206524 -0.225566 -0.245592 -0.265345 -0.283927 -0.300839 -0.316128 -0.330089 -0.343124 -0.354245 -0.361569 -0.363917 -0.360462
-0.0535005 -0.0468667 -0.0407475 -0.0303594 -0.0180134 -0.0133861 -0.0140688 -0.0100001 -0.00255678 0.00205743 0.00190354 -0.00246619 -0.0068408 -0.00777338 -0.00503522 0.00149528 0.0123141 0.026588 0.0420803 0.0554635 0.0641354 0.0754986 0.0975624 0.121425 0.136611 0.141962 0.139457 0.133784 0.126828 0.116605 0.102941 0.0873409 0.0701957 0.0514245 0.0322859 0.0141483 -0.00327206 -0.0205067 -0.0376632 -0.0550162 -0.0732167 -0.0922074 -0.111095 -0.129315 -0.146613 -0.162859 -0.178258 -0.194551 -0.213283 -0.233452 -0.253567 -0.272332 -0.289082 -0.304097 -0.318174 -0.332412 -0.346011 -0.356896 -0.363529 -0.364714
-0.0390749 -0.0306271 -0.0265326 -0.0229078 -0.0205522 -0.025156 -0.0312391 -0.0270145 -0.0169533 -0.0116892 -0.0124895 -0.0169314 -0.0203395 -0.0189728 -0.0120827 -0.000114685 0.0153845 0.033978 0.0561022 0.0788884 0.098228 0.11675 0.13822 0.158241 0.17104 0.173562 0.166316 0.155569 0.14433 0.130699 0.114345 0.0965122 0.077762 0.0583539 0.0393659 0.0218264 0.00528766 -0.0109253 -0.0271239 -0.043772 -0.0616645 -0.0807673 -0.100076 -0.118914 -0.13689 -0.153506 -0.168599 -0.184187 -0.202255 -0.221988 -0.241911 -0.260464 -0.276787 -0.291137 -0.304622 -0.318963 -0.333732 -0.346987 -0.356925 -0.361979
-0.0242847 -0.0174441 -0.0170667 -0.0198771 -0.025275 -0.0355464 -0.0444187 -0.0413124 -0.0321252 -0.0285473 -0.0305746 -0.0344945 -0.0366973 -0.0337801 -0.022803 -0.00416198 0.0173062 0.0416067 0.0729433 0.106019 0.130971 0.150496 0.170839 0.189447 0.201334 0.201715 0.190178 0.17447 0.158828 0.141882 0.123295 0.103907 0.0841573 0.0643417 0.0455001 0.0285658 0.0128908 -0.00240848 -0.0178057 -0.0338762 -0.0514538 -0.0705617 -0.090271 -0.109804 -0.128517 -0.145533 -0.160344 -0.175181 -0.192416 -0.211576 -0.2313 -0.249649 -0.265451 -0.278879 -0.291274 -0.304892 -0.319746 -0.334199 -0.346291 -0.354134
-0.0197402 -0.0186757 -0.0225933 -0.0260513 -0.0290404 -0.0373546 -0.0471918 -0.0490723 -0.0458442 -0.0449682 -0.0464488 -0.0482407 -0.0493875 -0.04699 -0.0336727 -0.00852122 0.0197355 0.0505019 0.0903438 0.129237 0.149984 0.162947 0.185181 0.209493 0.224134 0.224046 0.209789 0.190204 0.170507 0.150123 0.129233 0.108909 0.0892171 0.0698062 0.0515015 0.0351809 0.0200984 0.00528411 -0.00976154 -0.0256029 -0.04302 -0.062126 -0.0822299 -0.102457 -0.121797 -0.138982 -0.153222 -0.167086 -0.18347 -0.202305 -0.222288 -0.240794 -0.256181 -0.268643 -0.279774 -0.292275 -0.306554 -0.321283 -0.334425 -0.34386
-0.0188588 -0.0237568 -0.0323577 -0.0340045 -0.0299192 -0.0339484 -0.0448211 -0.051141 -0.0523225 -0.0526034 -0.0533646 -0.0549047 -0.0569792 -0.0565549 -0.0450111 -0.0192576 0.0149886 0.0539362 0.0956585 0.130591 0.147703 0.161495 0.190677 0.222721 0.240699 0.240585 0.224541 0.201983 0.178811 0.155409 0.132767 0.112491 0.0939124 0.0753851 0.0575789 0.041604 0.02672 0.011931 -0.00322438 -0.0192499 -0.0368463 -0.0561298 -0.076503 -0.097093 -0.116785 -0.133956 -0.147456 -0.160212 -0.175678 -0.194182 -0.214491 -0.233393 -0.248799 -0.260833 -0.271181 -0.282785 -0.296366 -0.310904 -0.324338 -0.334369
