data_raster/melanesia/PNMC_current_2021/202112_North.grd
DSAA																																																																																																																																																																																																																																																																																																																																																																																																																											
412	268																																																																																																																																																																																																																																																																																																																																																																																																																										
156	174.5																																																																																																																																																																																																																																																																																																																																																																																																																										
-26.5	-14.5																																																																																																																																																																																																																																																																																																																																																																																																																										
-0.540727	0.340313																																																																																																																																																																																																																																																																																																																																																																																																																										
[rows 208 to 233 of 268, columns 60 to 119 of 412]
0.225664 0.240889 0.255084 0.266998 0.273893 0.269909 0.253966 0.236945 0.225299 0.216563 0.207839 0.196752 0.183927 0.171814 0.161434 0.153202 0.147785 0.145477 0.145221 0.146082 0.147871 0.150384 0.153287 0.156376 0.159549 0.162537 0.16493 0.166113 0.165343 0.161705 0.154327 0.142562 0.126444 0.10715 0.0865844 0.067283 0.0502396 0.0350902 0.0207111 0.00558851 -0.0117747 -0.0320412 -0.0528256 -0.0721239 -0.0905216 -0.108863 -0.12782 -0.148567 -0.1728 -0.201767 -0.236195 -0.275378 -0.317412 -0.357802 -0.391819 -0.416672 -0.431465 -0.438483 -0.439494 -0.434946
0.230291 0.245967 0.259524 0.269808 0.2747 0.269926 0.25531 0.240657 0.231203 0.223501 0.214881 0.204291 0.192438 0.181028 0.170723 0.161841 0.155326 0.151799 0.150332 0.15005 0.150759 0.152296 0.154446 0.157072 0.160073 0.162971 0.165088 0.165974 0.165151 0.161621 0.154382 0.142802 0.126989 0.10827 0.0883932 0.0693945 0.0522179 0.0368008 0.022051 0.00637086 -0.0116034 -0.0323806 -0.0536344 -0.073418 -0.0922561 -0.111049 -0.130732 -0.152553 -0.17806 -0.208368 -0.244087 -0.28436 -0.327157 -0.368058 -0.402466 -0.427667 -0.44283 -0.450288 -0.451737 -0.447393
0.234174 0.250339 0.263087 0.271315 0.273704 0.268419 0.256406 0.244925 0.237327 0.230016 0.22116 0.211254 0.200846 0.190433 0.180389 0.171154 0.16377 0.158975 0.156071 0.154375 0.153763 0.154137 0.155349 0.157328 0.160017 0.162737 0.164526 0.165089 0.164201 0.1608 0.153806 0.142673 0.127534 0.109569 0.0903299 0.0716234 0.0543762 0.038667 0.0234312 0.00706203 -0.011657 -0.033054 -0.0547084 -0.0747178 -0.0939293 -0.113365 -0.133704 -0.15612 -0.182316 -0.213567 -0.250605 -0.292389 -0.336588 -0.378663 -0.413974 -0.439852 -0.455512 -0.463308 -0.4649 -0.460393
0.236525 0.252936 0.264703 0.270859 0.27098 0.265895 0.257544 0.249686 0.243548 0.23635 0.22744 0.21849 0.209642 0.200081 0.190142 0.180693 0.172635 0.16656 0.16209 0.158858 0.156874 0.156075 0.156256 0.157385 0.159519 0.161932 0.163529 0.163927 0.162874 0.159445 0.152725 0.142309 0.128209 0.111051 0.0921757 0.0736396 0.0563797 0.0402992 0.024409 0.00730157 -0.0121351 -0.0341281 -0.0560417 -0.0759954 -0.0954772 -0.115641 -0.136372 -0.158739 -0.18515 -0.217326 -0.256154 -0.300256 -0.346744 -0.390648 -0.427067 -0.45349 -0.469322 -0.476997 -0.478199 -0.473002
0.236067 0.252205 0.262827 0.267477 0.266745 0.263044 0.258543 0.254002 0.249145 0.24252 0.234378 0.226598 0.219 0.210182 0.200381 0.190568 0.181607 0.174108 0.168012 0.163243 0.159928 0.158025 0.15724 0.157495 0.158856 0.160746 0.162226 0.162592 0.161248 0.157664 0.151318 0.14168 0.128484 0.111961 0.0933677 0.0750268 0.0578046 0.041288 0.0246051 0.00668798 -0.0133371 -0.0355614 -0.0574549 -0.0773426 -0.0970203 -0.117594 -0.138345 -0.160476 -0.187335 -0.220962 -0.262073 -0.308928 -0.358162 -0.40414 -0.441472 -0.467939 -0.483325 -0.490289 -0.490617 -0.484346
0.23234 0.247639 0.257247 0.261401 0.261535 0.260284 0.259272 0.257324 0.253549 0.248057 0.241582 0.235274 0.22868 0.220449 0.210724 0.200363 0.190388 0.181619 0.17414 0.167985 0.163358 0.160278 0.158492 0.157864 0.158346 0.159535 0.160765 0.161027 0.159364 0.155585 0.1495 0.140399 0.127805 0.111844 0.0937222 0.0757564 0.0586357 0.0416731 0.0241362 0.0053285 -0.0152173 -0.0373555 -0.0589851 -0.078811 -0.098525 -0.119073 -0.139619 -0.161741 -0.189627 -0.225406 -0.269313 -0.319165 -0.371133 -0.4189 -0.4566 -0.48242 -0.496663 -0.502355 -0.501449 -0.493894
0.225619 0.239654 0.248825 0.253746 0.256065 0.25778 0.259633 0.25945 0.256411 0.252248 0.247965 0.243563 0.238089 0.2302 0.22023 0.209305 0.198685 0.18932 0.181094 0.173876 0.1679 0.163351 0.160297 0.158677 0.158299 0.158715 0.159278 0.159075 0.15721 0.153293 0.147015 0.137924 0.125737 0.110543 0.0933309 0.0760231 0.0590749 0.0417261 0.0233827 0.0036348 -0.0174953 -0.0395169 -0.0607831 -0.0803941 -0.0998582 -0.120071 -0.140497 -0.163144 -0.192701 -0.231229 -0.278459 -0.331481 -0.385709 -0.434428 -0.471671 -0.49611 -0.508601 -0.512606 -0.510263 -0.501382
0.217256 0.229961 0.239212 0.245658 0.250669 0.255291 0.259399 0.260483 0.258083 0.255166 0.252912 0.250388 0.246084 0.238463 0.228224 0.217016 0.206196 0.196649 0.188101 0.180262 0.173248 0.167336 0.16294 0.160157 0.158762 0.15818 0.157659 0.156604 0.154435 0.15036 0.143747 0.13453 0.122735 0.108399 0.0922059 0.0755387 0.0586706 0.0409644 0.0219771 0.00149889 -0.020029 -0.0418113 -0.0626081 -0.0818861 -0.101034 -0.120969 -0.141518 -0.165129 -0.196924 -0.238749 -0.28961 -0.345642 -0.40136 -0.450008 -0.485929 -0.508377 -0.518743 -0.520821 -0.516902 -0.506724
0.208876 0.220576 0.230147 0.238108 0.245405 0.252331 0.258205 0.260539 0.259094 0.257219 0.256195 0.254895 0.251543 0.244356 0.234296 0.223372 0.212678 0.202853 0.193981 0.185977 0.178636 0.172026 0.166582 0.162502 0.159706 0.157707 0.155813 0.153609 0.150696 0.146273 0.139651 0.130736 0.119503 0.105895 0.090367 0.0739432 0.0568762 0.0387819 0.0193995 -0.00132967 -0.0227487 -0.0439618 -0.0641398 -0.0831047 -0.102187 -0.122261 -0.143241 -0.168029 -0.202499 -0.248083 -0.302544 -0.361005 -0.417276 -0.464867 -0.498721 -0.518771 -0.52691 -0.526996 -0.521386 -0.509945
0.200876 0.21191 0.221931 0.231113 0.239849 0.248164 0.255316 0.259068 0.259174 0.258545 0.258335 0.257631 0.254797 0.24814 0.238713 0.22853 0.218243 0.208192 0.198969 0.190871 0.18353 0.17677 0.170772 0.165646 0.161393 0.157746 0.154292 0.150673 0.146527 0.141358 0.134708 0.126288 0.115825 0.10303 0.0880881 0.0717282 0.0543056 0.0358367 0.0162304 -0.00451647 -0.0255962 -0.046076 -0.0656373 -0.0844824 -0.103712 -0.124086 -0.145732 -0.172036 -0.209512 -0.258945 -0.316586 -0.376685 -0.432669 -0.478508 -0.509859 -0.527319 -0.533203 -0.531304 -0.523968 -0.511209
0.193119 0.203715 0.214217 0.224277 0.233607 0.242422 0.250373 0.255657 0.257888 0.258993 0.259689 0.259258 0.256549 0.250443 0.241935 0.232689 0.223026 0.213072 0.203574 0.195091 0.187585 0.180914 0.174898 0.169328 0.163991 0.158814 0.153767 0.148545 0.142789 0.136377 0.129196 0.120977 0.111291 0.0994837 0.0853387 0.0691936 0.0515362 0.0328913 0.0132467 -0.00750611 -0.0283339 -0.0481683 -0.0673235 -0.0863996 -0.105919 -0.126489 -0.148979 -0.177265 -0.217929 -0.27089 -0.330975 -0.391839 -0.446853 -0.490535 -0.519232 -0.534069 -0.537681 -0.533823 -0.524791 -0.510589
0.185016 0.195259 0.206057 0.216852 0.226889 0.236216 0.244637 0.251054 0.255116 0.257737 0.259264 0.259347 0.257176 0.251882 0.244324 0.235901 0.226869 0.217296 0.207698 0.198677 0.190834 0.18428 0.178478 0.172892 0.167061 0.160923 0.154602 0.147885 0.140515 0.132634 0.12438 0.115588 0.105848 0.094403 0.0808152 0.065101 0.0477915 0.0297083 0.0107014 -0.00963789 -0.0301229 -0.0495398 -0.0686877 -0.088411 -0.108564 -0.129595 -0.153228 -0.183728 -0.227437 -0.283384 -0.345156 -0.406019 -0.459462 -0.500606 -0.526479 -0.538638 -0.539961 -0.534129 -0.523374 -0.507702
0.176042 0.186024 0.196881 0.208396 0.219755 0.230135 0.238892 0.245797 0.250845 0.254284 0.25639 0.257367 0.256415 0.252306 0.245706 0.237952 0.229493 0.220495 0.211055 0.201638 0.193447 0.186891 0.181221 0.17577 0.170039 0.163752 0.156763 0.148971 0.140348 0.13112 0.121464 0.111265 0.10027 0.0880729 0.0743904 0.0591328 0.0427458 0.0259673 0.00830504 -0.0110647 -0.0309827 -0.0501915 -0.0696975 -0.0903712 -0.111528 -0.133489 -0.158606 -0.191347 -0.237694 -0.295918 -0.358661 -0.418911 -0.470293 -0.508542 -0.531364 -0.540727 -0.539704 -0.531852 -0.519351 -0.502317
0.16602 0.176181 0.187219 0.199286 0.211687 0.222979 0.232141 0.239448 0.245143 0.249176 0.25171 0.253075 0.252778 0.249922 0.244786 0.238132 0.230489 0.222196 0.213225 0.20396 0.19571 0.189002 0.183187 0.177753 0.172367 0.166481 0.159487 0.151285 0.142004 0.131881 0.121076 0.109466 0.0969365 0.0834731 0.0690535 0.0536612 0.0376712 0.0216396 0.00485601 -0.0137205 -0.0330388 -0.0519449 -0.071678 -0.0931543 -0.115225 -0.138135 -0.164878 -0.199906 -0.248426 -0.308097 -0.371132 -0.430333 -0.479359 -0.514486 -0.534051 -0.540412 -0.536872 -0.526976 -0.512888 -0.494728
0.154837 0.165812 0.177387 0.189775 0.202434 0.214093 0.22383 0.231824 0.238242 0.243009 0.245998 0.247072 0.24643 0.244434 0.240995 0.23592 0.229509 0.222137 0.213978 0.205447 0.197502 0.190584 0.184376 0.178719 0.173589 0.168283 0.161797 0.153885 0.144641 0.134287 0.122968 0.110543 0.0969462 0.0823304 0.0668553 0.0506747 0.0341673 0.0177746 0.000825887 -0.0176294 -0.0366476 -0.0552957 -0.0751877 -0.0973805 -0.12023 -0.143944 -0.172313 -0.20963 -0.259889 -0.320233 -0.382887 -0.44057 -0.486903 -0.518649 -0.534729 -0.537865 -0.531623 -0.519691 -0.504214 -0.485096
0.142406 0.154727 0.167141 0.179747 0.192223 0.203944 0.214367 0.223273 0.230561 0.23622 0.239917 0.24107 0.240096 0.238005 0.23507 0.231221 0.226354 0.220394 0.213379 0.205654 0.198104 0.191172 0.184643 0.178618 0.173432 0.168457 0.162581 0.155393 0.146805 0.136898 0.125727 0.113168 0.09919 0.0839888 0.0678257 0.0510152 0.0339196 0.0168426 -0.000794683 -0.0197703 -0.0392387 -0.058481 -0.0793925 -0.103052 -0.127185 -0.15191 -0.181897 -0.221339 -0.273032 -0.333566 -0.395134 -0.450491 -0.493415 -0.521247 -0.533531 -0.533299 -0.524322 -0.510385 -0.493526 -0.473275
0.1286 0.142255 0.155516 0.168339 0.180656 0.192453 0.203563 0.213439 0.221727 0.228408 0.233085 0.235028 0.23435 0.23179 0.228404 0.225118 0.221575 0.217126 0.211366 0.204424 0.197375 0.190728 0.184121 0.177738 0.172212 0.167165 0.161667 0.155232 0.147581 0.138547 0.128008 0.115898 0.102233 0.0871625 0.0709587 0.0540171 0.0366368 0.0189635 0.000498472 -0.0193707 -0.0398959 -0.0605305 -0.0832698 -0.109043 -0.134885 -0.160834 -0.192539 -0.234109 -0.287065 -0.347375 -0.407163 -0.459383 -0.498196 -0.521647 -0.529943 -0.526346 -0.514711 -0.4988 -0.480477 -0.458916
0.11331 0.127408 0.141042 0.154138 0.166759 0.178954 0.190614 0.201291 0.210613 0.218381 0.224123 0.227136 0.227454 0.225666 0.222756 0.219677 0.216408 0.212602 0.207795 0.201924 0.195757 0.189621 0.183156 0.176605 0.170714 0.165323 0.159757 0.153629 0.146649 0.138429 0.128663 0.117351 0.104514 0.0901365 0.0743783 0.0576092 0.0400664 0.021826 0.00255401 -0.0181305 -0.039603 -0.0615127 -0.0858448 -0.113335 -0.140507 -0.167534 -0.201235 -0.245379 -0.299529 -0.359026 -0.416395 -0.46499 -0.499412 -0.518419 -0.522857 -0.516089 -0.501939 -0.484078 -0.464269 -0.441579
0.09715 0.110954 0.124494 0.137727 0.15076 0.163408 0.175436 0.186637 0.196755 0.205452 0.212211 0.216409 0.218288 0.218595 0.217479 0.21493 0.211506 0.207717 0.203431 0.198545 0.193228 0.187506 0.181191 0.174589 0.168393 0.16257 0.156665 0.150453 0.143739 0.136054 0.127007 0.116597 0.104782 0.0913395 0.0762677 0.0598426 0.0422381 0.0235186 0.00361823 -0.0175214 -0.0395141 -0.0623146 -0.0877169 -0.116194 -0.144117 -0.172024 -0.207826 -0.254638 -0.309561 -0.36743 -0.421704 -0.466278 -0.496154 -0.510807 -0.511696 -0.502127 -0.485771 -0.466228 -0.445247 -0.421936
0.081151 0.0946531 0.107923 0.120852 0.133641 0.146245 0.158473 0.169923 0.180295 0.18947 0.197079 0.202556 0.206267 0.209033 0.210354 0.209427 0.206865 0.20348 0.199431 0.194762 0.189535 0.183749 0.177331 0.170585 0.164108 0.157944 0.151807 0.145483 0.13876 0.131302 0.122805 0.113151 0.10216 0.0895058 0.0750922 0.0591124 0.0416408 0.0226704 0.00246049 -0.0186528 -0.0407329 -0.0642169 -0.090384 -0.119277 -0.147595 -0.17636 -0.213989 -0.262712 -0.317391 -0.372621 -0.423043 -0.463141 -0.488271 -0.498658 -0.496385 -0.484528 -0.466493 -0.445906 -0.424512 -0.401322
0.0657485 0.0786625 0.0913617 0.103646 0.11577 0.128013 0.140321 0.15191 0.162288 0.171525 0.179495 0.185889 0.191148 0.196025 0.199759 0.201205 0.200635 0.198595 0.195185 0.190574 0.185213 0.179332 0.172831 0.165953 0.159225 0.152757 0.146385 0.139846 0.132862 0.125262 0.116891 0.107563 0.0970134 0.0848562 0.0709548 0.0554729 0.0383471 0.0193945 -0.000837773 -0.0216255 -0.0435309 -0.0674778 -0.0940165 -0.12275 -0.151286 -0.181133 -0.220187 -0.269636 -0.322941 -0.37472 -0.42065 -0.455882 -0.476284 -0.482727 -0.477752 -0.464156 -0.445052 -0.424078 -0.402918 -0.380361
0.0511429 0.0627047 0.0743091 0.0858057 0.0973746 0.109315 0.12159 0.133367 0.143965 0.153099 0.160767 0.167257 0.173206 0.179298 0.184791 0.188535 0.190508 0.190841 0.189143 0.18542 0.180645 0.175322 0.169209 0.162463 0.155613 0.148825 0.142017 0.134995 0.127533 0.119447 0.110608 0.101 0.0904455 0.0784673 0.0648852 0.0498877 0.0332593 0.0145618 -0.00550235 -0.0259315 -0.0476074 -0.0717184 -0.0980856 -0.126083 -0.154813 -0.186151 -0.226199 -0.275024 -0.32592 -0.373758 -0.414765 -0.444918 -0.460937 -0.464055 -0.456921 -0.442136 -0.422586 -0.401748 -0.381133 -0.359318
0.0377376 0.0480088 0.0582508 0.0685842 0.0793774 0.0907706 0.102646 0.114416 0.12539 0.134835 0.142525 0.148793 0.154474 0.160549 0.166642 0.171887 0.175998 0.178686 0.179132 0.177108 0.173734 0.169609 0.164456 0.158411 0.151998 0.145342 0.138334 0.130956 0.123176 0.114738 0.105437 0.0953493 0.0844157 0.0722669 0.0587625 0.044045 0.0277926 0.00943371 -0.0103028 -0.0303436 -0.051743 -0.0757705 -0.101669 -0.128779 -0.157815 -0.190789 -0.231285 -0.278281 -0.325764 -0.369149 -0.405082 -0.430356 -0.442557 -0.443067 -0.434435 -0.419101 -0.399727 -0.379452 -0.359512 -0.33833
0.0261947 0.0358357 0.044718 0.0533605 0.0627534 0.0730277 0.0840325 0.0953944 0.106604 0.116988 0.125759 0.132151 0.136971 0.141906 0.14729 0.152789 0.15785 0.161827 0.164 0.16408 0.162655 0.160101 0.156399 0.151761 0.146596 0.140865 0.134319 0.127122 0.119503 0.111235 0.102022 0.0916881 0.0801726 0.067582 0.0539568 0.0392219 0.0230396 0.00498083 -0.0143036 -0.033924 -0.0550205 -0.0788307 -0.104266 -0.130753 -0.160233 -0.194566 -0.234788 -0.278965 -0.322143 -0.360587 -0.39158 -0.41254 -0.421591 -0.420181 -0.410748 -0.395513 -0.376823 -0.357358 -0.338048 -0.317263
0.0177818 0.0261255 0.0335154 0.0404418 0.0479747 0.0568045 0.0670739 0.0778992 0.088681 0.0994047 0.109164 0.116272 0.121025 0.125003 0.129177 0.134013 0.13892 0.143144 0.146355 0.148308 0.148765 0.147758 0.145661 0.142719 0.139013 0.134427 0.128783 0.122261 0.115106 0.107206 0.098288 0.0878986 0.0759559 0.0630742 0.0494571 0.0347376 0.0186078 0.000902629 -0.0179139 -0.0373091 -0.0583239 -0.081968 -0.107055 -0.133171 -0.16294 -0.19784 -0.236786 -0.277297 -0.315707 -0.349205 -0.375645 -0.392852 -0.399242 -0.396357 -0.386574 -0.371758 -0.353816 -0.334946 -0.315892 -0.295264
0.0125847 0.0184407 0.0241493 0.0296657 0.0352642 0.0426278 0.052489 0.0628337 0.0725638 0.082431 0.0921519 0.100324 0.106364 0.110419 0.11368 0.117466 0.121496 0.125217 0.128685 0.131722 0.13348 0.13372 0.13309 0.131708 0.129195 0.125548 0.120973 0.11546 0.108929 0.101374 0.0926793 0.0823872 0.0704719 0.057755 0.0444525 0.0299753 0.0140706 -0.00318986 -0.021596 -0.0410186 -0.0622014 -0.0857453 -0.110575 -0.136464 -0.166114 -0.200484 -0.237092 -0.273359 -0.306954 -0.33584 -0.358177 -0.372052 -0.37611 -0.372035 -0.362167 -0.347841 -0.330412 -0.311712 -0.292511 -0.271942
