data_raster/melanesia/PNMC_current_2021/202110_North.grd
DSAA																																																																																																																																																																																																																																																																																																																																																																																																																											
412	268																																																																																																																																																																																																																																																																																																																																																																																																																										
156	174.5																																																																																																																																																																																																																																																																																																																																																																																																																										
-26.5	-14.5																																																																																																																																																																																																																																																																																																																																																																																																																										
-0.460595	0.387506																																																																																																																																																																																																																																																																																																																																																																																																																										
[rows 189 to 215 of 268, columns 295 to 353 of 412]
0.0919385 0.103674 0.11317 0.116392 0.111291 0.0967729 0.0731387 0.0441833 0.0144909 -0.0111958 -0.0306808 -0.0453271 -0.0571467 -0.0684194 -0.0803466 -0.0932071 -0.10566 -0.115841 -0.12253 -0.125366 -0.125889 -0.125602 -0.125345 -0.125951 -0.12828 -0.132218 -0.136801 -0.140796 -0.143015 -0.143358 -0.142194 -0.140131 -0.137488 -0.133731 -0.128936 -0.12437 -0.120761 -0.118108 -0.116354 -0.115194 -0.112335 -0.105003 -0.0931752 -0.0784603 -0.0649002 -0.0555646 -0.0502038 -0.0470701 -0.0429267 -0.0359988 -0.0261972 -0.0147092 -0.00362678 0.00429652 0.00677217 0.00507252 0.0017203 -0.000167079 4.84773E-05
0.0930022 0.10374 0.111548 0.112623 0.104922 0.0876949 0.0618169 0.032033 0.0034351 -0.0197931 -0.036416 -0.0490812 -0.0601276 -0.0712517 -0.0831163 -0.0955951 -0.107517 -0.117366 -0.123999 -0.12698 -0.127561 -0.127105 -0.126635 -0.127015 -0.128907 -0.132219 -0.136229 -0.140122 -0.143125 -0.14495 -0.145512 -0.144809 -0.142962 -0.140331 -0.137134 -0.1333 -0.128977 -0.124618 -0.121218 -0.119809 -0.118338 -0.113449 -0.103137 -0.0874611 -0.071958 -0.0611796 -0.0548932 -0.0513141 -0.0473574 -0.04094 -0.0312251 -0.0191115 -0.00674871 0.00288655 0.00717566 0.006897 0.00422407 0.0025069 0.00269297
0.0900912 0.0992902 0.105457 0.104913 0.0953491 0.0764022 0.0495524 0.0201856 -0.00653048 -0.0275067 -0.0424297 -0.0544015 -0.0655558 -0.0768106 -0.0881626 -0.0990617 -0.108992 -0.11736 -0.123165 -0.125879 -0.126602 -0.126522 -0.126464 -0.127097 -0.12891 -0.131799 -0.135186 -0.138704 -0.14207 -0.144774 -0.146285 -0.146315 -0.145002 -0.143379 -0.141762 -0.139083 -0.134925 -0.12981 -0.125225 -0.122983 -0.121762 -0.118573 -0.11004 -0.0947224 -0.0781898 -0.0655939 -0.0578352 -0.0537904 -0.0502173 -0.0444999 -0.0350102 -0.0225002 -0.00937778 0.00141186 0.00729158 0.00849343 0.00666241 0.00519678 0.00530971
0.0820137 0.0895842 0.0943004 0.0926975 0.0823808 0.0631593 0.036735 0.00863294 -0.0163022 -0.0362028 -0.0512444 -0.0638622 -0.0755548 -0.0867335 -0.097119 -0.106099 -0.113581 -0.119534 -0.123234 -0.124375 -0.124346 -0.124331 -0.124607 -0.125424 -0.127098 -0.129606 -0.13264 -0.135914 -0.139121 -0.141714 -0.14315 -0.143243 -0.142289 -0.141546 -0.141398 -0.140562 -0.138105 -0.133769 -0.128875 -0.125603 -0.123555 -0.120722 -0.113521 -0.0996867 -0.0831978 -0.0686603 -0.0590806 -0.0546073 -0.0515067 -0.0465086 -0.0373513 -0.0246658 -0.0110585 0.000528342 0.00756074 0.0100635 0.00933693 0.00824599 0.00800219
0.0716052 0.0775903 0.0810549 0.0788169 0.0685255 0.0499997 0.0248549 -0.00174099 -0.02546 -0.0451518 -0.0609656 -0.0742758 -0.0859789 -0.0963963 -0.105329 -0.112338 -0.117488 -0.120937 -0.12232 -0.121679 -0.120578 -0.120192 -0.120498 -0.12148 -0.123282 -0.125865 -0.129015 -0.132375 -0.135504 -0.137911 -0.139166 -0.139162 -0.138263 -0.137796 -0.13833 -0.138928 -0.13839 -0.135509 -0.130968 -0.126731 -0.123521 -0.120818 -0.114947 -0.102795 -0.0867272 -0.0706555 -0.0592705 -0.0539482 -0.0510207 -0.0468864 -0.0386609 -0.0265025 -0.0127179 -0.000419126 0.0075387 0.0111373 0.0115274 0.0108605 0.0101765
0.0610566 0.0655063 0.0678355 0.0651816 0.0552784 0.0378868 0.0143688 -0.0108379 -0.0339249 -0.0536315 -0.0696673 -0.082647 -0.0932345 -0.102029 -0.10909 -0.114187 -0.117439 -0.119053 -0.118954 -0.117362 -0.115524 -0.114484 -0.114582 -0.115921 -0.118391 -0.121677 -0.125313 -0.128995 -0.13247 -0.135267 -0.136879 -0.136991 -0.135826 -0.134823 -0.134877 -0.135657 -0.136091 -0.134517 -0.130752 -0.12585 -0.12171 -0.119606 -0.115274 -0.104393 -0.0886929 -0.0718391 -0.0588784 -0.0519522 -0.0486028 -0.0454912 -0.0389942 -0.0282982 -0.0147761 -0.00184443 0.00691135 0.011371 0.0126161 0.0122726 0.0111795
0.04868 0.0515249 0.0526126 0.0494782 0.0401196 0.0241648 0.0025881 -0.0209776 -0.043194 -0.0624148 -0.0778744 -0.0897532 -0.0986719 -0.105541 -0.110636 -0.113887 -0.115629 -0.11625 -0.115591 -0.113667 -0.111382 -0.109797 -0.109954 -0.112097 -0.115483 -0.119364 -0.1231 -0.126651 -0.130196 -0.133228 -0.135044 -0.135212 -0.133833 -0.132177 -0.1313 -0.131568 -0.132358 -0.132049 -0.129536 -0.124483 -0.11942 -0.117062 -0.113469 -0.104026 -0.0893381 -0.0721807 -0.0576285 -0.0486086 -0.0443343 -0.0419791 -0.0371876 -0.0282366 -0.0156283 -0.0028215 0.0061918 0.0111158 0.0128247 0.0124362 0.0106232
0.0337607 0.0347181 0.0343471 0.030572 0.0217337 0.00736462 -0.0119092 -0.0331715 -0.0535604 -0.0712649 -0.0852927 -0.0956292 -0.10287 -0.108051 -0.111506 -0.113223 -0.113911 -0.114284 -0.113747 -0.111826 -0.109383 -0.107705 -0.1084 -0.111629 -0.115755 -0.119646 -0.122781 -0.125511 -0.128465 -0.131078 -0.132491 -0.132451 -0.13108 -0.129079 -0.127338 -0.12687 -0.127666 -0.128521 -0.127584 -0.123042 -0.117178 -0.113305 -0.109216 -0.101452 -0.0885389 -0.0713936 -0.0552596 -0.0439943 -0.0384188 -0.0362769 -0.03269 -0.0253976 -0.0143994 -0.00274857 0.00581549 0.0107328 0.0124409 0.0115632 0.00869916
0.0181346 0.0166037 0.0146572 0.0103049 0.00178459 -0.0111169 -0.0276725 -0.0456917 -0.0629865 -0.0779766 -0.0897494 -0.0982371 -0.103997 -0.108049 -0.110675 -0.111811 -0.112233 -0.11271 -0.112439 -0.110775 -0.108695 -0.107564 -0.1089 -0.112653 -0.11686 -0.120338 -0.122747 -0.124604 -0.12668 -0.128454 -0.129127 -0.128685 -0.127276 -0.124982 -0.1224 -0.120949 -0.1212 -0.122587 -0.122987 -0.119633 -0.113953 -0.108857 -0.103836 -0.0969806 -0.0855127 -0.0688581 -0.0517198 -0.0383645 -0.031204 -0.0288137 -0.0262621 -0.0208515 -0.011918 -0.00190405 0.00586074 0.0104013 0.0116369 0.0100917 0.00645063
0.00369543 -0.000751524 -0.00439895 -0.00928788 -0.0175516 -0.0289837 -0.0425324 -0.0567438 -0.0702145 -0.0818184 -0.0909232 -0.0975522 -0.102201 -0.105707 -0.108268 -0.109755 -0.110588 -0.111194 -0.111046 -0.109824 -0.108522 -0.108271 -0.110008 -0.113503 -0.117147 -0.120024 -0.121927 -0.123236 -0.124493 -0.125329 -0.125193 -0.124165 -0.12236 -0.119603 -0.116297 -0.113841 -0.1131 -0.114119 -0.115073 -0.11314 -0.108709 -0.103529 -0.0978701 -0.0909554 -0.0801488 -0.0643882 -0.0469788 -0.0319096 -0.0231289 -0.020303 -0.0189269 -0.0158182 -0.00928183 -0.00111238 0.00566283 0.00958381 0.0100934 0.00796176 0.00401278
-0.00797037 -0.0150453 -0.0206368 -0.0263221 -0.0339399 -0.0434006 -0.0539871 -0.0648659 -0.0751498 -0.083899 -0.0907131 -0.0959439 -0.0999987 -0.103265 -0.105897 -0.107895 -0.109206 -0.109772 -0.109622 -0.108953 -0.108362 -0.108546 -0.110231 -0.113217 -0.116198 -0.118509 -0.12011 -0.121167 -0.121881 -0.121995 -0.121155 -0.119278 -0.11644 -0.112942 -0.109299 -0.106317 -0.104612 -0.10446 -0.104765 -0.103598 -0.100643 -0.0963504 -0.0908311 -0.0836797 -0.0731271 -0.0583062 -0.0410168 -0.0247418 -0.0147246 -0.0117141 -0.0118396 -0.011433 -0.00763765 -0.00160783 0.00390028 0.00709747 0.00705902 0.00460159 0.000472274
-0.0168669 -0.0257979 -0.0331821 -0.0397802 -0.0465878 -0.0539923 -0.062059 -0.0704241 -0.0784696 -0.0852432 -0.0904709 -0.0948477 -0.0986517 -0.101736 -0.104284 -0.106586 -0.108202 -0.108637 -0.108482 -0.108392 -0.108367 -0.108634 -0.110023 -0.11249 -0.114872 -0.116638 -0.11785 -0.118597 -0.118917 -0.118489 -0.116902 -0.113903 -0.109649 -0.105223 -0.101392 -0.0981648 -0.0956168 -0.0939389 -0.0928572 -0.0917454 -0.0899963 -0.0870219 -0.0822618 -0.0751064 -0.0647498 -0.0508008 -0.0339226 -0.0171478 -0.00660035 -0.00388921 -0.00578659 -0.00816196 -0.0070346 -0.00303842 0.00123024 0.00375611 0.00329861 0.000428494 -0.00432606
-0.0242167 -0.0339618 -0.0422587 -0.0494203 -0.0559067 -0.062168 -0.068541 -0.0750131 -0.0812894 -0.0866486 -0.0909279 -0.0947772 -0.0982959 -0.101076 -0.103387 -0.105768 -0.107575 -0.108048 -0.108047 -0.108467 -0.109059 -0.109733 -0.111039 -0.112945 -0.114642 -0.11569 -0.116028 -0.115921 -0.115651 -0.114564 -0.111858 -0.107524 -0.102057 -0.0967475 -0.0923391 -0.088494 -0.0850379 -0.0820998 -0.0799234 -0.0787163 -0.0777404 -0.0758011 -0.0718189 -0.0649478 -0.0550025 -0.0419623 -0.0259091 -0.00957903 0.000583994 0.0024853 -0.00117398 -0.00585563 -0.00663078 -0.00388431 -0.000332422 0.00166365 0.000486574 -0.00356168 -0.00999986
-0.0314031 -0.0407847 -0.048911 -0.0560541 -0.0624995 -0.0683729 -0.0737803 -0.0789198 -0.083821 -0.0881382 -0.0918188 -0.0952548 -0.0984002 -0.100838 -0.102908 -0.105243 -0.10718 -0.107891 -0.108178 -0.108927 -0.11 -0.111176 -0.112395 -0.113507 -0.114223 -0.114296 -0.113572 -0.112445 -0.111374 -0.109361 -0.105272 -0.0995531 -0.0931203 -0.0871099 -0.0820367 -0.0773513 -0.0728581 -0.0688822 -0.0660072 -0.0648127 -0.0643671 -0.0630427 -0.0595778 -0.0531347 -0.0438985 -0.0320862 -0.017553 -0.00273747 0.0062118 0.00714946 0.00241289 -0.00341735 -0.00512696 -0.00312313 -0.0003055 0.000687934 -0.00199443 -0.00807307 -0.0168808
-0.0396478 -0.0475426 -0.0545674 -0.0610626 -0.067176 -0.0727305 -0.0775721 -0.0819303 -0.0859572 -0.0894982 -0.0925848 -0.095539 -0.0983124 -0.100549 -0.10254 -0.104832 -0.106865 -0.107906 -0.108488 -0.10928 -0.110358 -0.111502 -0.112142 -0.112024 -0.111322 -0.11019 -0.108743 -0.10707 -0.105101 -0.101858 -0.0964355 -0.089504 -0.0821792 -0.0757303 -0.0704833 -0.0652078 -0.0595888 -0.0545027 -0.0510056 -0.0499819 -0.0500989 -0.0491066 -0.045831 -0.039782 -0.0315698 -0.021639 -0.00959279 0.00267904 0.00989588 0.0102399 0.00577785 0.000421719 -0.00144611 -0.000407169 0.000760602 -0.00047212 -0.00577484 -0.0144523 -0.0254996
-0.048917 -0.0549372 -0.0605208 -0.0660251 -0.0714209 -0.0764512 -0.080896 -0.0848685 -0.0884275 -0.0913924 -0.0938319 -0.0961803 -0.0985198 -0.100614 -0.102616 -0.104827 -0.106834 -0.108097 -0.108829 -0.109377 -0.1099 -0.110237 -0.109717 -0.108143 -0.105973 -0.103691 -0.101688 -0.0995627 -0.0964988 -0.0918597 -0.0853347 -0.0775965 -0.0697038 -0.0630694 -0.0578624 -0.0521712 -0.0455731 -0.0395185 -0.0354924 -0.0345975 -0.0350883 -0.0341463 -0.0308877 -0.0253753 -0.0186963 -0.0114372 -0.00263328 0.00669077 0.0123803 0.0128737 0.00956605 0.005242 0.00304305 0.00240314 0.00108422 -0.00311362 -0.0114973 -0.0227226 -0.0354222
-0.0587899 -0.0632496 -0.067562 -0.0720092 -0.0764046 -0.0806706 -0.0847457 -0.0885102 -0.0917805 -0.0942734 -0.0960565 -0.0976826 -0.0994238 -0.101259 -0.103183 -0.10517 -0.106937 -0.10816 -0.108791 -0.10885 -0.108325 -0.107121 -0.105005 -0.102071 -0.0988342 -0.0957367 -0.093041 -0.0900469 -0.0856646 -0.0797119 -0.0724359 -0.0644246 -0.0565034 -0.0498662 -0.0445005 -0.038377 -0.0311364 -0.0244809 -0.0200576 -0.0190268 -0.0194568 -0.0183343 -0.0151873 -0.0106405 -0.00616776 -0.00228455 0.00297583 0.0096758 0.0146364 0.0160696 0.0139707 0.00996348 0.00639307 0.00314704 -0.00111389 -0.0082423 -0.0192779 -0.0323615 -0.0458995
-0.0689896 -0.0719707 -0.0748808 -0.0780484 -0.0813785 -0.0849494 -0.0887342 -0.092207 -0.0949201 -0.0967911 -0.097964 -0.0988304 -0.0997491 -0.101001 -0.102514 -0.104015 -0.105351 -0.106379 -0.106763 -0.106164 -0.104383 -0.101453 -0.0977848 -0.0938158 -0.0899492 -0.0863422 -0.0828863 -0.0788764 -0.0734377 -0.0666782 -0.059067 -0.0510486 -0.0432247 -0.0365857 -0.0310083 -0.0245 -0.0167503 -0.00951126 -0.00453064 -0.0030962 -0.00329718 -0.00215702 0.000388781 0.00329533 0.00504557 0.0054801 0.00762326 0.0124089 0.0170755 0.0193237 0.0177849 0.0132106 0.00755711 0.00125629 -0.00613105 -0.0158504 -0.0285716 -0.0425199 -0.0562321
-0.0796148 -0.0809467 -0.0821517 -0.0837879 -0.086103 -0.089108 -0.0925108 -0.0952979 -0.0968701 -0.097764 -0.0983097 -0.0983816 -0.0982506 -0.0985339 -0.0992337 -0.0999998 -0.10078 -0.101512 -0.101533 -0.100184 -0.0972625 -0.0930099 -0.0883241 -0.083822 -0.0796672 -0.0757069 -0.0715412 -0.0667234 -0.0608568 -0.0539804 -0.0463274 -0.0382525 -0.0303309 -0.0235952 -0.017891 -0.0110612 -0.0027029 0.0054137 0.0113018 0.013298 0.0131532 0.0137587 0.0148997 0.0153764 0.0141591 0.0117142 0.0116896 0.0153043 0.0195715 0.0217105 0.0196757 0.0137869 0.00581505 -0.00343931 -0.0137455 -0.02543 -0.0386186 -0.0523401 -0.0656722
-0.0915377 -0.0912261 -0.0909565 -0.091285 -0.0924541 -0.0943407 -0.0964971 -0.0978114 -0.097766 -0.0973166 -0.0968793 -0.0959169 -0.0946147 -0.0938304 -0.0936731 -0.0937905 -0.0940121 -0.0941313 -0.09344 -0.0913007 -0.0876558 -0.0829006 -0.0780614 -0.0736273 -0.0693385 -0.0649201 -0.0601353 -0.0548698 -0.0490328 -0.0422661 -0.0343452 -0.0259439 -0.0179407 -0.0111696 -0.00526221 0.00205068 0.0112175 0.0204304 0.0273629 0.0298209 0.0293082 0.0286227 0.0274961 0.0249229 0.0208632 0.0164897 0.0151548 0.0177368 0.021041 0.022109 0.0187355 0.0110648 0.000751683 -0.0109906 -0.0232844 -0.0358328 -0.0484987 -0.0611132 -0.0733445
-0.104581 -0.102694 -0.101269 -0.100528 -0.10025 -0.100237 -0.100172 -0.0993496 -0.097526 -0.0955496 -0.0937339 -0.091511 -0.0890854 -0.0873743 -0.0865368 -0.0862144 -0.085894 -0.0850408 -0.0832933 -0.0804475 -0.076611 -0.0721686 -0.0678954 -0.0639073 -0.0594871 -0.054492 -0.0492786 -0.0439542 -0.0383515 -0.0315472 -0.0228926 -0.0138693 -0.005945 0.000729636 0.00702629 0.0151013 0.0252641 0.0355864 0.0433862 0.0459586 0.0444929 0.0416565 0.0374935 0.0316179 0.0251553 0.0197776 0.0176161 0.0187772 0.0202983 0.0194697 0.0142541 0.00475933 -0.00745843 -0.0207363 -0.0336176 -0.045786 -0.0573027 -0.0683566 -0.0790048
-0.116752 -0.113162 -0.110181 -0.107834 -0.105735 -0.10367 -0.10144 -0.0987389 -0.0955124 -0.0922583 -0.0891459 -0.085829 -0.0825664 -0.0801564 -0.0787261 -0.0779066 -0.0769176 -0.0750082 -0.0722902 -0.0690445 -0.0653726 -0.0614515 -0.0576393 -0.0537924 -0.0491719 -0.0438628 -0.0386057 -0.0334866 -0.0280611 -0.0209838 -0.0114142 -0.00173083 0.00602793 0.0125933 0.0194296 0.028443 0.0396263 0.0507502 0.0588644 0.0610041 0.057958 0.0521345 0.0444504 0.0356243 0.027395 0.0213395 0.0181714 0.0172731 0.0162448 0.0129464 0.00579009 -0.00495743 -0.017767 -0.0309433 -0.0430296 -0.053997 -0.0642066 -0.0739311 -0.0834266
-0.125529 -0.120226 -0.115335 -0.110954 -0.10699 -0.103255 -0.099544 -0.0956982 -0.0916725 -0.0876343 -0.0836562 -0.0796617 -0.0759301 -0.0730336 -0.0710004 -0.0694481 -0.0675844 -0.0647175 -0.0613242 -0.0579675 -0.0545667 -0.0509948 -0.0472387 -0.0431218 -0.0382855 -0.0329851 -0.0279174 -0.0229711 -0.0174493 -0.009926 0.000337397 0.0104069 0.0179911 0.0245837 0.0320846 0.0420411 0.0540161 0.0653713 0.0729997 0.0739313 0.0686326 0.0593035 0.0481201 0.0370895 0.0276833 0.0207574 0.0160465 0.0126022 0.0087028 0.00292433 -0.00568077 -0.0166129 -0.0284406 -0.0399891 -0.0504334 -0.0600092 -0.069205 -0.0783319 -0.0877216
-0.128277 -0.121696 -0.11543 -0.109635 -0.104459 -0.0997622 -0.0953286 -0.0909858 -0.086634 -0.0823047 -0.078027 -0.073815 -0.0698855 -0.0666045 -0.0638826 -0.0613199 -0.0583858 -0.0547146 -0.0508849 -0.0474456 -0.0441489 -0.0406867 -0.0368924 -0.0326102 -0.0277013 -0.0224185 -0.0172673 -0.0120252 -0.00598613 0.00196389 0.0122556 0.0221223 0.0295775 0.0364743 0.0447447 0.0554201 0.0676293 0.0784593 0.0847016 0.0834163 0.0751638 0.0624207 0.0484493 0.0360783 0.0257901 0.0174561 0.0106927 0.00476482 -0.00151376 -0.00892598 -0.0177526 -0.0274955 -0.0372218 -0.0465845 -0.0555528 -0.0643197 -0.0732061 -0.08272 -0.0932372
-0.126154 -0.118876 -0.111955 -0.105552 -0.0998968 -0.0948707 -0.0902376 -0.0857283 -0.0811941 -0.0767455 -0.0724403 -0.068227 -0.0641872 -0.0605001 -0.0569644 -0.0531844 -0.0490912 -0.0448218 -0.0408078 -0.0373374 -0.0340777 -0.0306852 -0.0269936 -0.0227995 -0.0178533 -0.0122994 -0.00655809 -0.000499352 0.00634343 0.0145617 0.024246 0.0333934 0.0407301 0.0480332 0.0568942 0.0677731 0.0794275 0.0888283 0.0927663 0.0884254 0.0768957 0.0613478 0.0455285 0.0323345 0.0211425 0.0110475 0.00217191 -0.00565444 -0.0132184 -0.0208926 -0.0285822 -0.0361432 -0.0434841 -0.0510505 -0.059386 -0.068358 -0.0778833 -0.0886256 -0.100921
-0.122805 -0.115293 -0.108101 -0.101455 -0.0956789 -0.0905919 -0.0858486 -0.0810677 -0.0760902 -0.0712241 -0.0666427 -0.0622553 -0.0579803 -0.0537418 -0.0492425 -0.0441625 -0.0389834 -0.0343972 -0.0305497 -0.0273395 -0.0243912 -0.021357 -0.0180235 -0.0140173 -0.0087891 -0.00245049 0.00437177 0.0115253 0.0191416 0.0273912 0.036191 0.0444332 0.0515632 0.0590024 0.0678479 0.0781124 0.0882835 0.0952718 0.0960775 0.0883233 0.0738322 0.056458 0.0395905 0.025488 0.0131037 0.00142534 -0.00893634 -0.017635 -0.0250332 -0.0314221 -0.036991 -0.0422505 -0.0479443 -0.0549106 -0.063785 -0.0740605 -0.0851967 -0.0975642 -0.111249
-0.119789 -0.112121 -0.1048 -0.098056 -0.0921866 -0.0869011 -0.0817579 -0.0764052 -0.0707711 -0.0653168 -0.0603061 -0.0556326 -0.051006 -0.0459978 -0.0402728 -0.0337459 -0.0276176 -0.0232308 -0.0202139 -0.0178229 -0.015572 -0.0130873 -0.0101104 -0.00611075 -0.000266832 0.00720238 0.015251 0.0234258 0.0316226 0.039737 0.0476149 0.05492 0.0616658 0.0688363 0.0770085 0.0858022 0.093581 0.0974359 0.0948046 0.0839239 0.0671769 0.0487422 0.0312392 0.0160914 0.00243341 -0.0103677 -0.0213603 -0.0298628 -0.0359289 -0.040129 -0.0435026 -0.0472334 -0.0525257 -0.060116 -0.0702989 -0.0822837 -0.0952082 -0.108953 -0.123267
