data_raster/melanesia/PNMC_micronecton_2021/202101.grd
DSAA																																																																																																																																																																																																																																																																																																																																																																																																																											
412	268																																																																																																																																																																																																																																																																																																																																																																																																																										
156	174.5																																																																																																																																																																																																																																																																																																																																																																																																																										
-26.5	-14.5																																																																																																																																																																																																																																																																																																																																																																																																																										
0	3.18944																																																																																																																																																																																																																																																																																																																																																																																																																										
[rows 112 to 139 of 268, columns 256 to 319 of 412]
0.241932 0.280818 0.338705 0.401083 0.446495 0.446512 0.385897 0 0 0 0 0 0 0 0.214484 0.270822 0.338866 0.372852 0.381259 0.389769 0.408295 0.439348 0.476528 0.51195 0.537916 0.555813 0.577013 0.605913 0.639682 0.663467 0.661614 0.648466 0.641946 0.636014 0.62901 0.641032 0.663955 0.644214 0.587182 0.558568 0.5628 0.562328 0.543079 0.505552 0.465607 0.438022 0.419478 0.405573 0.396956 0.394458 0.398185 0.405858 0.413024 0.41529 0.409445 0.39973 0.391706 0.383115 0.371612 0.360506 0.353415 0.352561 0.354776 0.351193
0.248792 0.29694 0.376347 0.451214 0.472126 0.450044 0.416016 0 0 0 0.194866 0.137787 0.101921 0.12009 0.188019 0.269127 0.335022 0.367615 0.379414 0.39144 0.411455 0.441087 0.474719 0.506444 0.53204 0.553603 0.579889 0.613127 0.649036 0.673348 0.671553 0.656411 0.645451 0.639789 0.638667 0.645148 0.649086 0.620956 0.571698 0.551908 0.560509 0.561635 0.541147 0.499397 0.456115 0.429323 0.413148 0.400913 0.393877 0.39277 0.396239 0.402636 0.409882 0.412596 0.405082 0.393666 0.386835 0.380577 0.370284 0.359159 0.351302 0.349786 0.351426 0.346303
0.267804 0.305174 0.408349 0.502896 0.46624 0.362108 0.305027 0.270921 0.220406 0 0.175456 0.163643 0.146339 0.167545 0.229125 0.29521 0.344853 0.369675 0.380683 0.393645 0.413532 0.441003 0.472561 0.50379 0.530055 0.553108 0.581639 0.617545 0.655961 0.681715 0.679421 0.661998 0.648144 0.642406 0.643038 0.641051 0.628422 0.600874 0.57164 0.568631 0.578895 0.565123 0.527519 0.483273 0.445323 0.421412 0.407169 0.397827 0.39268 0.391639 0.394686 0.400132 0.404716 0.405127 0.398947 0.389802 0.38237 0.374897 0.365208 0.354828 0.346436 0.343504 0.3444 0.341646
0.338084 0.453265 0.636699 0.738681 0.559978 0.278365 0.162431 0.147728 0.125107 0.128722 0.179155 0.222825 0.239421 0.260633 0.29583 0.332355 0.360812 0.376035 0.384716 0.396527 0.414735 0.440045 0.470672 0.502701 0.52953 0.552545 0.582087 0.620232 0.661025 0.687941 0.684587 0.665436 0.650874 0.644501 0.641647 0.62745 0.601664 0.587893 0.592559 0.601822 0.596966 0.560711 0.508491 0.466338 0.437017 0.416794 0.403974 0.396736 0.392231 0.389871 0.392123 0.396834 0.397856 0.394848 0.390747 0.385219 0.377128 0.367909 0.358976 0.349762 0.341103 0.336936 0.337457 0.338048
0.466159 0.806614 1.14516 1.22538 0.819538 0.294705 0.133524 0.171683 0.162892 0.153388 0.192554 0.235916 0.261729 0.289935 0.32417 0.352374 0.371022 0.382244 0.390331 0.400225 0.416219 0.440531 0.470436 0.50137 0.527264 0.550457 0.582427 0.623899 0.665938 0.691942 0.687015 0.66732 0.653701 0.645624 0.635034 0.607915 0.575899 0.588614 0.633847 0.637197 0.592117 0.538637 0.492698 0.457623 0.43255 0.415368 0.403989 0.396322 0.39031 0.386212 0.387195 0.39079 0.389784 0.384868 0.380945 0.376851 0.369897 0.36191 0.354702 0.346633 0.338067 0.334015 0.335155 0.336414
0.510395 0.963102 1.35485 1.40613 0.926841 0.342724 0.184519 0.248974 0.242503 0.211175 0.217131 0.236764 0.257056 0.289939 0.33042 0.359129 0.374555 0.385129 0.394234 0.403966 0.419307 0.443344 0.472399 0.501679 0.526591 0.550624 0.585702 0.630751 0.673685 0.698054 0.690891 0.670384 0.657198 0.642738 0.619973 0.600396 0.598803 0.629382 0.664945 0.641358 0.571039 0.514564 0.479524 0.451037 0.428351 0.413393 0.402786 0.393591 0.385906 0.380815 0.380059 0.381611 0.380342 0.376222 0.372091 0.367917 0.362715 0.356663 0.350024 0.342434 0.335082 0.332089 0.333494 0.334194
0.391772 0.695392 0.946499 0.978904 0.698543 0.354264 0.251483 0.279069 0.272244 0.252082 0.251175 0.260349 0.275345 0.303432 0.338023 0.361542 0.373789 0.383943 0.394716 0.40692 0.423981 0.448047 0.476278 0.504841 0.529827 0.555301 0.593534 0.641883 0.685539 0.708277 0.698785 0.676146 0.660015 0.63506 0.602464 0.618186 0.683608 0.707548 0.664223 0.601931 0.54575 0.501227 0.467499 0.441367 0.422002 0.408526 0.39762 0.387259 0.379044 0.373947 0.371451 0.370602 0.370146 0.368792 0.365523 0.361281 0.357184 0.351576 0.343454 0.335728 0.330828 0.329032 0.329426 0.330064
0.250542 0.414665 0.532749 0.543005 0.455669 0.345382 0.292587 0.279704 0.272944 0.271841 0.278166 0.286656 0.297675 0.319092 0.346071 0.363827 0.373114 0.38285 0.394787 0.408618 0.427085 0.451925 0.480301 0.508641 0.533641 0.560582 0.603312 0.656054 0.698212 0.717039 0.707382 0.682191 0.65618 0.628336 0.611391 0.656426 0.744154 0.744281 0.645863 0.564418 0.525522 0.491657 0.457872 0.433081 0.416223 0.403478 0.392056 0.380805 0.371504 0.36544 0.362669 0.362133 0.361896 0.360898 0.35876 0.355805 0.352244 0.346539 0.338285 0.331542 0.328623 0.327252 0.326413 0.327246
0.189029 0.364051 0.464811 0.446469 0.389415 0.33321 0 0.275205 0.269965 0.276542 0.289947 0.30077 0.309141 0.327193 0.351689 0.367009 0.374395 0.383765 0.395919 0.409363 0.427746 0.4535 0.482599 0.51083 0.535733 0.564275 0.612399 0.670248 0.709701 0.722941 0.713135 0.683783 0.64487 0.628979 0.655998 0.70489 0.738715 0.707448 0.62172 0.55187 0.512524 0.479818 0.449959 0.427702 0.411694 0.398925 0.387121 0.375201 0.364255 0.356522 0.355162 0.357584 0.356499 0.352767 0.351499 0.35097 0.347554 0.34192 0.335927 0.331477 0.329187 0.32734 0.325847 0.32686
0.201949 0.389658 0.490283 0.455554 0.381845 0 0.285504 0.27402 0.270874 0.278089 0.294428 0.307603 0.315951 0.332186 0.354328 0.368301 0.375227 0.384132 0.396245 0.410533 0.429197 0.453712 0.481602 0.509988 0.536678 0.568169 0.61925 0.679628 0.720993 0.732272 0.713424 0.673977 0.634502 0.64293 0.710118 0.748623 0.714851 0.65278 0.592258 0.540394 0.498668 0.465426 0.439604 0.420183 0.404878 0.391404 0.37871 0.366688 0.356684 0.350565 0.350422 0.353185 0.351742 0.347823 0.347524 0.34804 0.344419 0.338695 0.333901 0.330554 0.328326 0.326183 0.324593 0.325878
0.256916 0.399138 0.469493 0.433563 0.362671 0.302951 0.279695 0.277178 0.276362 0.282102 0.296893 0.310734 0.321076 0.336184 0.354743 0.367471 0.37501 0.383451 0.3956 0.41234 0.432064 0.453664 0.478902 0.508014 0.538105 0.573897 0.627763 0.689734 0.733084 0.740322 0.705571 0.659164 0.640141 0.674107 0.747226 0.763038 0.689553 0.609247 0.558609 0.517508 0.479392 0.448578 0.425419 0.408095 0.393775 0.380106 0.367204 0.356267 0.349675 0.347845 0.348311 0.34891 0.348167 0.347027 0.347352 0.34694 0.34293 0.336979 0.331464 0.327337 0.324762 0.322938 0.322141 0.324049
0.305374 0.400981 0.435602 0.398961 0.339971 0.292912 0.277634 0.279609 0.281653 0.286991 0.298355 0.310641 0.3224 0.337664 0.354696 0.367101 0.375297 0.383666 0.395828 0.413742 0.433994 0.454361 0.479134 0.509934 0.542416 0.582531 0.646466 0.715309 0.746241 0.731682 0.687888 0.658789 0.679702 0.721865 0.745343 0.717718 0.641505 0.569744 0.523517 0.487139 0.454992 0.429318 0.409205 0.392507 0.378678 0.367447 0.357879 0.349932 0.345633 0.345397 0.34708 0.348777 0.349124 0.348451 0.347823 0.346114 0.341844 0.335975 0.32993 0.324553 0.320714 0.319484 0.320971 0.324157
0.334964 0.401157 0.40826 0.368473 0.321688 0.288747 0.278053 0.280221 0.284486 0.290621 0.29931 0.309394 0.32114 0.336666 0.353675 0.366522 0.375654 0.384993 0.397472 0.414704 0.434649 0.456256 0.483331 0.516635 0.550883 0.594738 0.67009 0.745114 0.754435 0.712717 0.674077 0.675679 0.725827 0.751892 0.705559 0.635271 0.577428 0.529273 0.4881 0.45461 0.428538 0.408627 0.392055 0.376279 0.36367 0.356479 0.35187 0.347502 0.344109 0.343177 0.346501 0.351647 0.352773 0.350212 0.347712 0.345167 0.341148 0.33559 0.329025 0.322622 0.318036 0.317541 0.320995 0.32537
0.358373 0.400046 0.390432 0.350551 0.311999 0.287482 0.279368 0.280821 0.284801 0.291175 0.300099 0.30996 0.320736 0.334516 0.349999 0.363232 0.374496 0.38637 0.399981 0.415968 0.435324 0.459314 0.489664 0.525901 0.56405 0.611495 0.685723 0.752782 0.748626 0.702997 0.684228 0.699177 0.725757 0.715038 0.645271 0.570386 0.522849 0.486387 0.452584 0.425174 0.40451 0.388259 0.374756 0.363117 0.354592 0.350089 0.347381 0.344754 0.342812 0.342997 0.347293 0.353096 0.354101 0.35074 0.347283 0.344528 0.341507 0.336025 0.327445 0.32039 0.317864 0.318248 0.320471 0.324755
0.375091 0.395678 0.377195 0.340084 0.307226 0.287215 0.280828 0.281711 0.284227 0.290599 0.301571 0.312442 0.32174 0.332755 0.346036 0.359634 0.373172 0.38721 0.402092 0.418385 0.43792 0.462799 0.494997 0.535437 0.583313 0.63856 0.700542 0.743926 0.73204 0.698809 0.700435 0.710127 0.686424 0.637576 0.580398 0.526028 0.481024 0.446076 0.419932 0.399901 0.383958 0.370793 0.360625 0.354047 0.349982 0.347043 0.344459 0.342225 0.341649 0.343695 0.348493 0.353354 0.353527 0.349907 0.346521 0.344097 0.341492 0.335537 0.32546 0.318645 0.318682 0.319724 0.320108 0.324359
0.379578 0.385734 0.361611 0.327674 0.301263 0.286688 0.281996 0.282451 0.284726 0.291827 0.304187 0.315297 0.323222 0.332702 0.34529 0.359409 0.373685 0.387403 0.402886 0.422472 0.44387 0.466641 0.498088 0.544765 0.609341 0.67923 0.725758 0.736078 0.713458 0.688357 0.69282 0.689726 0.638795 0.57304 0.524186 0.483763 0.445542 0.415151 0.394067 0.378571 0.3669 0.358737 0.353015 0.348594 0.345792 0.344772 0.343824 0.342105 0.3413 0.343082 0.348465 0.354077 0.353274 0.34809 0.345026 0.34319 0.339194 0.332381 0.32403 0.318709 0.31844 0.319625 0.321574 0.327755
0.374832 0.371694 0.345243 0.315348 0.29495 0.285098 0.281945 0.282676 0.285897 0.293454 0.305128 0.315754 0.324018 0.33407 0.346875 0.360447 0.374037 0.388025 0.404934 0.426846 0.450767 0.475934 0.510587 0.562761 0.636857 0.712208 0.742654 0.727176 0.699377 0.677276 0.665397 0.641507 0.586586 0.525529 0.480702 0.446362 0.417078 0.393894 0.37692 0.364783 0.356716 0.352215 0.349109 0.345323 0.343072 0.344151 0.344908 0.342978 0.340823 0.341239 0.34637 0.352417 0.351045 0.344659 0.341208 0.339506 0.335522 0.329653 0.323656 0.319702 0.318979 0.320759 0.325207 0.33376
0.365882 0.356116 0.331189 0.306796 0.290318 0.282264 0.280276 0.2823 0.286811 0.293574 0.302327 0.312339 0.323389 0.335906 0.348811 0.36013 0.372463 0.390048 0.410477 0.430844 0.456615 0.493174 0.540287 0.597112 0.662725 0.71928 0.732237 0.709534 0.688625 0.667764 0.628711 0.578159 0.529023 0.485598 0.449439 0.42018 0.397267 0.380246 0.368396 0.360647 0.355155 0.34987 0.345299 0.342974 0.343544 0.346225 0.346601 0.342684 0.338907 0.338572 0.342155 0.346345 0.345126 0.339604 0.334929 0.332751 0.332511 0.330559 0.325045 0.321449 0.322983 0.326444 0.331281 0.34088
0.355354 0.341092 0.318601 0.29905 0.285932 0.279583 0.27888 0.282067 0.287328 0.29322 0.29969 0.309173 0.322255 0.336775 0.350167 0.360353 0.372236 0.392853 0.416961 0.438205 0.464864 0.506835 0.56859 0.641619 0.697151 0.718543 0.706454 0.677773 0.657151 0.63213 0.578854 0.51895 0.479565 0.451713 0.424456 0.400759 0.383306 0.371359 0.363792 0.359264 0.354988 0.348007 0.341919 0.341891 0.345696 0.348909 0.347364 0.340461 0.334755 0.334136 0.337511 0.341314 0.340541 0.336046 0.332118 0.33099 0.332929 0.333512 0.330085 0.328424 0.33178 0.336189 0.341252 0.35165
0.344889 0.328253 0.307127 0.290405 0.281169 0.278287 0.27914 0.282475 0.287457 0.293351 0.300198 0.309466 0.321749 0.336235 0.350691 0.362399 0.375505 0.396671 0.423032 0.449725 0.478745 0.518979 0.592235 0.687504 0.735938 0.717792 0.675194 0.632613 0.596646 0.561512 0.518441 0.476774 0.447378 0.424381 0.402221 0.384528 0.373214 0.365628 0.360035 0.355955 0.351644 0.34518 0.340451 0.342345 0.347276 0.349652 0.345762 0.335967 0.32816 0.327355 0.333099 0.340094 0.339902 0.335429 0.335263 0.337387 0.336962 0.336337 0.338259 0.341144 0.343941 0.347955 0.354906 0.366511
0.335054 0.318405 0.299237 0.284861 0.278703 0.278516 0.280297 0.28312 0.287188 0.29345 0.302139 0.311914 0.322721 0.336222 0.351136 0.364248 0.379742 0.404226 0.432041 0.458115 0.498789 0.566903 0.652251 0.726447 0.738051 0.686574 0.630155 0.586906 0.542988 0.501069 0.470557 0.447677 0.425879 0.40499 0.386861 0.37471 0.368763 0.36447 0.359637 0.354887 0.350322 0.345817 0.343026 0.343694 0.345915 0.346364 0.340809 0.329126 0.319926 0.319021 0.326581 0.336323 0.337604 0.334161 0.336688 0.34078 0.338921 0.337757 0.34336 0.349517 0.352689 0.358057 0.367857 0.379565
0.325628 0.310789 0.294933 0.283403 0.27897 0.279552 0.281539 0.28388 0.28701 0.29355 0.304219 0.315417 0.326001 0.33845 0.352595 0.366425 0.384656 0.413546 0.444037 0.4721 0.537557 0.653863 0.738667 0.740992 0.689658 0.622362 0.575569 0.547981 0.512339 0.472438 0.445116 0.427086 0.410271 0.394384 0.381199 0.373214 0.370168 0.367521 0.363144 0.357821 0.352933 0.34986 0.347449 0.344049 0.341379 0.33994 0.333205 0.319289 0.308574 0.307842 0.316553 0.328082 0.331793 0.330123 0.332197 0.33586 0.336203 0.337075 0.342214 0.348421 0.354207 0.363309 0.375763 0.386607
0.315513 0.302611 0.290187 0.281636 0.27861 0.279701 0.282405 0.285209 0.288132 0.294795 0.30668 0.32 0.332316 0.343774 0.356452 0.373531 0.393888 0.416258 0.454463 0.523953 0.623218 0.727152 0.761416 0.702094 0.623598 0.569562 0.536581 0.512895 0.484158 0.452964 0.42912 0.41289 0.401397 0.392363 0.38452 0.378593 0.374642 0.371282 0.367165 0.361282 0.354764 0.349827 0.345481 0.340118 0.336536 0.3353 0.325782 0.304859 0.289158 0.289187 0.303284 0.321242 0.327344 0.324271 0.324611 0.328495 0.331716 0.334176 0.337038 0.341861 0.349866 0.361467 0.37507 0.386837
0.305277 0.293373 0.283717 0.278195 0.276959 0.279032 0.282953 0.287208 0.291426 0.29858 0.310369 0.324894 0.339499 0.35139 0.363634 0.383245 0.405506 0.425892 0.484806 0.61207 0.725523 0.750386 0.703353 0.624244 0.566139 0.541474 0.516137 0.48248 0.454249 0.433626 0.417176 0.405658 0.400035 0.396813 0.392604 0.386557 0.379395 0.373589 0.368772 0.361748 0.352823 0.344657 0.338367 0.33434 0.333034 0.331424 0.315553 0.282853 0.258305 0.258077 0.280851 0.310544 0.321131 0.316306 0.315951 0.320922 0.32504 0.326664 0.326637 0.329267 0.337032 0.347957 0.360206 0.372597
0.297118 0.285032 0.277335 0.275112 0.276205 0.279306 0.283703 0.28959 0.29721 0.306201 0.316495 0.328779 0.34322 0.359139 0.374475 0.387649 0.413799 0.475069 0.576114 0.698692 0.760365 0.710959 0.624617 0.562914 0.531615 0.517744 0.49471 0.461654 0.436658 0.422226 0.413118 0.407999 0.406102 0.403823 0.398435 0.390672 0.381944 0.373868 0.366124 0.356637 0.346805 0.340085 0.336494 0.33427 0.33095 0.321629 0.294487 0.249831 0.215433 0.210831 0.238582 0.280255 0.302042 0.304284 0.306619 0.310874 0.312272 0.310303 0.306624 0.305647 0.309813 0.317058 0.324971 0.331569
0.291884 0.279468 0.273075 0.27355 0.276616 0.280428 0.284817 0.292219 0.303887 0.315549 0.324772 0.334547 0.348138 0.367918 0.387917 0.399436 0.439463 0.554626 0.683452 0.740988 0.716381 0.63389 0.560066 0.529942 0.513711 0.493062 0.470296 0.448988 0.432581 0.422397 0.418167 0.416973 0.415186 0.409903 0.400293 0.389902 0.380727 0.371485 0.361359 0.350514 0.341827 0.339203 0.339941 0.338307 0.328975 0.306745 0.266467 0.21304 0.171797 0.161177 0.185739 0.230615 0.265823 0.284447 0.293782 0.296373 0.293125 0.286871 0.280716 0.27704 0.276871 0.278954 0.281391 0.282334
0.28928 0.278005 0.27265 0.273953 0.277361 0.281408 0.286514 0.29538 0.309197 0.322936 0.334079 0.346955 0.363379 0.381268 0.404037 0.441048 0.511369 0.626484 0.715172 0.703357 0.633741 0.565151 0.522391 0.507714 0.494666 0.472719 0.452572 0.439819 0.434678 0.433242 0.43039 0.425898 0.420458 0.412014 0.39966 0.386511 0.375062 0.365944 0.358514 0.35118 0.345071 0.34271 0.342307 0.339236 0.324958 0.292368 0.242662 0.185414 0.143809 0.13068 0.142244 0.172754 0.215087 0.254509 0.27426 0.276313 0.269967 0.262177 0.257492 0.255529 0.254614 0.252409 0.2513 0.259125
0.287655 0.278654 0.274848 0.276566 0.279889 0.284429 0.291347 0.301736 0.315664 0.330315 0.344822 0.362925 0.384887 0.40666 0.438605 0.500839 0.582699 0.653857 0.675004 0.623235 0.554759 0.520154 0.504485 0.490354 0.4741 0.456953 0.444104 0.438764 0.44152 0.444886 0.439498 0.428895 0.418943 0.407969 0.394178 0.379352 0.366297 0.358468 0.3557 0.354164 0.351893 0.348388 0.343503 0.335844 0.317161 0.280099 0.226743 0.16761 0.126341 0.110536 0 0 0 0.232363 0.258636 0.253751 0.245777 0.241054 0.239686 0.240872 0.242153 0.238635 0.236414 0.253753
