data_raster/melanesia/PNMC_micronecton_2021/202101.grd
DSAA																																																																																																																																																																																																																																																																																																																																																																																																																											
412	268																																																																																																																																																																																																																																																																																																																																																																																																																										
156	174.5																																																																																																																																																																																																																																																																																																																																																																																																																										
-26.5	-14.5																																																																																																																																																																																																																																																																																																																																																																																																																										
0	3.18944																																																																																																																																																																																																																																																																																																																																																																																																																										
[rows 56 to 83 of 268, columns 256 to 319 of 412]
0.786022 0.795117 0.798439 0.796065 0.787383 0.773222 0.754741 0.731751 0.704832 0.677886 0.653889 0.6329 0.614968 0.600533 0.589837 0.582813 0.578221 0.57379 0.565076 0.549271 0.533431 0.523735 0.5177 0.511073 0.499159 0.484388 0.476837 0.477291 0.479497 0.482079 0.486255 0.492888 0.502304 0.513374 0.525858 0.542229 0.561166 0.575181 0.58212 0.585457 0.582861 0.572535 0.589938 0.664662 0.711787 0.660313 0.592791 0.575899 0.582148 0.587097 0.586658 0.582381 0.579111 0.575123 0.565852 0.556212 0.553004 0.553916 0.555463 0.557784 0.561256 0.565602 0.572626 0.586419
0.791538 0.803313 0.809986 0.813049 0.812914 0.806878 0.791768 0.768362 0.739151 0.708349 0.679442 0.653894 0.631733 0.611597 0.59509 0.585824 0.580811 0.573679 0.561376 0.543984 0.528897 0.521355 0.51634 0.508971 0.497524 0.48436 0.47584 0.47306 0.47296 0.473703 0.474532 0.476845 0.482199 0.490114 0.500498 0.515153 0.533864 0.553054 0.572219 0.593454 0.607315 0.60294 0.622135 0.704636 0.758712 0.705097 0.629829 0.604856 0.60684 0.612553 0.615279 0.61383 0.610704 0.604503 0.592463 0.579879 0.573422 0.571029 0.569516 0.569172 0.570806 0.575077 0.582587 0.593789
0.795182 0.811208 0.822095 0.828974 0.833447 0.83277 0.823032 0.803599 0.775676 0.743093 0.709639 0.678078 0.649573 0.623587 0.603109 0.593201 0.587739 0.575883 0.558606 0.541154 0.527442 0.519164 0.513156 0.506346 0.497219 0.486711 0.478266 0.473064 0.470392 0.469391 0.469304 0.470209 0.472491 0.476601 0.483115 0.492868 0.506174 0.522564 0.543463 0.571398 0.596827 0.60786 0.640596 0.729503 0.790468 0.750836 0.687735 0.665738 0.663535 0.661523 0.65704 0.649686 0.639976 0.628006 0.613998 0.600992 0.592316 0.587446 0.585127 0.584997 0.586675 0.589498 0.593968 0.601918
0.799136 0.820523 0.835749 0.844065 0.848248 0.8491 0.845843 0.834579 0.812301 0.781157 0.74449 0.706146 0.669607 0.637875 0.614861 0.60408 0.596626 0.579268 0.55736 0.540729 0.528178 0.517149 0.508661 0.5025 0.495464 0.486951 0.479564 0.474079 0.469868 0.467821 0.469055 0.471422 0.472637 0.473914 0.47684 0.482065 0.489623 0.498903 0.51165 0.531633 0.556351 0.582182 0.631579 0.722287 0.788921 0.776611 0.743242 0.736048 0.735246 0.726654 0.71492 0.701217 0.682736 0.662701 0.647095 0.634083 0.620209 0.609269 0.604906 0.60482 0.605762 0.60475 0.60359 0.609455
0.80913 0.831957 0.847193 0.854265 0.858084 0.860788 0.862342 0.858555 0.845041 0.820261 0.784803 0.742353 0.698139 0.658838 0.629791 0.61393 0.602238 0.581727 0.558194 0.541615 0.529447 0.517779 0.507231 0.498372 0.490464 0.483347 0.477633 0.473372 0.470263 0.46912 0.4708 0.473117 0.473872 0.47452 0.476492 0.479307 0.482522 0.486221 0.491968 0.502568 0.517662 0.537292 0.582199 0.668428 0.741382 0.753405 0.746434 0.755923 0.768161 0.774816 0.782647 0.786243 0.770019 0.743045 0.725869 0.709521 0.679173 0.648575 0.632102 0.624254 0.618568 0.613245 0.610621 0.616944
0.823451 0.843522 0.856325 0.861842 0.866277 0.870745 0.873967 0.874041 0.868461 0.853465 0.825979 0.784815 0.734414 0.685984 0.647803 0.624055 0.60698 0.584443 0.5603 0.542404 0.529691 0.518989 0.507468 0.494663 0.483984 0.476758 0.471568 0.468297 0.46774 0.468751 0.469446 0.469591 0.4697 0.470918 0.473472 0.4752 0.475445 0.476334 0.479097 0.483608 0.487278 0.489148 0.514066 0.584875 0.655231 0.681026 0.691597 0.714265 0.742767 0.773204 0.809768 0.839877 0.838153 0.817287 0.8077 0.794807 0.755417 0.711315 0.685262 0.668718 0.653502 0.642044 0.637085 0.639981
0.837135 0.85285 0.865587 0.872294 0.876769 0.879949 0.881471 0.880957 0.878134 0.872979 0.860761 0.828038 0.774437 0.717326 0.669838 0.638969 0.616936 0.590174 0.562497 0.542156 0.528052 0.516784 0.505068 0.491798 0.479501 0.469569 0.461768 0.457297 0.457969 0.460456 0.459863 0.457639 0.456729 0.457606 0.459369 0.459257 0.456945 0.456105 0.457396 0.458092 0.456567 0.453927 0.46566 0.506244 0.552252 0.580268 0.603322 0.633452 0.66607 0.698645 0.733885 0.76628 0.783994 0.794151 0.811787 0.823276 0.810793 0.790642 0.779183 0.767137 0.747797 0.727266 0.710288 0.698014
0.856912 0.867012 0.877851 0.884244 0.886498 0.886112 0.884848 0.883479 0.883045 0.886098 0.88791 0.869684 0.824536 0.763158 0.701839 0.658539 0.628765 0.597565 0.567192 0.544529 0.528071 0.514653 0.502252 0.489612 0.476498 0.463654 0.452856 0.446268 0.445692 0.447403 0.446026 0.44312 0.441713 0.441553 0.441294 0.438778 0.434281 0.431833 0.431893 0.431171 0.43004 0.431434 0.437245 0.448599 0.465414 0.487279 0.513903 0.543194 0.569392 0.590189 0.608741 0.630325 0.661176 0.700169 0.741273 0.776794 0.800812 0.817992 0.832026 0.835935 0.826341 0.809801 0.790624 0.769133
0.888849 0.892487 0.894806 0.894756 0.891822 0.887755 0.885266 0.886944 0.893865 0.902815 0.909197 0.907113 0.885398 0.827985 0.748665 0.684392 0.64084 0.606228 0.577163 0.553445 0.534284 0.518378 0.50352 0.488477 0.473928 0.460765 0.449902 0.44216 0.438081 0.436366 0.435083 0.434082 0.433543 0.432605 0.430281 0.425844 0.420032 0.415694 0.414031 0.414298 0.415172 0.41525 0.41517 0.416724 0.422628 0.434846 0.452107 0.47167 0.489166 0.503747 0.519659 0.540687 0.569391 0.603155 0.636737 0.669009 0.700355 0.730163 0.757236 0.779521 0.796464 0.810399 0.818983 0.814479
0.912961 0.914513 0.912016 0.907426 0.90027 0.893412 0.890684 0.893662 0.902589 0.915675 0.928102 0.929993 0.911794 0.865957 0.800447 0.735342 0.677926 0.628281 0.589824 0.565012 0.547111 0.52935 0.510798 0.492326 0.476242 0.463171 0.451741 0.442086 0.435461 0.431885 0.430657 0.430786 0.430978 0.429232 0.424656 0.419255 0.414073 0.408172 0.403417 0.40413 0.406576 0.402935 0.398328 0.401317 0.407368 0.411027 0.416558 0.426838 0.438082 0.449746 0.466601 0.487907 0.507845 0.525299 0.542288 0.561165 0.583757 0.609076 0.636559 0.66895 0.706861 0.745897 0.779481 0.799748
0.914741 0.919868 0.923263 0.922625 0.915418 0.906994 0.903859 0.902196 0.900629 0.913133 0.935394 0.924153 0.879124 0.85729 0.855492 0.820005 0.747593 0.665719 0.602524 0.576203 0.564745 0.546134 0.524262 0.504456 0.48741 0.472108 0.456396 0.442799 0.436664 0.435458 0.433594 0.431714 0.431203 0.428438 0.421766 0.416525 0.413866 0.407367 0.398609 0.397135 0.399536 0.395151 0.389697 0.393152 0.398323 0.397697 0.399239 0.408112 0.417585 0.424537 0.432726 0.444098 0.458324 0.473809 0.488662 0.504064 0.521908 0.541583 0.563373 0.591902 0.62703 0.658743 0.685536 0.717161
0.917332 0.91752 0.922283 0.925945 0.92004 0.910613 0.906763 0.902737 0.893234 0.886364 0.883797 0.871066 0.861143 0.899744 0.947797 0.902767 0.785356 0.68069 0.616858 0.593002 0.582307 0.562719 0.541132 0.523329 0.505407 0.485366 0.464697 0.44817 0.441827 0.441572 0.439541 0.436621 0.435218 0.432391 0.426641 0.422429 0.420349 0.414109 0.404908 0.401491 0.40198 0.398267 0.393725 0.394892 0.397078 0.395755 0.397689 0.406675 0.415926 0.421058 0.422927 0.425601 0.435119 0.449967 0.464567 0.478441 0.492989 0.508372 0.525192 0.546175 0.569782 0.586378 0.60028 0.632667
0.936037 0.920689 0.914159 0.91403 0.906655 0.896912 0.894657 0.895397 0.88774 0.852351 0.801876 0.81111 0.899992 1.00798 1.0503 0.941827 0.762155 0.662157 0.633444 0.616843 0.59864 0.578483 0.561019 0.546525 0.526711 0.500793 0.477325 0.460811 0.451889 0.448498 0.447441 0.446773 0.445417 0.443839 0.442178 0.439059 0.434028 0.42836 0.423311 0.419831 0.417185 0.413748 0.410109 0.407628 0.406309 0.406199 0.408778 0.414758 0.422681 0.430493 0.435825 0.439182 0.443551 0.449489 0.456115 0.463599 0.472675 0.484541 0.499731 0.516561 0.53277 0.545947 0.560735 0.589568
0.957861 0.942704 0.925653 0.910233 0.894312 0.886807 0.895615 0.90211 0.890584 0.875499 0.873699 0.895909 0.942389 0.998649 1.00993 0.901456 0.742651 0.664388 0.649672 0.637397 0.620716 0.604545 0.589048 0.571765 0.547312 0.517797 0.493798 0.47841 0.468753 0.464066 0.464189 0.465663 0.465255 0.464562 0.464282 0.460648 0.453205 0.447335 0.444129 0.439994 0.435022 0.431622 0.428904 0.425191 0.422644 0.423437 0.426084 0.429458 0.434608 0.441915 0.450398 0.457589 0.460139 0.459356 0.459118 0.460665 0.464376 0.471761 0.483111 0.494491 0.50441 0.517183 0.53593 0.561311
0.979472 0.985394 0.969783 0.939235 0.912995 0.906797 0.925143 0.929135 0.906069 0.953858 1.08167 1.09599 0.964003 0.878874 0.874255 0.841987 0.771979 0.709639 0.670393 0.654368 0.648139 0.638857 0.623892 0.602605 0.57509 0.544741 0.518461 0.499873 0.489621 0.485969 0.48601 0.487032 0.486962 0.485753 0.483317 0.478482 0.471506 0.465001 0.459683 0.454237 0.449099 0.445738 0.443572 0.441429 0.440007 0.440232 0.441954 0.444399 0.44601 0.447699 0.453616 0.461983 0.465877 0.465131 0.4636 0.462658 0.462749 0.464906 0.469302 0.473287 0.47703 0.486661 0.50476 0.528649
1.01321 1.03513 1.03707 1.02017 0.998673 0.983188 0.977264 0.960306 0.935666 0.99497 1.13397 1.14055 0.990686 0.919377 0.952993 0.935711 0.852519 0.768365 0.709508 0.681727 0.670522 0.661798 0.655525 0.648937 0.631064 0.599063 0.560553 0.525853 0.505543 0.497735 0.494672 0.492377 0.489081 0.486153 0.484417 0.481874 0.477435 0.472019 0.466785 0.462855 0.459857 0.45658 0.453469 0.451448 0.44996 0.448472 0.447949 0.448391 0.447282 0.444979 0.445982 0.450066 0.452635 0.452683 0.451479 0.449678 0.447779 0.446791 0.447256 0.448039 0.449566 0.455638 0.469441 0.492576
1.04683 1.07151 1.09537 1.10982 1.10433 1.08037 1.04501 1.00682 0.977668 0.977614 1.00397 1.00953 1.00648 1.08122 1.1714 1.10337 0.929551 0.812253 0.757704 0.720669 0.694512 0.682052 0.685397 0.696029 0.688039 0.651787 0.59868 0.545592 0.510711 0.493961 0.486098 0.480338 0.473126 0.469236 0.471441 0.473734 0.472473 0.469532 0.467003 0.46647 0.466154 0.462562 0.457132 0.452911 0.449395 0.445547 0.442063 0.439316 0.436338 0.432775 0.42933 0.426599 0.424934 0.423948 0.42283 0.421017 0.418443 0.416725 0.417245 0.419452 0.422588 0.426264 0.434615 0.4565
1.04992 1.07292 1.09992 1.12017 1.1208 1.11587 1.12022 1.09897 1.02703 0.948382 0.904337 0.907202 0.961587 1.06257 1.13574 1.06436 0.910766 0.819387 0.785578 0.7588 0.737929 0.728873 0.723727 0.712786 0.687269 0.645272 0.593007 0.541255 0.502846 0.480243 0.469867 0.46502 0.460377 0.459225 0.463538 0.467929 0.46888 0.467355 0.465404 0.465456 0.465308 0.460345 0.452563 0.446114 0.440396 0.4341 0.428277 0.423469 0.418249 0.412143 0.406302 0.401323 0.397227 0.394512 0.393668 0.392962 0.390614 0.388682 0.389453 0.392947 0.397696 0.400434 0.405259 0.424577
1.04353 1.06024 1.07449 1.07908 1.07571 1.10106 1.1774 1.19369 1.0716 0.936491 0.882248 0.87297 0.87894 0.896123 0.90466 0.874214 0.822863 0.790812 0.77766 0.770226 0.767657 0.767989 0.758527 0.734129 0.704985 0.667853 0.604494 0.530288 0.483334 0.464379 0.456296 0.453384 0.453987 0.456611 0.460049 0.46367 0.466171 0.465232 0.461755 0.45968 0.457847 0.452111 0.443721 0.435786 0.427948 0.419566 0.412424 0.406955 0.399914 0.390977 0.384278 0.380239 0.375854 0.371885 0.370886 0.370851 0.368968 0.367261 0.368175 0.371641 0.376094 0.378233 0.381906 0.398996
1.0708 1.07319 1.0746 1.06903 1.06199 1.09294 1.18421 1.21429 1.09507 0.952519 0.881925 0.846797 0.817761 0.793607 0.775259 0.763434 0.754137 0.742169 0.73209 0.729958 0.732675 0.740312 0.766853 0.814053 0.858241 0.851587 0.729502 0.552501 0.462868 0.454232 0.452494 0.447303 0.447222 0.449166 0.450087 0.452906 0.457474 0.457879 0.453509 0.449431 0.446604 0.442992 0.437143 0.428343 0.418043 0.408233 0.400518 0.39487 0.388128 0.379527 0.372022 0.366521 0.361864 0.357986 0.35539 0.353436 0.351506 0.351176 0.353529 0.356611 0.358586 0.358948 0.362709 0.380411
1.10955 1.10444 1.08658 1.05871 1.0422 1.06415 1.13291 1.1613 1.08203 0.963423 0.869582 0.809594 0.778337 0.760686 0.746641 0.731516 0.713634 0.693805 0.678018 0.671865 0.671376 0.682772 0.744311 0.86297 0.982838 1.02224 0.887782 0.652109 0.499662 0.450686 0.44319 0.446061 0.444048 0.43945 0.437379 0.440416 0.446773 0.448766 0.444777 0.439803 0.436483 0.435102 0.432191 0.423816 0.412329 0.401442 0.393105 0.387609 0.382579 0.37627 0.368362 0.360465 0.355525 0.352318 0.347603 0.342549 0.339788 0.340204 0.343206 0.345429 0.345016 0.34388 0.348131 0.367366
1.11066 1.11415 1.06469 0.987964 0.950379 0.969867 1.03142 1.06794 1.02558 0.931475 0.828691 0.761877 0.740804 0.731362 0.717272 0.700213 0.681573 0.662676 0.64774 0.640908 0.641568 0.653909 0.697402 0.779273 0.880947 0.960528 0.954806 0.840746 0.637738 0.455265 0.41502 0.447334 0.449339 0.434573 0.429966 0.433937 0.440471 0.443084 0.440268 0.435616 0.431546 0.429092 0.426206 0.419965 0.410167 0.398324 0.388679 0.383516 0.380005 0.375447 0.368342 0.360383 0.355647 0.352497 0.346544 0.339633 0.335434 0.334118 0.334637 0.335188 0.334775 0.334242 0.338771 0.357483
1.02478 1.00647 0.947547 0.873452 0.827709 0.838778 0.911188 0.971619 0.953605 0.874404 0.775395 0.713956 0.702912 0.697372 0.681358 0.666389 0.654772 0.643486 0.633332 0.626882 0.627746 0.636663 0.646447 0.660398 0.701702 0.789128 0.925629 0.984309 0.77833 0.484313 0.401546 0.446324 0.452984 0.434973 0.428572 0.431314 0.43624 0.438006 0.435592 0.432161 0.428717 0.424721 0.420451 0.416017 0.408752 0.39722 0.386512 0.380345 0.376967 0.373798 0.368215 0.361075 0.356066 0.352147 0.34594 0.338945 0.333988 0.3307 0.328261 0.327007 0.326965 0.327354 0.331731 0.348083
0.878677 0.7967 0.774746 0.789398 0.74848 0.722577 0.808981 0.903164 0.893993 0.816717 0.728306 0.675793 0.667234 0.663613 0.651009 0.639281 0.631183 0.624787 0.617828 0.609455 0.604888 0.607052 0.609112 0.608513 0.613776 0.667298 0.835536 0.975704 0.826958 0.542155 0.42924 0.442101 0.447596 0.438764 0.431408 0.429333 0.431219 0.430702 0.427005 0.425154 0.424659 0.421574 0.41666 0.412104 0.406039 0.396626 0.386009 0.376977 0.371964 0.370017 0.365821 0.35872 0.352392 0.347133 0.34133 0.335648 0.331317 0.327846 0.324664 0.322301 0.321129 0.320976 0.324622 0.337761
0.907017 0.844306 0.872305 0.910041 0.798588 0.682157 0.758954 0.872235 0.849125 0.76088 0.688848 0.649184 0.636637 0.628714 0.617205 0.606973 0.599695 0.594609 0.588966 0.580965 0.575637 0.577538 0.585537 0.592524 0.584601 0.603565 0.74264 0.889393 0.806043 0.589238 0.470563 0.446133 0.444285 0.442579 0.435161 0.429142 0.427478 0.424227 0.419218 0.418464 0.420543 0.419389 0.414991 0.409747 0.403663 0.396052 0.386369 0.375803 0.368948 0.36633 0.362499 0.355868 0.348758 0.342394 0.337124 0.332673 0.328648 0.325252 0.322635 0.320347 0.318234 0.316927 0.319028 0.328837
1.11257 1.17146 1.22638 1.17971 0.960153 0.758643 0.791548 0.875277 0.815044 0.711102 0.656646 0.630124 0.610074 0.591912 0.57587 0.564974 0.557816 0.550943 0.544697 0.541268 0.544297 0.555117 0.568138 0.575112 0.566607 0.57749 0.683475 0.803075 0.756927 0.603484 0.501065 0.461518 0.449951 0.446047 0.438885 0.431658 0.426486 0.420947 0.415871 0.415397 0.417833 0.417855 0.414651 0.409461 0.40301 0.395651 0.387074 0.377771 0.370116 0.364834 0.360096 0.354637 0.348034 0.341385 0.336368 0.332161 0.327461 0.323455 0.321236 0.319754 0.31804 0.316018 0.316127 0.323236
1.0206 1.09184 1.1291 1.10337 1.02564 0.951112 0.928449 0.891113 0.784273 0.681142 0.633167 0.606688 0.57934 0.555395 0.53827 0.528568 0.521228 0.509833 0.499974 0.499863 0.509532 0.525572 0.541002 0.549541 0.548059 0.563119 0.647761 0.742711 0.718207 0.608329 0.519061 0.472403 0.458035 0.454603 0.446358 0.436036 0.427094 0.420145 0.415991 0.415647 0.417076 0.416523 0.413653 0.409495 0.403823 0.396404 0.388178 0.380114 0.372744 0.366223 0.360251 0.354382 0.348149 0.342014 0.336853 0.332375 0.327985 0.3239 0.320594 0.318638 0.317715 0.31596 0.315098 0.320948
0.600983 0.537439 0.526542 0.653651 0.932972 1.15455 1.09358 0.896685 0.752271 0.665317 0.611168 0.571969 0.539472 0.516594 0.503464 0.496786 0.489472 0.474762 0.461508 0.460975 0.469849 0.482879 0.499194 0.515442 0.52376 0.543772 0.621217 0.709569 0.702833 0.617359 0.527964 0.472727 0.463971 0.468387 0.458324 0.442335 0.4295 0.421848 0.41893 0.418348 0.417735 0.415174 0.411607 0.408644 0.404648 0.397898 0.389547 0.381252 0.374505 0.369156 0.362927 0.355646 0.34909 0.343287 0.337382 0.332319 0.329092 0.325639 0.320655 0.317257 0.316697 0.315526 0.314615 0.320227
