data_raster/melanesia/PNMC_micronecton_2021/202101.grd
DSAA																																																																																																																																																																																																																																																																																																																																																																																																																											
412	268																																																																																																																																																																																																																																																																																																																																																																																																																										
156	174.5																																																																																																																																																																																																																																																																																																																																																																																																																										
-26.5	-14.5																																																																																																																																																																																																																																																																																																																																																																																																																										
0	3.18944																																																																																																																																																																																																																																																																																																																																																																																																																										
[rows 224 to 251 of 268, columns 128 to 191 of 412]
0.221426 0.227823 0.231041 0.23005 0.226705 0.222865 0.220063 0.218198 0.21624 0.213326 0.209142 0.205287 0.202919 0.20084 0.198715 0.198266 0.199568 0.200676 0.201316 0.202465 0.203857 0.204824 0.206166 0.208616 0.210856 0.212258 0.214781 0.218678 0.221119 0.221498 0.221655 0.221868 0.221389 0.220663 0.220314 0.219042 0.215945 0.2132 0.212471 0.213125 0.214535 0.216505 0.219733 0.225488 0.232399 0.237583 0.2393 0.237578 0.237996 0.245888 0.261651 0.279597 0.284755 0.273119 0.255328 0.23992 0.232074 0.228912 0.224202 0.218612 0.214904 0.213938 0.215127 0.215458
0.21555 0.223513 0.229057 0.231255 0.228724 0.223319 0.219337 0.217026 0.214465 0.211345 0.208058 0.205282 0.203231 0.20076 0.197761 0.196218 0.196696 0.197914 0.198968 0.199403 0.199443 0.199707 0.201052 0.203802 0.206101 0.207007 0.208757 0.211993 0.214293 0.214897 0.214972 0.214905 0.214536 0.214194 0.214107 0.212853 0.20954 0.206526 0.205701 0.206697 0.209325 0.213977 0.220283 0.227038 0.232017 0.232879 0.230736 0.228719 0.232429 0.244758 0.259159 0.268187 0.265938 0.253445 0.239858 0.230231 0.22542 0.222905 0.219145 0.215453 0.21421 0.214928 0.216414 0.217464
0.209948 0.216647 0.22244 0.227148 0.226027 0.220501 0.216933 0.214708 0.210028 0.205437 0.204445 0.204534 0.202948 0.200197 0.197286 0.195156 0.194384 0.195072 0.196184 0.19608 0.195455 0.195909 0.197227 0.198744 0.200426 0.20219 0.203529 0.204545 0.206321 0.208592 0.209725 0.209463 0.208519 0.207313 0.205989 0.204078 0.201387 0.199174 0.198574 0.199905 0.203633 0.21044 0.218382 0.223292 0.223675 0.220248 0.216953 0.218573 0.227758 0.24261 0.250269 0.245341 0.239405 0.236827 0.231209 0.222848 0.217622 0.215559 0.213835 0.212934 0.213908 0.215202 0.21578 0.217438
0.196489 0.201814 0.206011 0.208724 0.208908 0.207847 0.208388 0.208352 0.20387 0.199168 0.199416 0.200954 0.199847 0.197143 0.194316 0.192199 0.19124 0.191476 0.192284 0.192682 0.192872 0.193501 0.194172 0.194575 0.195968 0.198783 0.200779 0.201332 0.202766 0.205173 0.206204 0.205202 0.202816 0.199974 0.197569 0.195742 0.194514 0.19425 0.195287 0.197775 0.20162 0.206375 0.210602 0.212196 0.211765 0.211478 0.212433 0.215391 0.221671 0.230033 0.231764 0.224732 0.220986 0.223127 0.220809 0.213949 0.210877 0.211438 0.21134 0.21118 0.212649 0.21456 0.216081 0.218946
0.180045 0.183362 0.185245 0.184496 0.185006 0.188072 0.192312 0.194966 0.193468 0.191233 0.192276 0.193739 0.192704 0.19052 0.188535 0.186933 0.185998 0.186208 0.187249 0.188267 0.189161 0.190141 0.190864 0.191255 0.19285 0.196247 0.199085 0.200311 0.201445 0.202575 0.202185 0.200044 0.196895 0.193616 0.191083 0.189919 0.190392 0.191891 0.193999 0.197009 0.200141 0.201128 0.200053 0.199255 0.200655 0.205294 0.210333 0.21233 0.21225 0.211724 0.2109 0.210243 0.21118 0.212555 0.210228 0.20589 0.205558 0.208258 0.209719 0.21006 0.210879 0.213112 0.216975 0.221299
0.16963 0.168994 0.169061 0.168074 0.167285 0.167823 0.17037 0.173895 0.176702 0.179179 0.181904 0.182957 0.181377 0.180259 0.180834 0.180154 0.178285 0.178942 0.181411 0.181916 0.181657 0.183678 0.186558 0.188284 0.190239 0.193371 0.195924 0.196994 0.197512 0.197341 0.195244 0.192233 0.190564 0.189635 0.188077 0.187432 0.18901 0.190594 0.190937 0.19215 0.19424 0.193938 0.191707 0.191393 0.193357 0.195818 0.197934 0.199196 0.198794 0.196968 0.197104 0.200541 0.203898 0.205075 0.204228 0.202398 0.201226 0.202136 0.205798 0.209158 0.209559 0.211195 0.216917 0.222198
0.165202 0.160876 0.159314 0.158674 0.155836 0.152067 0.15207 0.155936 0.161125 0.165966 0.169227 0.170003 0.168736 0.16908 0.171972 0.172972 0.171701 0.172712 0.175345 0.175365 0.17489 0.178215 0.182941 0.185615 0.187263 0.189085 0.190413 0.190817 0.190606 0.189665 0.187503 0.185343 0.18521 0.185914 0.185455 0.185294 0.18678 0.187587 0.186478 0.185896 0.186519 0.186111 0.184999 0.185728 0.186642 0.184334 0.181833 0.18323 0.185464 0.185685 0.187032 0.191241 0.195603 0.19847 0.200058 0.19998 0.197665 0.196715 0.201543 0.207204 0.20811 0.209608 0.215783 0.221118
0.16379 0.158302 0.15505 0.152396 0.147991 0.143821 0.145009 0.14982 0.153184 0.154756 0.155797 0.156613 0.157524 0.159488 0.162749 0.166171 0.168707 0.169661 0.169705 0.170486 0.172965 0.177312 0.181395 0.183131 0.183431 0.183511 0.183764 0.184011 0.183425 0.182414 0.182559 0.183228 0.182546 0.181334 0.181236 0.181698 0.181846 0.181939 0.182074 0.181578 0.180306 0.178962 0.178118 0.178007 0.17712 0.173633 0.171015 0.173127 0.175911 0.175716 0.176008 0.179458 0.184985 0.19064 0.194025 0.194824 0.194553 0.19539 0.199159 0.203523 0.205912 0.208814 0.214022 0.218622
0.161852 0.156848 0.153232 0.149191 0.144623 0.141624 0.143477 0.147096 0.146804 0.144254 0.143197 0.144341 0.147282 0.150709 0.154244 0.159249 0.164512 0.166016 0.165154 0.167092 0.171896 0.176965 0.180062 0.180084 0.179486 0.180361 0.18216 0.183783 0.183946 0.183315 0.184314 0.185594 0.183817 0.181161 0.18126 0.182074 0.181062 0.179578 0.178609 0.176848 0.174081 0.171918 0.170577 0.16894 0.166743 0.164464 0.163731 0.16573 0.167633 0.167253 0.16721 0.169814 0.175239 0.181915 0.186578 0.188918 0.191048 0.193699 0.19677 0.200112 0.203667 0.207785 0.212522 0.216968
0.157983 0.153955 0.151737 0.148896 0.145695 0.143127 0.142379 0.141758 0.138619 0.134966 0.133848 0.135276 0.13851 0.142834 0.147632 0.152442 0.15667 0.159624 0.161854 0.164795 0.169119 0.174559 0.177958 0.177193 0.177324 0.181936 0.187587 0.191421 0.19302 0.192704 0.191327 0.189424 0.187373 0.186187 0.186686 0.187273 0.185984 0.182038 0.175979 0.170565 0.167185 0.164964 0.162989 0.160573 0.158353 0.157554 0.157747 0.158092 0.15899 0.160842 0.163121 0.165635 0.169089 0.173733 0.179097 0.183963 0.186822 0.1891 0.193262 0.198029 0.201624 0.205739 0.211556 0.216931
0.155368 0.152361 0.15115 0.149616 0.147936 0.145956 0.143159 0.139583 0.135717 0.132741 0.131773 0.132596 0.134899 0.138973 0.144141 0.147985 0.150404 0.154 0.158946 0.1636 0.168146 0.173286 0.177125 0.178307 0.180543 0.186114 0.191462 0.194195 0.194946 0.194025 0.191248 0.18787 0.185929 0.18561 0.186102 0.186021 0.183994 0.179226 0.172288 0.166268 0.162584 0.159951 0.157636 0.155638 0.154399 0.154349 0.154078 0.152411 0.152545 0.156786 0.16166 0.164584 0.166459 0.168787 0.1732 0.17878 0.182818 0.186065 0.190683 0.195373 0.198616 0.203012 0.209983 0.215597
0.156221 0.153868 0.152223 0.150658 0.149433 0.148029 0.145368 0.142001 0.139264 0.137307 0.135965 0.135678 0.1369 0.139732 0.143506 0.146406 0.148353 0.15133 0.156235 0.162842 0.169236 0.173289 0.176527 0.180813 0.18474 0.186761 0.18668 0.184944 0.182681 0.180755 0.179612 0.178698 0.17702 0.175548 0.175496 0.174742 0.171484 0.168117 0.166156 0.163648 0.159914 0.156575 0.154521 0.153752 0.153664 0.153313 0.151865 0.149366 0.149446 0.15444 0.160374 0.164126 0.16615 0.167522 0.169594 0.173411 0.179492 0.185864 0.189778 0.192195 0.195296 0.200605 0.207753 0.2121
0.160514 0.158004 0.155378 0.153191 0.150698 0.147805 0.145035 0.142661 0.14078 0.13937 0.138481 0.138629 0.14002 0.141771 0.143434 0.14559 0.14828 0.150921 0.154531 0.160897 0.167274 0.169691 0.170636 0.173242 0.175013 0.173701 0.170492 0.166872 0.164051 0.163081 0.164657 0.166675 0.165734 0.163513 0.163063 0.162364 0.159427 0.157217 0.157327 0.156591 0.153842 0.151405 0.150347 0.150276 0.150172 0.148923 0.147285 0.146688 0.148109 0.15193 0.157211 0.162511 0.165934 0.167117 0.16769 0.170015 0.176446 0.184297 0.188977 0.191579 0.194905 0.200153 0.206472 0.208925
0.165916 0.162526 0.159046 0.156245 0.1519 0.146495 0.142764 0.140687 0.138862 0.137637 0.137826 0.139346 0.14152 0.142744 0.142917 0.144671 0.148213 0.150851 0.152944 0.156886 0.160927 0.161798 0.160072 0.157447 0.154883 0.152772 0.150592 0.148495 0.147834 0.149289 0.152587 0.155531 0.155199 0.153284 0.152832 0.152886 0.151832 0.149876 0.147633 0.145821 0.14486 0.144716 0.144908 0.144604 0.143356 0.141259 0.1404 0.142727 0.145998 0.148462 0.152882 0.159884 0.164827 0.16618 0.166913 0.169176 0.174014 0.180649 0.187374 0.192979 0.197008 0.201156 0.205706 0.206193
0.16843 0.164019 0.160099 0.156975 0.152708 0.147471 0.143251 0.140556 0.13902 0.13844 0.138675 0.139575 0.140824 0.141698 0.142278 0.144086 0.146903 0.148517 0.149177 0.150846 0.152795 0.1531 0.151155 0.1474 0.144346 0.143444 0.142683 0.141421 0.141773 0.144031 0.14638 0.147381 0.146223 0.144444 0.144152 0.144892 0.145337 0.143908 0.14055 0.138405 0.13882 0.140146 0.140871 0.139944 0.13774 0.135552 0.134891 0.136845 0.140292 0.144329 0.150308 0.157892 0.16302 0.164819 0.166718 0.169797 0.173135 0.177694 0.184918 0.192531 0.19775 0.201162 0.203177 0.201788
0.168176 0.16303 0.15893 0.155797 0.152771 0.149361 0.145549 0.142434 0.141376 0.141331 0.140752 0.139812 0.139186 0.139718 0.141525 0.143446 0.144598 0.14463 0.144185 0.144497 0.145297 0.145628 0.145152 0.144039 0.143496 0.144027 0.144029 0.143115 0.143146 0.144156 0.144201 0.142722 0.140292 0.138192 0.137691 0.138429 0.139352 0.13881 0.136503 0.135102 0.135772 0.137106 0.137616 0.136114 0.133585 0.132052 0.131307 0.130865 0.133097 0.139659 0.148037 0.155434 0.159932 0.162175 0.165648 0.170216 0.173034 0.175893 0.182317 0.190229 0.196124 0.199075 0.198997 0.196357
0.167585 0.162268 0.157909 0.154939 0.151829 0.148392 0.145639 0.143844 0.142778 0.141974 0.140978 0.139759 0.138686 0.138877 0.140511 0.141985 0.142359 0.141695 0.140669 0.14026 0.140322 0.140248 0.140227 0.140539 0.140811 0.140937 0.141738 0.143116 0.143419 0.142474 0.141645 0.140742 0.138672 0.136181 0.134668 0.134431 0.135085 0.135159 0.133948 0.132735 0.132376 0.132746 0.132835 0.131105 0.128724 0.128084 0.128196 0.127595 0.128933 0.134508 0.142503 0.150239 0.15486 0.157132 0.161987 0.168625 0.171967 0.174222 0.180509 0.188224 0.193011 0.194911 0.194628 0.1919
0.166266 0.161429 0.157052 0.154162 0.150246 0.145922 0.144309 0.144286 0.142826 0.140847 0.14015 0.13992 0.139315 0.139111 0.139675 0.140251 0.140281 0.139602 0.138591 0.137939 0.137539 0.137 0.136698 0.136904 0.13656 0.135587 0.136776 0.140068 0.140618 0.138229 0.137571 0.138434 0.1375 0.135155 0.133281 0.132428 0.132466 0.132434 0.131629 0.130226 0.128778 0.128142 0.127811 0.126209 0.124239 0.124 0.124918 0.125694 0.126768 0.129376 0.135606 0.1446 0.149998 0.151466 0.156397 0.164453 0.169234 0.172347 0.178751 0.185719 0.189052 0.189981 0.18983 0.186942
0.163189 0.159327 0.155555 0.152483 0.148608 0.144827 0.143824 0.144079 0.142343 0.140227 0.140219 0.140727 0.14016 0.139555 0.1395 0.139134 0.13824 0.137469 0.136947 0.13639 0.135833 0.135467 0.135357 0.135392 0.134994 0.134215 0.134752 0.136424 0.135957 0.133481 0.132618 0.133138 0.132408 0.131076 0.130858 0.131058 0.130628 0.129738 0.128663 0.127414 0.126186 0.125431 0.124877 0.123655 0.122089 0.121185 0.121427 0.122776 0.123926 0.124968 0.130791 0.141595 0.14769 0.14755 0.150584 0.158164 0.164855 0.170093 0.175748 0.181076 0.184571 0.185604 0.183868 0.179331
0.160013 0.156779 0.153597 0.150441 0.147277 0.144691 0.143634 0.143299 0.142186 0.14095 0.140663 0.140684 0.140332 0.13992 0.13951 0.138495 0.137023 0.136116 0.135795 0.135349 0.134864 0.134752 0.134827 0.134816 0.134891 0.135066 0.134783 0.133721 0.132055 0.130253 0.128977 0.128032 0.1268 0.12604 0.126731 0.127719 0.127657 0.12665 0.125205 0.124062 0.12363 0.123798 0.124003 0.123362 0.121753 0.119687 0.118677 0.119899 0.121256 0.122022 0.127704 0.138871 0.145273 0.144775 0.146319 0.152479 0.160015 0.166616 0.171047 0.17475 0.178999 0.180606 0.177144 0.170736
0.158314 0.154815 0.151689 0.148911 0.146542 0.14459 0.143056 0.142349 0.142797 0.14272 0.140635 0.138964 0.139529 0.140096 0.139244 0.138022 0.137029 0.13609 0.135278 0.134841 0.134588 0.134184 0.133816 0.133819 0.134402 0.135222 0.134756 0.132695 0.130791 0.129547 0.128057 0.126237 0.124566 0.123045 0.121646 0.12134 0.122568 0.12318 0.121947 0.120578 0.12049 0.122128 0.124252 0.124335 0.122208 0.119306 0.117622 0.118565 0.120029 0.120897 0.125435 0.134407 0.1406 0.142137 0.144576 0.149772 0.156069 0.161633 0.165095 0.16814 0.172263 0.173886 0.170166 0.163117
0.157185 0.153415 0.150491 0.148492 0.146668 0.144835 0.14336 0.142783 0.143374 0.143134 0.140392 0.138289 0.139136 0.14001 0.139079 0.137762 0.136781 0.135735 0.134913 0.13502 0.135187 0.134151 0.133087 0.133409 0.134415 0.135022 0.134371 0.132501 0.13074 0.129398 0.127696 0.125852 0.124572 0.122633 0.118813 0.116366 0.117969 0.120191 0.120274 0.119308 0.118958 0.120895 0.124001 0.124831 0.123022 0.120241 0.118366 0.118709 0.11981 0.120807 0.124585 0.131669 0.137172 0.139943 0.143948 0.149509 0.153902 0.157062 0.160285 0.163659 0.166464 0.16664 0.162813 0.156115
0.155879 0.1525 0.150219 0.14896 0.147384 0.145618 0.144942 0.144677 0.143309 0.141466 0.140324 0.139906 0.139888 0.139802 0.139173 0.137593 0.135517 0.134331 0.134523 0.135707 0.136315 0.134828 0.133394 0.134236 0.135367 0.13499 0.133871 0.13259 0.130898 0.128826 0.126785 0.125437 0.125261 0.124103 0.119757 0.115824 0.115954 0.11837 0.120611 0.121047 0.120062 0.120535 0.122617 0.123887 0.123538 0.121951 0.120325 0.119837 0.120142 0.121268 0.125414 0.132354 0.136862 0.138502 0.14304 0.149777 0.153013 0.154236 0.157968 0.162 0.162641 0.160206 0.155773 0.149929
0.154812 0.152221 0.150176 0.148649 0.147416 0.146454 0.145848 0.14491 0.142833 0.140929 0.140682 0.140993 0.140678 0.139993 0.138978 0.136952 0.134523 0.133742 0.13473 0.136064 0.136563 0.135597 0.13474 0.135425 0.135883 0.13486 0.133898 0.133532 0.132217 0.129754 0.127476 0.126192 0.126047 0.125244 0.121887 0.118025 0.116347 0.117758 0.121292 0.122916 0.121604 0.120843 0.121606 0.122313 0.122487 0.122365 0.121917 0.121193 0.121117 0.122768 0.126986 0.132857 0.136436 0.137658 0.141348 0.147105 0.150466 0.152581 0.156799 0.1602 0.159033 0.155364 0.151454 0.14659
0.153797 0.152137 0.150005 0.147528 0.146712 0.146912 0.145429 0.143141 0.142512 0.142526 0.141522 0.140693 0.140916 0.140425 0.138336 0.135976 0.134543 0.134735 0.1358 0.136093 0.135888 0.136218 0.136635 0.136408 0.13562 0.134732 0.134646 0.135181 0.134475 0.132273 0.130059 0.128343 0.126892 0.125447 0.123717 0.121298 0.118554 0.118371 0.121508 0.123417 0.122429 0.121607 0.121615 0.120783 0.11996 0.121121 0.122678 0.122495 0.122567 0.124917 0.128531 0.132181 0.135216 0.137464 0.139299 0.141756 0.146157 0.151491 0.155545 0.156839 0.154887 0.151962 0.149525 0.145408
0.151769 0.151065 0.149911 0.147793 0.146867 0.146753 0.145065 0.142992 0.143162 0.143853 0.142661 0.141229 0.14096 0.140044 0.1377 0.135754 0.13531 0.136271 0.137394 0.136929 0.136105 0.137043 0.138094 0.137247 0.135814 0.135256 0.135667 0.13634 0.135707 0.133742 0.131986 0.130458 0.128281 0.126346 0.125772 0.124681 0.121747 0.120234 0.121864 0.12339 0.123199 0.122686 0.121862 0.11954 0.117885 0.120274 0.12372 0.124097 0.123927 0.126133 0.129715 0.133357 0.136416 0.13826 0.138341 0.13891 0.143884 0.150596 0.153582 0.153091 0.151206 0.148794 0.146031 0.142108
0.149318 0.149265 0.149583 0.148868 0.147612 0.146301 0.145281 0.144654 0.144354 0.144163 0.143767 0.142707 0.140838 0.138924 0.137541 0.136714 0.136639 0.137688 0.138819 0.138224 0.137185 0.137936 0.138907 0.138123 0.13681 0.1363 0.136529 0.136798 0.135809 0.133802 0.132508 0.131643 0.129768 0.127909 0.127576 0.12694 0.124416 0.122378 0.12249 0.123367 0.123842 0.123561 0.122093 0.119152 0.117493 0.120718 0.125144 0.125774 0.125173 0.126786 0.130762 0.135779 0.138912 0.139265 0.138691 0.139544 0.143967 0.149333 0.151199 0.15044 0.149132 0.146322 0.141545 0.137336
0.148391 0.148258 0.148399 0.147942 0.147132 0.146295 0.145724 0.145287 0.14471 0.144363 0.144426 0.143307 0.140315 0.138191 0.138269 0.138588 0.138432 0.138794 0.139237 0.138418 0.137504 0.138386 0.139588 0.139214 0.137994 0.137024 0.136892 0.137213 0.136288 0.134152 0.13261 0.131657 0.130167 0.128602 0.12781 0.126794 0.124735 0.123135 0.123007 0.12342 0.123636 0.1235 0.122568 0.120346 0.119145 0.122125 0.126109 0.126817 0.126723 0.128796 0.132258 0.135742 0.138018 0.138894 0.139441 0.140734 0.143598 0.147054 0.149345 0.150184 0.149537 0.146257 0.140443 0.135917
