data_raster/melanesia/PNMC_micronecton_2021/202101.grd
DSAA																																																																																																																																																																																																																																																																																																																																																																																																																											
412	268																																																																																																																																																																																																																																																																																																																																																																																																																										
156	174.5																																																																																																																																																																																																																																																																																																																																																																																																																										
-26.5	-14.5																																																																																																																																																																																																																																																																																																																																																																																																																										
0	3.18944																																																																																																																																																																																																																																																																																																																																																																																																																										
[rows 168 to 195 of 268, columns 192 to 255 of 412]
0.329524 0.332972 0.330997 0.323845 0.313682 0.303614 0.293796 0.283362 0.274026 0.267969 0.266043 0.269909 0.283434 0.299637 0.296181 0.276014 0.266511 0.269033 0.268586 0.265011 0.263615 0.263215 0.261796 0.260621 0.26059 0.260674 0.260039 0.258514 0.257949 0.261556 0.268088 0.273824 0.276796 0.275821 0.26999 0.260139 0.251563 0.247012 0.24346 0.239018 0.233949 0.230101 0.230086 0.232689 0.235068 0.237116 0.239507 0.242146 0.244946 0.248249 0.251326 0.251755 0.250143 0.250277 0.252899 0.256338 0.258278 0.257119 0.256427 0.2595 0.2634 0.265405 0.265972 0.265665
0.332235 0.334468 0.329476 0.32029 0.309992 0.301058 0.29229 0.281627 0.272261 0.268986 0.276063 0.292676 0.307038 0.308431 0.290628 0.264636 0.256038 0.261959 0.262606 0.25898 0.25925 0.260379 0.258452 0.256878 0.258119 0.260067 0.260958 0.260322 0.259846 0.262711 0.268115 0.272801 0.273466 0.268139 0.26041 0.25408 0.249635 0.246389 0.242604 0.23789 0.23359 0.230924 0.230761 0.232409 0.234558 0.237232 0.240623 0.243774 0.246173 0.248966 0.251635 0.250793 0.247297 0.246508 0.249418 0.253608 0.256139 0.254976 0.253805 0.256186 0.259309 0.260664 0.26113 0.261492
0.315253 0.313997 0.310636 0.305539 0.299609 0.293882 0.286672 0.276638 0.271601 0.280115 0.302845 0.329205 0.327946 0.293887 0.263513 0.252566 0.252693 0.255638 0.255066 0.253209 0.254545 0.25599 0.25449 0.253799 0.256372 0.259578 0.261456 0.261809 0.262086 0.264738 0.268251 0.269043 0.265916 0.259422 0.253339 0.250465 0.248733 0.246154 0.242344 0.238016 0.234905 0.233372 0.232731 0.233327 0.235831 0.239467 0.243019 0.245556 0.246853 0.248171 0.249531 0.248736 0.246209 0.245215 0.246545 0.249001 0.250721 0.250329 0.250461 0.253412 0.256184 0.256871 0.258143 0.260749
0.293933 0.292343 0.292891 0.293855 0.293836 0.292198 0.291003 0.293412 0.301228 0.314593 0.329533 0.33629 0.314719 0.269507 0.242638 0.243907 0.249168 0.249824 0.248781 0.248698 0.251061 0.252813 0.25166 0.251625 0.255131 0.259125 0.261686 0.263256 0.264417 0.265601 0.265814 0.263499 0.259014 0.253733 0.250003 0.248955 0.24779 0.244912 0.241981 0.23994 0.23848 0.237394 0.236692 0.237115 0.239466 0.242621 0.245148 0.247006 0.248254 0.24842 0.247519 0.246441 0.245567 0.244701 0.244313 0.245188 0.246516 0.24713 0.248013 0.250175 0.25247 0.254341 0.257366 0.26123
0.276642 0.278969 0.283183 0.28774 0.291366 0.29398 0.303116 0.326064 0.348436 0.352826 0.336059 0.303015 0.269613 0.247306 0.238515 0.239824 0.243086 0.24487 0.245317 0.246294 0.249433 0.251719 0.250893 0.251091 0.254836 0.259125 0.262343 0.265484 0.267857 0.267334 0.264384 0.260871 0.257247 0.253607 0.250949 0.249563 0.24723 0.243575 0.24213 0.243292 0.243438 0.242164 0.241662 0.242311 0.243482 0.244664 0.245651 0.247199 0.249217 0.249095 0.246391 0.244579 0.244454 0.243742 0.242652 0.243045 0.244615 0.246091 0.246769 0.246829 0.248723 0.25358 0.25872 0.261995
0.260236 0.26593 0.271791 0.274127 0.275334 0.282279 0.300274 0.329672 0.348927 0.337569 0.303461 0.262929 0.237405 0.233719 0.236474 0.237942 0.239752 0.242175 0.244408 0.246554 0.248921 0.250818 0.251874 0.253566 0.256783 0.260578 0.264631 0.269633 0.274449 0.276399 0.274567 0.269439 0.263447 0.259086 0.255862 0.252703 0.249069 0.245611 0.244841 0.246523 0.247097 0.245895 0.244616 0.243752 0.243167 0.243094 0.243755 0.244831 0.245743 0.245616 0.244384 0.243311 0.242806 0.24227 0.241579 0.241051 0.241508 0.243526 0.245223 0.245482 0.24823 0.255245 0.261583 0.264086
0.24586 0.251878 0.25785 0.257622 0.256269 0.265796 0.28408 0.300911 0.301578 0.278117 0.250503 0.235572 0.23007 0.229803 0.233131 0.237679 0.24043 0.242033 0.245098 0.248232 0.249194 0.250371 0.253999 0.257758 0.260273 0.263696 0.269128 0.275708 0.282299 0.287473 0.28806 0.281027 0.271143 0.264553 0.260016 0.255491 0.25194 0.250006 0.248903 0.248219 0.248094 0.247534 0.244911 0.241428 0.239484 0.239397 0.240408 0.240562 0.239127 0.238921 0.240737 0.241433 0.240494 0.240396 0.240716 0.239313 0.238118 0.24011 0.243399 0.246046 0.251007 0.25931 0.265791 0.267337
0.238638 0.242114 0.248836 0.256548 0.264211 0.271511 0.275356 0.271607 0.258095 0.237042 0.223327 0.225213 0.230474 0.232173 0.23506 0.23984 0.242585 0.243677 0.246047 0.248838 0.250255 0.252258 0.256524 0.260551 0.2633 0.268113 0.275662 0.282471 0.286349 0.286575 0.282945 0.275842 0.26764 0.260952 0.256079 0.252914 0.251866 0.252104 0.250544 0.247323 0.246382 0.246744 0.243927 0.239557 0.237793 0.237897 0.23774 0.236598 0.2348 0.234383 0.235869 0.237048 0.237405 0.238364 0.2395 0.239292 0.238812 0.24 0.242691 0.246759 0.254393 0.265035 0.271363 0.270492
0.240915 0.243098 0.251568 0.267849 0.283195 0.283143 0.269258 0.250779 0.234203 0.224125 0.221823 0.226081 0.231766 0.235837 0.239089 0.241936 0.244124 0.2457 0.246976 0.248591 0.251194 0.254794 0.259109 0.263553 0.268245 0.274747 0.282131 0.286041 0.283975 0.275736 0.265688 0.259751 0.256221 0.2516 0.247748 0.246885 0.248434 0.250333 0.248862 0.244555 0.242874 0.243524 0.241912 0.238917 0.237721 0.237188 0.235454 0.233733 0.233103 0.232642 0.232098 0.232715 0.234662 0.236862 0.238909 0.240868 0.24227 0.242795 0.244213 0.248778 0.25815 0.270335 0.275968 0.272681
0.251931 0.258653 0.268843 0.276896 0.27757 0.267132 0.250108 0.234402 0.223762 0.219866 0.222054 0.22809 0.233395 0.235938 0.237868 0.240429 0.243559 0.24643 0.247987 0.249055 0.25119 0.255376 0.262011 0.270215 0.278399 0.284067 0.285508 0.282259 0.274938 0.265187 0.256042 0.250695 0.247987 0.245575 0.243511 0.242508 0.243365 0.245302 0.244821 0.241565 0.239102 0.238531 0.238734 0.238305 0.236138 0.233585 0.232311 0.231911 0.231746 0.231775 0.232043 0.232601 0.233899 0.2367 0.240254 0.242881 0.244453 0.245768 0.248475 0.254114 0.262979 0.27282 0.276627 0.273274
0.262032 0.272753 0.281721 0.275448 0.256773 0.239997 0.229247 0.223229 0.219957 0.218358 0.221196 0.228692 0.233733 0.233755 0.234211 0.237249 0.241119 0.244742 0.247698 0.250261 0.253259 0.258679 0.26773 0.278235 0.286818 0.289078 0.283881 0.274592 0.264797 0.25767 0.252838 0.248212 0.244534 0.242986 0.241761 0.239574 0.238592 0.23968 0.240413 0.239439 0.237175 0.23536 0.236202 0.237052 0.23389 0.230144 0.230065 0.231079 0.230859 0.23141 0.233469 0.234835 0.235497 0.237856 0.241338 0.243512 0.245209 0.248478 0.25337 0.259394 0.266383 0.27291 0.274809 0.27162
0.262276 0.268851 0.271477 0.261222 0.242676 0.229379 0.222788 0.218861 0.217384 0.219043 0.223214 0.228344 0.231497 0.232089 0.233196 0.235718 0.238231 0.241114 0.245837 0.252414 0.260221 0.268761 0.277172 0.283384 0.285658 0.283386 0.277032 0.268325 0.25949 0.25291 0.248778 0.245983 0.243636 0.241121 0.23857 0.236437 0.235528 0.23613 0.237504 0.238613 0.238285 0.236948 0.236101 0.235191 0.23299 0.230983 0.230834 0.231288 0.231274 0.231775 0.233496 0.236197 0.238861 0.239905 0.240142 0.241926 0.245768 0.25109 0.256399 0.260741 0.265857 0.271563 0.272481 0.267195
0.26018 0.258816 0.253626 0.245715 0.237078 0.229996 0.224151 0.218687 0.216924 0.22126 0.226261 0.227836 0.22854 0.230387 0.233246 0.236304 0.238468 0.241585 0.248865 0.258802 0.268198 0.276003 0.281436 0.282627 0.279262 0.274458 0.269792 0.264286 0.25759 0.250243 0.244501 0.242849 0.242541 0.239926 0.236364 0.23395 0.233248 0.234169 0.235933 0.237787 0.239091 0.239085 0.237134 0.234717 0.233957 0.234041 0.23359 0.233005 0.232846 0.23307 0.234155 0.237426 0.241439 0.242098 0.240747 0.242233 0.246849 0.252623 0.257535 0.260537 0.263789 0.267553 0.266737 0.260004
0.262432 0.255085 0.2448 0.238683 0.236091 0.231124 0.224447 0.219834 0.219594 0.223938 0.227631 0.227331 0.226426 0.227796 0.232148 0.238215 0.243281 0.249025 0.259071 0.269025 0.272821 0.273673 0.275479 0.275974 0.273504 0.269891 0.266267 0.262278 0.257044 0.249637 0.242712 0.240242 0.240535 0.240114 0.237627 0.233523 0.23156 0.233275 0.23536 0.23632 0.237333 0.238264 0.237969 0.237004 0.236635 0.236774 0.236865 0.23642 0.235546 0.235721 0.23753 0.239837 0.241999 0.244046 0.245742 0.24682 0.248559 0.252441 0.25713 0.260668 0.261995 0.260606 0.256813 0.251812
0.262897 0.253134 0.242276 0.236409 0.234161 0.229347 0.22357 0.221486 0.222685 0.225019 0.226178 0.225157 0.22392 0.224883 0.230381 0.239261 0.247245 0.254526 0.263631 0.271223 0.272848 0.27138 0.270602 0.270545 0.270312 0.2686 0.265401 0.262359 0.258934 0.252904 0.246259 0.24292 0.242469 0.242644 0.240853 0.236371 0.233678 0.234862 0.236306 0.236387 0.236504 0.237439 0.239193 0.24054 0.2401 0.239391 0.240103 0.24073 0.240283 0.240743 0.242649 0.243662 0.243981 0.246502 0.249912 0.250416 0.24976 0.251549 0.254944 0.257706 0.257679 0.254346 0.25063 0.248562
0.258508 0.249609 0.242097 0.235378 0.229472 0.224997 0.222692 0.222933 0.223839 0.223469 0.222193 0.220896 0.220511 0.222551 0.229221 0.239257 0.248122 0.254314 0.258684 0.263556 0.27059 0.275298 0.274101 0.271588 0.270931 0.269509 0.266525 0.264362 0.262669 0.258793 0.253876 0.250871 0.249149 0.247043 0.244617 0.242392 0.240885 0.240243 0.239961 0.239695 0.239416 0.239847 0.242005 0.244111 0.243627 0.242441 0.243121 0.244855 0.246422 0.247482 0.248007 0.24826 0.248663 0.249698 0.250752 0.250669 0.250378 0.25131 0.252255 0.2519 0.251352 0.251526 0.251892 0.252495
0.254981 0.247841 0.243534 0.236111 0.227027 0.222767 0.222731 0.223107 0.222387 0.220274 0.217952 0.216757 0.217676 0.221834 0.230486 0.241771 0.250957 0.256533 0.259626 0.26416 0.273332 0.28107 0.281698 0.278932 0.276362 0.273826 0.270941 0.267623 0.264007 0.260419 0.257326 0.255105 0.252992 0.250314 0.248683 0.249219 0.250122 0.249858 0.248255 0.246299 0.246051 0.247285 0.248036 0.247832 0.247071 0.246287 0.246139 0.247564 0.250491 0.252313 0.252044 0.25181 0.252346 0.252648 0.252489 0.252271 0.252445 0.253162 0.252991 0.25111 0.250324 0.252305 0.254793 0.258496
0.255127 0.24892 0.245109 0.237682 0.22837 0.224059 0.223437 0.221809 0.218902 0.215868 0.213688 0.213301 0.215635 0.221849 0.233263 0.246943 0.256251 0.261562 0.267476 0.273854 0.27886 0.28295 0.286317 0.286337 0.282355 0.278569 0.275836 0.27008 0.262098 0.256923 0.254696 0.252849 0.25117 0.250383 0.25112 0.253563 0.256768 0.259033 0.257772 0.254424 0.254883 0.257681 0.256114 0.252099 0.251086 0.251279 0.24979 0.249353 0.251837 0.253981 0.25396 0.253389 0.25345 0.254448 0.255583 0.255545 0.25518 0.255884 0.256478 0.255783 0.255318 0.25656 0.2598 0.268268
0.257288 0.250635 0.244344 0.237213 0.230272 0.225958 0.223287 0.219874 0.215168 0.209922 0.207235 0.208928 0.212944 0.219694 0.233634 0.250578 0.258538 0.259878 0.265174 0.271988 0.274078 0.275327 0.279617 0.281855 0.279115 0.275999 0.27375 0.268234 0.260215 0.25474 0.25198 0.249453 0.247321 0.246702 0.248194 0.251668 0.255417 0.25809 0.259472 0.260462 0.262916 0.264832 0.261855 0.257242 0.256864 0.257543 0.254959 0.252587 0.253316 0.254357 0.253962 0.253332 0.2534 0.254437 0.25552 0.255193 0.254569 0.25545 0.256742 0.25731 0.258934 0.264 0.274871 0.290937
0.259388 0.252673 0.242937 0.235595 0.23115 0.226641 0.221876 0.217613 0.211981 0.2042 0.200172 0.203405 0.209053 0.216407 0.232007 0.250619 0.256215 0.252178 0.253219 0.258085 0.260051 0.261086 0.263994 0.266377 0.266435 0.265475 0.263991 0.260984 0.256791 0.252917 0.249583 0.246301 0.243206 0.240976 0.241486 0.245399 0.249309 0.251842 0.256303 0.26271 0.266739 0.266606 0.263088 0.259719 0.260281 0.261552 0.259545 0.256726 0.255554 0.254921 0.253961 0.253016 0.252339 0.251966 0.251729 0.251428 0.251679 0.253152 0.254741 0.256009 0.260575 0.272025 0.291924 0.312362
0.259594 0.2562 0.24542 0.236485 0.23113 0.225568 0.219714 0.214851 0.209207 0.201639 0.196598 0.197745 0.204367 0.215769 0.231904 0.247077 0.250981 0.246791 0.24552 0.247441 0.248708 0.249259 0.249929 0.250881 0.251896 0.252252 0.251496 0.249644 0.247297 0.245445 0.243857 0.241687 0.238994 0.236551 0.236598 0.240688 0.247505 0.254758 0.259356 0.261133 0.263223 0.264205 0.259734 0.254007 0.254214 0.257653 0.259308 0.258741 0.257024 0.25628 0.256503 0.254206 0.249585 0.246878 0.247076 0.248744 0.251139 0.253843 0.256252 0.258675 0.264609 0.276314 0.291914 0.303588
0.259507 0.260543 0.250908 0.240273 0.231918 0.224094 0.216923 0.211199 0.205919 0.200119 0.194986 0.193384 0.200754 0.216741 0.232082 0.241318 0.243786 0.242318 0.241449 0.24181 0.242354 0.242525 0.242125 0.241596 0.241308 0.241234 0.240911 0.239455 0.237692 0.237737 0.238713 0.238306 0.236871 0.235762 0.235962 0.238994 0.248023 0.260418 0.263201 0.256125 0.254406 0.257537 0.253257 0.24515 0.243643 0.247705 0.25258 0.255037 0.254396 0.255153 0.257723 0.255122 0.247645 0.243622 0.244749 0.247815 0.251241 0.254457 0.257698 0.26158 0.267132 0.273744 0.277182 0.27538
0.261667 0.264177 0.256074 0.245587 0.235454 0.224249 0.213766 0.206678 0.20141 0.195969 0.191754 0.19167 0.200238 0.216146 0.22938 0.235272 0.235375 0.233429 0.233825 0.236096 0.238037 0.239629 0.240975 0.240597 0.238174 0.236223 0.23594 0.236366 0.237217 0.238832 0.240174 0.239772 0.238861 0.239058 0.239019 0.238769 0.244005 0.254102 0.255963 0.248289 0.244637 0.246503 0.245736 0.241777 0.238167 0.23733 0.240143 0.243309 0.244726 0.247411 0.251641 0.252349 0.249143 0.246894 0.246753 0.247144 0.247814 0.249251 0.252278 0.257081 0.26144 0.263064 0.260636 0.255879
0.263152 0.266606 0.260835 0.251443 0.240171 0.226076 0.212645 0.204335 0.198674 0.192681 0.189473 0.1922 0.201161 0.213968 0.224909 0.230037 0.227949 0.223575 0.224768 0.22981 0.233776 0.237177 0.240844 0.241758 0.238836 0.236207 0.236243 0.238147 0.240603 0.242116 0.242114 0.240772 0.239452 0.239248 0.238185 0.235504 0.235817 0.240106 0.241506 0.23823 0.235341 0.235375 0.238103 0.239598 0.235468 0.229996 0.228726 0.230364 0.232889 0.236297 0.24041 0.244304 0.247133 0.248243 0.24747 0.245149 0.24283 0.242416 0.244615 0.248806 0.251286 0.25 0.247728 0.246762
0.261142 0.267839 0.265611 0.256748 0.243639 0.228662 0.215279 0.206534 0.200278 0.19418 0.19112 0.193612 0.200884 0.210919 0.220486 0.225783 0.223227 0.217696 0.218353 0.22357 0.227983 0.231788 0.235865 0.238221 0.238124 0.238357 0.23983 0.240507 0.239813 0.238619 0.237217 0.235493 0.233156 0.230117 0.227394 0.226014 0.226245 0.227467 0.22777 0.226893 0.226641 0.227872 0.230376 0.23203 0.230381 0.227004 0.224498 0.223893 0.225243 0.227148 0.229008 0.231791 0.235504 0.238971 0.240939 0.240457 0.239097 0.239191 0.24066 0.242425 0.242658 0.240941 0.24014 0.241152
0.260639 0.268394 0.268245 0.259446 0.24498 0.230235 0.217928 0.208987 0.202151 0.19624 0.19279 0.193337 0.198112 0.206113 0.214724 0.220347 0.219113 0.214343 0.213266 0.215818 0.219153 0.222998 0.22746 0.231495 0.234914 0.239555 0.243998 0.242539 0.236228 0.23189 0.230248 0.228402 0.224839 0.219482 0.215785 0.216084 0.21725 0.217054 0.216468 0.216514 0.217805 0.219687 0.22072 0.221511 0.2233 0.22449 0.223491 0.22251 0.223087 0.223097 0.221911 0.22205 0.224311 0.22736 0.230277 0.232567 0.234164 0.2352 0.235758 0.235898 0.235655 0.23532 0.235711 0.236304
0.265266 0.26918 0.267633 0.258771 0.244743 0.230481 0.218295 0.208878 0.201582 0.195688 0.191737 0.190652 0.193566 0.200122 0.207711 0.213384 0.214335 0.211485 0.208128 0.20648 0.207924 0.212324 0.218697 0.224875 0.230366 0.238293 0.246034 0.243435 0.232805 0.226967 0.226222 0.223932 0.219374 0.214354 0.211107 0.210621 0.210268 0.208755 0.208164 0.20886 0.208885 0.208424 0.20935 0.212098 0.21609 0.219557 0.221146 0.222592 0.224656 0.224121 0.220708 0.219557 0.221235 0.221279 0.220521 0.223058 0.226718 0.227387 0.226817 0.227666 0.229423 0.231048 0.231745 0.230837
0.270761 0.271739 0.266702 0.257645 0.246051 0.233102 0.220714 0.210772 0.202966 0.196578 0.191969 0.189993 0.192061 0.197951 0.204922 0.210289 0.211798 0.209351 0.204504 0.200344 0.200091 0.204408 0.21246 0.221185 0.22886 0.237135 0.243648 0.240726 0.230925 0.225302 0.223837 0.220546 0.215717 0.211729 0.208993 0.207266 0.205936 0.204748 0.204171 0.203815 0.202344 0.200942 0.202518 0.206584 0.210972 0.214629 0.217318 0.220309 0.223664 0.223786 0.220253 0.21836 0.218934 0.217843 0.216142 0.218035 0.221217 0.221406 0.220615 0.221765 0.224177 0.226326 0.226483 0.224355
