data_raster/melanesia/PNMC_microNekton_2021/microNekton-202103.grd
DSAA																																																																																																																																																																																																																																																																																																																																																																																																																											
412	268																																																																																																																																																																																																																																																																																																																																																																																																																										
156	174.5																																																																																																																																																																																																																																																																																																																																																																																																																										
-26.5	-14.5																																																																																																																																																																																																																																																																																																																																																																																																																										
0	2.81724																																																																																																																																																																																																																																																																																																																																																																																																																										
[rows 196 to 223 of 268, columns 256 to 319 of 412]
0.183253 0.178729 0.174403 0.171706 0.174339 0.180474 0.18667 0.193183 0.201707 0.215049 0.231267 0.238964 0.225559 0.18012 0.124311 0 0 0 0 0 0 0 0 0 0.187438 0.17843 0.170035 0.177149 0.184288 0.188097 0.191486 0.194397 0.19606 0.19687 0.197257 0.197146 0.19678 0.196959 0.197681 0.198165 0.198891 0.200978 0.203397 0.20462 0.205631 0.207352 0.208096 0.207399 0.208288 0.210739 0.210166 0.206621 0.204362 0.202891 0.199335 0.195776 0.19544 0.197457 0.200086 0.202272 0.203423 0.203594 0.203201 0.202991
0.189427 0.184719 0.178224 0.172119 0.172954 0.178763 0.184966 0.19205 0.202178 0.218155 0.237015 0.244539 0.225022 0.165425 0.106221 0 0 0 0 0 0 0 0.131205 0.161758 0.180059 0.170135 0.165212 0.173014 0.180381 0.184555 0.188144 0.191586 0.1945 0.196322 0.196865 0.196895 0.196976 0.197148 0.197412 0.197808 0.198848 0.201178 0.203884 0.205646 0.206758 0.207695 0.207957 0.207582 0.20806 0.209085 0.207777 0.204237 0.201283 0.199096 0.196549 0.195393 0.197676 0.20148 0.204467 0.206134 0.206601 0.20654 0.206493 0.206739
0.192953 0.1891 0.183063 0.175711 0.172321 0.174502 0.181913 0.192769 0.206153 0.22479 0.245241 0.251138 0.22778 0.167084 0.108441 0 0 0 0 0 0 0 0.256477 0.216028 0.179578 0.174168 0.176496 0.177169 0.17941 0.182611 0.184613 0.186783 0.190774 0.194943 0.197602 0.198644 0.198592 0.198568 0.19902 0.199669 0.20051 0.201712 0.203139 0.204495 0.20541 0.205825 0.206714 0.208295 0.208837 0.207524 0.205131 0.202529 0.200511 0.199231 0.198591 0.199511 0.202706 0.206145 0.208021 0.209202 0.210292 0.21058 0.210064 0.20975
0.193935 0.191518 0.186688 0.179711 0.174444 0.173807 0.179805 0.192266 0.209967 0.230391 0.247883 0.25125 0.229495 0.174787 0.11758 0.113998 0.144337 0 0 0 0 0.229821 0.270936 0.223684 0.18076 0.180422 0.1847 0.18114 0.179503 0.180542 0.18088 0.182202 0.186651 0.191758 0.19499 0.196029 0.19583 0.196731 0.199082 0.201145 0.202378 0.203144 0.203806 0.204551 0.204769 0.204307 0.205205 0.207896 0.208681 0.206303 0.203485 0.201674 0.200857 0.20097 0.201975 0.203932 0.206743 0.209426 0.21111 0.211891 0.21205 0.211899 0.211736 0.211829
0.192013 0.191142 0.187277 0.181453 0.17776 0.176998 0.1796 0.190903 0.21321 0.236044 0.249903 0.251461 0.234371 0.189239 0.137384 0.121754 0.131891 0 0.110432 0.083707 0.0893842 0.143776 0.187184 0.187775 0.181236 0.184508 0.185929 0.182693 0.179744 0.178383 0.178127 0.179792 0.183812 0.187656 0.189323 0.189546 0.189855 0.192316 0.196646 0.200229 0.202462 0.204143 0.205413 0.206024 0.205396 0.20371 0.203851 0.20661 0.207469 0.204964 0.202626 0.201949 0.202234 0.203214 0.204888 0.206841 0.208689 0.210931 0.213537 0.214355 0.212833 0.211978 0.212902 0.213982
0.186701 0.186982 0.183675 0.178883 0.178235 0.179727 0.180753 0.191125 0.217286 0.24575 0.263698 0.266472 0.251381 0.217945 0.181299 0.166867 0.167816 0.161154 0 0 0.112247 0.135041 0.161346 0.174166 0.181442 0.187124 0.188004 0.184531 0.180209 0.177588 0.178183 0.180798 0.183457 0.184749 0.184435 0.184667 0.186649 0.18962 0.192865 0.195932 0.198956 0.202327 0.205294 0.206664 0.205717 0.203018 0.202685 0.205882 0.206409 0.202897 0.201618 0.203719 0.20535 0.206005 0.207153 0.208558 0.209648 0.211543 0.214686 0.216388 0.215657 0.21555 0.216942 0.217591
0.180515 0.180759 0.1777 0.173692 0.174907 0.178327 0.180038 0.190293 0.21721 0.251115 0.278911 0.287396 0.27409 0.25033 0.228779 0.220755 0.220126 0.212688 0 0.181215 0.176009 0.186658 0.19283 0.185939 0.183743 0.190477 0.192575 0.187554 0.182005 0.179298 0.180392 0.182956 0.18418 0.183573 0.182098 0.182848 0.186352 0.188886 0.189641 0.191084 0.19426 0.198907 0.203256 0.20518 0.204238 0.201521 0.201285 0.204706 0.205488 0.202582 0.203076 0.207408 0.209736 0.209616 0.209789 0.210491 0.211174 0.212536 0.214992 0.217231 0.218481 0.219484 0.220216 0.219568
0.176846 0.175238 0.172323 0.169131 0.168915 0.170935 0.174183 0.184389 0.2069 0.240382 0.276179 0.294343 0.287913 0.268241 0.247992 0.23836 0.234537 0.224519 0.20989 0.197915 0.197332 0.208713 0.210815 0.196903 0.190304 0.196463 0.197815 0.191456 0.186161 0.183875 0.183003 0.183101 0.183813 0.183666 0.1824 0.18308 0.186335 0.188474 0.188692 0.189453 0.19201 0.196373 0.200322 0.201312 0.200281 0.199127 0.199428 0.201691 0.204383 0.206838 0.20986 0.212886 0.214171 0.213992 0.213787 0.213948 0.21439 0.214855 0.215279 0.216251 0.217714 0.218244 0.217409 0.216153
0.175395 0.171246 0.168498 0.166462 0.16408 0.163334 0.16711 0.176393 0.192415 0.218613 0.251589 0.274362 0.27749 0.263516 0.241977 0.226433 0.21637 0.204487 0.193165 0.188198 0.19388 0.207974 0.212566 0.202289 0.19693 0.201333 0.201141 0.194748 0.190429 0.18839 0.185353 0.182998 0.183365 0.183662 0.182246 0.182532 0.185621 0.188092 0.188779 0.189236 0.19075 0.193998 0.197042 0.197555 0.197267 0.19818 0.199238 0.200359 0.204602 0.211626 0.21609 0.216821 0.216701 0.21674 0.216714 0.216755 0.216962 0.21663 0.21548 0.215022 0.21571 0.215546 0.213984 0.212564
0.174179 0.168299 0.165912 0.165553 0.163361 0.161382 0.163524 0.170407 0.181501 0.195648 0.211313 0.226397 0.236658 0.235563 0.223144 0.205319 0.188565 0.17895 0.178654 0.187318 0.200458 0.211826 0.21339 0.205003 0.200111 0.201949 0.201004 0.196042 0.19229 0.189969 0.187128 0.18484 0.184198 0.182647 0.179382 0.179411 0.183995 0.187571 0.188149 0.187989 0.188694 0.191039 0.194053 0.196325 0.198288 0.200531 0.202369 0.203906 0.207317 0.212457 0.215768 0.216396 0.216159 0.21604 0.216338 0.216719 0.216694 0.216199 0.215466 0.215216 0.215727 0.216305 0.216091 0.214273
0.169734 0.163661 0.16222 0.16376 0.163488 0.162037 0.162237 0.166054 0.17324 0.177903 0.178388 0.182866 0.192526 0.198397 0.194883 0.180806 0.164235 0.157023 0.161262 0.174382 0.1904 0.203356 0.209595 0.208934 0.206386 0.204078 0.200368 0.195725 0.192207 0.189887 0.187927 0.186365 0.185089 0.182388 0.17832 0.177749 0.181903 0.185545 0.186791 0.187698 0.189023 0.190576 0.19288 0.196481 0.200338 0.203387 0.206 0.208459 0.210294 0.211535 0.21298 0.21447 0.215014 0.214935 0.215237 0.215771 0.216024 0.216013 0.215951 0.216201 0.217038 0.218498 0.21931 0.216859
0.161525 0.156852 0.156604 0.159431 0.161798 0.162636 0.162396 0.163465 0.167022 0.169188 0.168059 0.167176 0.167662 0.166837 0.163166 0.156601 0.149898 0.146532 0.144358 0.141862 0.148771 0.170813 0.19618 0.213522 0.217284 0.209581 0.200353 0.194193 0.191016 0.189337 0.187403 0.185703 0.184942 0.18385 0.181723 0.180161 0.180319 0.182176 0.185439 0.189552 0.192876 0.193544 0.193734 0.196612 0.200843 0.204446 0.207741 0.210765 0.212079 0.211817 0.212414 0.214195 0.215471 0.215811 0.215683 0.215917 0.217063 0.217822 0.217293 0.217085 0.218122 0.219269 0.219132 0.21642
0.15646 0.15369 0.152772 0.154493 0.160188 0.165857 0.166863 0.166179 0.167304 0.169012 0.169054 0.164938 0.157178 0.149993 0.144344 0.139043 0.141992 0.160922 0.168719 0.141035 0.118629 0.136818 0.174874 0.207564 0.217793 0.20689 0.195584 0.19097 0.188883 0.187223 0.185384 0.184145 0.18427 0.184795 0.184587 0.18304 0.181072 0.181728 0.185631 0.190667 0.194214 0.19407 0.193395 0.196535 0.201327 0.20491 0.208483 0.212567 0.214713 0.214555 0.214971 0.216465 0.217247 0.217079 0.216771 0.217211 0.218792 0.219673 0.218585 0.217553 0.217687 0.217414 0.216241 0.215281
0.157576 0.156103 0.152723 0.151355 0.159474 0.170525 0.174639 0.17468 0.175156 0.174909 0.171852 0.164193 0.154224 0.148878 0.145302 0.135207 0.144272 0.202365 0.239836 0.185856 0.119328 0.116726 0.151627 0.187787 0.200955 0.191266 0.184278 0.185677 0.185553 0.183138 0.182061 0.182484 0.183439 0.18426 0.184535 0.184312 0.184149 0.185238 0.187548 0.189748 0.190838 0.190501 0.191637 0.197236 0.203352 0.206221 0.209284 0.214503 0.217964 0.218359 0.218821 0.219743 0.218936 0.217296 0.217301 0.218522 0.219493 0.219573 0.218601 0.217111 0.215452 0.213444 0.212204 0.214221
0.160373 0.158784 0.154851 0.152257 0.157899 0.16871 0.178187 0.183999 0.18534 0.182393 0.175505 0.165079 0.155101 0.153461 0.155971 0.151852 0.172508 0.253568 0.300952 0 0.121853 0.107415 0.137324 0.16561 0.176116 0.171509 0.171602 0.178343 0.180337 0.178251 0.178174 0.180111 0.182259 0.183892 0.184827 0.18557 0.186565 0.187975 0.189161 0.188852 0.18801 0.189064 0.193428 0.201101 0.20756 0.209352 0.210731 0.214513 0.217515 0.218335 0.218937 0.219391 0.218027 0.21613 0.216323 0.217378 0.217122 0.216338 0.215922 0.214857 0.212591 0.210053 0.208732 0.21037
0.162405 0.16053 0.15813 0.156029 0.156018 0.16199 0.176229 0.189653 0.19355 0.189595 0.18096 0.170146 0.161243 0.160091 0.165653 0.17332 0.204086 0.277462 0.308896 0.220458 0.122084 0.112319 0.139314 0.154947 0.158539 0.157392 0.161898 0.17073 0.174439 0.173986 0.174966 0.177703 0.18088 0.183853 0.186095 0.187012 0.187066 0.188252 0.19018 0.190176 0.189683 0.192612 0.199007 0.206776 0.212382 0.213502 0.212985 0.213317 0.214142 0.214915 0.21531 0.215157 0.214459 0.213706 0.213493 0.213045 0.211499 0.210089 0.209838 0.209599 0.208523 0.206996 0.205314 0.203505
0.164081 0.164767 0.162455 0.158372 0.156903 0.161713 0.174382 0.188589 0.197217 0.197331 0.190069 0.182764 0.178127 0.172313 0.165968 0.164731 0.181649 0.224856 0.244959 0.197144 0.144034 0.141647 0.159751 0.169159 0.166223 0.157585 0.157857 0.166251 0.170919 0.171758 0.173982 0.177222 0.17985 0.182661 0.185867 0.187151 0.186549 0.188089 0.192186 0.195395 0.197297 0.199642 0.203585 0.209387 0.214425 0.216258 0.215776 0.214505 0.213904 0.214043 0.21318 0.211466 0.210734 0.210498 0.209057 0.20669 0.204341 0.202225 0.200567 0.200173 0.200943 0.200968 0.199277 0.196363
0.165851 0.170078 0.16741 0.161137 0.161442 0.167269 0.174032 0.183526 0.196139 0.20298 0.200398 0.19769 0.196304 0.186351 0.168119 0.151049 0.141126 0.141469 0.151012 0.165858 0.177234 0.180867 0.187085 0 0.189634 0.168526 0.160087 0.166331 0.17044 0.171139 0.174219 0.177953 0.179456 0.181005 0.184159 0.186231 0.186689 0.189103 0.194548 0.201102 0.206231 0.207704 0.208238 0.211676 0.215994 0.218291 0.218547 0.217566 0.216642 0.215768 0.213183 0.209579 0.207712 0.206485 0.20297 0.198691 0.196128 0.193788 0.190554 0.189328 0.191066 0.191939 0.190631 0.189483
0.168754 0.172803 0.172948 0.170136 0.169303 0.170984 0.174378 0.181454 0.192804 0.202791 0.206936 0.205172 0.199756 0.195109 0.192362 0.188627 0.170329 0.126615 0.102574 0.141116 0.189693 0.200948 0.202297 0 0.202318 0.178818 0.167381 0.170575 0.171854 0.170597 0.173248 0.177553 0.179677 0.180872 0.182844 0.185738 0.189143 0.19219 0.19568 0.20189 0.209351 0.214436 0.217567 0.220528 0.22234 0.221917 0.220486 0.219152 0.21781 0.215882 0.21241 0.208062 0.204767 0.201303 0.195192 0.189144 0.1867 0.185541 0.183305 0.181933 0.182345 0.182269 0.181358 0.181913
0.179174 0.180741 0.184103 0.186434 0.183708 0.180574 0.18357 0.190666 0.198189 0.204743 0.20907 0.209489 0.207667 0.209474 0.218388 0.232754 0.222209 0.155448 0.100417 0.130207 0.184495 0 0.204527 0.209249 0.202462 0.184776 0.175486 0.175883 0.173856 0.170396 0.171994 0.176438 0.179644 0.181603 0.183416 0.186645 0.191435 0.195752 0.199723 0.205738 0.213912 0.22257 0.22906 0.230915 0.228749 0.224355 0.220257 0.217727 0.215177 0.211659 0.207579 0.203432 0.199562 0.194788 0.187619 0.181004 0.178524 0.178424 0.178171 0.177101 0.175315 0.173722 0.173191 0.174331
0.200458 0.200964 0.203527 0.205833 0.205033 0.204011 0.20709 0.213785 0.220304 0.217319 0.207783 0.219072 0.246318 0.24282 0.215218 0 0 0.158613 0.112034 0 0 0 0.201356 0.20452 0.199232 0.186726 0.179796 0.178919 0.175596 0.17161 0.172759 0.176487 0.178937 0.181921 0.186558 0.18956 0.191397 0.198929 0.211945 0.22279 0.229692 0.234803 0.236793 0.233544 0.22731 0.221119 0.216206 0.212471 0.20783 0.201811 0.19644 0.192598 0.189849 0.186864 0.182204 0.177305 0.174308 0.173183 0.172982 0.171868 0.169331 0.16755 0.167462 0.168113
0.206969 0.208018 0.208942 0.209186 0.210069 0.211654 0.214184 0.221245 0.230826 0.22219 0.201113 0.228307 0.290026 0.276116 0 0 0 0 0 0.145309 0.18259 0.195766 0.197892 0.199965 0.195625 0.185871 0.181402 0.181824 0.17886 0.174922 0.176409 0.180083 0.181541 0.184059 0.189805 0.194562 0.198757 0.210865 0.229033 0.240753 0.243315 0.240918 0.235301 0.227239 0.21879 0.211818 0.206351 0.201554 0.1956 0.188477 0.18275 0.179471 0.178051 0.177418 0.176337 0.174294 0.171389 0.169063 0.1682 0.167123 0.165114 0.163991 0.164173 0.164092
0.175589 0.178 0.180037 0.180544 0.179092 0.177483 0.178894 0.188362 0.203825 0.201397 0.18711 0.229114 0.307454 0.288955 0 0 0 0 0.126063 0.151296 0.191149 0.200334 0.197211 0.196974 0.1924 0.184013 0.18291 0.186954 0.184894 0.180451 0.182935 0.188333 0.190261 0.190272 0.192422 0.20237 0.21985 0.235361 0.243682 0.244926 0.240373 0.232037 0.222618 0.214464 0.206664 0.198182 0.190716 0.185258 0.180286 0.175276 0.171457 0.169162 0.16781 0.167373 0.167975 0.168246 0.166838 0.16522 0.164736 0.164255 0.163166 0.162575 0.162686 0.162419
0.122409 0.126799 0.129573 0.130478 0.129044 0.127523 0.129692 0.140826 0.159916 0.166748 0.167029 0.220231 0.303885 0.290836 0 0 0.161163 0.141488 0.122817 0.150035 0.187901 0.199964 0.198346 0.195179 0.189548 0.184012 0.185887 0.191556 0.190368 0.186867 0.190966 0.197575 0.199319 0.199155 0.202714 0.216371 0.237113 0.247932 0.244525 0.236528 0.227681 0.217457 0.207856 0.20106 0.194139 0.184606 0.1763 0.171933 0.169381 0.16708 0.165046 0.163305 0.161829 0.161128 0.161798 0.162724 0.162562 0.162099 0.162177 0.162192 0.161799 0.16157 0.161656 0.161572
0.0761364 0.0811817 0.0813528 0.0812205 0.0861211 0.0922273 0.094786 0.10291 0.121942 0.135132 0.146467 0.205121 0.289637 0.287788 0 0 0.0778912 0.0870528 0.118228 0.144551 0.167417 0.189657 0.199689 0.194155 0.187408 0.186956 0.190342 0.193664 0.193182 0.192828 0.198456 0.20427 0.20465 0.208836 0.222261 0.234121 0.237416 0.234467 0.228074 0.220602 0.212878 0.204771 0.196977 0.190132 0.182658 0.17381 0.167569 0.16611 0.166033 0.164999 0.163105 0.161153 0.160311 0.160376 0.160384 0.160151 0.159839 0.159665 0.159722 0.159715 0.159551 0.159612 0.159947 0.160132
0 0.072977 0.0676563 0.0677631 0.0795229 0.087788 0.0771788 0.0731962 0.0965555 0.120802 0.138703 0.194172 0.269336 0.265031 0 0.0773593 0.0294289 0.0626539 0.123163 0.146532 0.157675 0.183723 0.200071 0.194121 0.187394 0.189625 0.193399 0.195292 0.195933 0.197635 0.202555 0.20734 0.209735 0.218058 0.234101 0.239501 0.228046 0.216017 0.20967 0.203266 0.195833 0.189732 0.184168 0.177348 0.169992 0.163692 0.160352 0.160453 0.161454 0.161465 0.160078 0.158377 0.158466 0.159398 0.158741 0.157201 0.156415 0.156281 0.156331 0.156389 0.156446 0.15671 0.157198 0.157663
0 0.0993644 0.0882001 0.0914712 0 0 0.0750874 0 0.0879357 0.124435 0.140898 0.183449 0.240035 0.219463 0.129138 0.0609963 0.0494773 0.0883166 0 0.158958 0.169931 0.188964 0.199817 0.194607 0.188831 0.189937 0.193586 0.197021 0.199373 0.201032 0.203155 0.207621 0.215541 0.224405 0.230145 0.227056 0.215387 0.204565 0.19703 0.187653 0.177435 0.171097 0.166902 0.161172 0.155757 0.153055 0.151858 0.151122 0.151563 0.152851 0.15303 0.152371 0.153065 0.154223 0.153465 0.151793 0.151138 0.151256 0.151543 0.15202 0.152641 0.153043 0.153259 0.153818
0 0 0 0 0 0 0 0 0.0991459 0.127905 0.126747 0.148855 0.19068 0.16967 0.0945967 0.0516087 0 0.101477 0 0.17074 0.184993 0.197574 0.201212 0.194094 0.187988 0.188387 0.192084 0.196666 0.200748 0.203275 0.204195 0.208186 0.217998 0.22381 0.218802 0.209415 0.200625 0.192281 0.183311 0.172381 0.161452 0.15421 0.149716 0.145569 0.14295 0.142958 0.142985 0.141627 0.141386 0.142936 0.143883 0.143819 0.144249 0.145004 0.145035 0.144809 0.145142 0.14559 0.145802 0.146645 0.148199 0.148766 0.14817 0.148269
