data_raster/melanesia/PNMC_microNekton_2021/microNekton-202103.grd
DSAA																																																																																																																																																																																																																																																																																																																																																																																																																											
412	268																																																																																																																																																																																																																																																																																																																																																																																																																										
156	174.5																																																																																																																																																																																																																																																																																																																																																																																																																										
-26.5	-14.5																																																																																																																																																																																																																																																																																																																																																																																																																										
0	2.81724																																																																																																																																																																																																																																																																																																																																																																																																																										
[rows 168 to 195 of 268, columns 0 to 63 of 412]
0.282878 0.297758 0.310502 0.319658 0.325525 0.327917 0.325447 0.319803 0.316121 0.31599 0.318248 0.323239 0.331684 0.341773 0.349944 0.349516 0.337704 0.322226 0.309441 0.301254 0.296671 0.292484 0.290596 0.2962 0.311524 0.335876 0.361198 0.379831 0.392417 0.399089 0.395745 0.384495 0.376253 0.372881 0.367944 0.363374 0.364917 0.366947 0.362005 0.355443 0.354467 0.361745 0.378301 0.4035 0.433853 0.462806 0.487889 0.509802 0.525133 0.526721 0.49917 0.435293 0.37116 0.338864 0.334727 0.34334 0.339566 0.314862 0.280552 0.254131 0.252021 0.248603 0.210977 0.180638
0.293641 0.303187 0.312783 0.321728 0.327397 0.327752 0.322382 0.314249 0.309672 0.309696 0.311445 0.315104 0.321824 0.328927 0.332721 0.330626 0.322331 0.31215 0.303437 0.297043 0.293102 0.291366 0.293488 0.302502 0.321685 0.351632 0.379262 0.39283 0.397891 0.399167 0.392834 0.380288 0.371141 0.367002 0.362094 0.357777 0.358613 0.359071 0.352674 0.347274 0.350843 0.360865 0.377219 0.407213 0.448414 0.485981 0.51552 0.54093 0.555209 0.547462 0.521326 0.484746 0.441327 0.402599 0.40176 0.432065 0.418083 0.352669 0.307501 0.29374 0.277206 0.252713 0.229136 0.209078
0.308241 0.316813 0.32261 0.323948 0.321957 0.31783 0.312135 0.306397 0.303183 0.303111 0.305242 0.30872 0.312921 0.318156 0.323489 0.32244 0.312415 0.302489 0.29786 0.295388 0.294275 0.296844 0.305034 0.320176 0.341787 0.367358 0.388603 0.398636 0.400493 0.397313 0.388529 0.376578 0.36836 0.36489 0.361664 0.357148 0.351925 0.347349 0.344798 0.344433 0.347017 0.355916 0.375107 0.408721 0.45606 0.510082 0.557607 0.58207 0.580918 0.560393 0.531659 0.50539 0.483486 0.4709 0.484999 0.51624 0.509561 0.461642 0.428014 0.415408 0.394483 0.361847 0.326797 0.293879
0.31881 0.324377 0.326422 0.323198 0.317523 0.312127 0.308307 0.306026 0.303982 0.302558 0.303293 0.305872 0.309281 0.31412 0.319718 0.318929 0.308729 0.298803 0.295767 0.298734 0.304557 0.30915 0.318006 0.340914 0.36843 0.385563 0.394608 0.400658 0.400963 0.393841 0.382966 0.372547 0.366391 0.363583 0.359189 0.352183 0.344327 0.338932 0.338563 0.339828 0.340672 0.347251 0.364943 0.395075 0.438334 0.494325 0.548518 0.576503 0.57267 0.543786 0.506164 0.477354 0.46618 0.475825 0.500563 0.52609 0.527079 0.501843 0.474923 0.453688 0.431619 0.403027 0.365652 0.332342
0.320646 0.320208 0.319545 0.318387 0.316372 0.313942 0.312869 0.312856 0.311256 0.308337 0.306643 0.307908 0.312768 0.318302 0.320888 0.318751 0.312155 0.305125 0.302737 0.31044 0.323366 0.327735 0.33343 0.362081 0.395109 0.403396 0.399293 0.400063 0.398484 0.38865 0.377144 0.368931 0.364473 0.36061 0.351884 0.341524 0.336896 0.335815 0.333446 0.330938 0.330829 0.335006 0.345645 0.365605 0.395896 0.434917 0.476978 0.512344 0.523863 0.496279 0.450572 0.416414 0.404935 0.417548 0.442571 0.464186 0.463645 0.438681 0.405283 0.37412 0.350232 0.330961 0.312072 0.301279
0.31392 0.311307 0.310251 0.311237 0.312002 0.311628 0.312172 0.313739 0.314009 0.313074 0.313005 0.315769 0.32234 0.328616 0.330179 0.327702 0.323678 0.322169 0.325645 0.333706 0.343541 0.350927 0.362431 0.388674 0.412463 0.411096 0.399114 0.394538 0.390506 0.38119 0.372803 0.368061 0.362925 0.354958 0.344085 0.334719 0.332517 0.33264 0.328117 0.321842 0.31825 0.318617 0.323908 0.335487 0.3535 0.376626 0.405015 0.438276 0.457955 0.4418 0.4062 0.378002 0.368775 0.380891 0.402971 0.419348 0.411436 0.379973 0.346539 0.31926 0.295896 0.279286 0.274191 0.281218
0.301094 0.300868 0.301521 0.303203 0.304199 0.304124 0.305299 0.308273 0.311341 0.314332 0.31832 0.323924 0.331109 0.33763 0.34092 0.339981 0.337089 0.341081 0.352357 0.357612 0.358585 0.372266 0.395524 0.411908 0.415111 0.405547 0.392571 0.384646 0.378884 0.372791 0.369149 0.36693 0.359353 0.347227 0.338246 0.333631 0.330449 0.326438 0.320115 0.312074 0.304292 0.301012 0.304291 0.311507 0.321855 0.337277 0.357563 0.37993 0.39538 0.39399 0.381104 0.367789 0.365181 0.378332 0.39713 0.407655 0.394266 0.362005 0.337377 0.322315 0.301912 0.282916 0.280064 0.291176
0.286272 0.28847 0.291457 0.295262 0.29797 0.299233 0.301828 0.306335 0.310566 0.314068 0.317837 0.322649 0.328839 0.335076 0.339602 0.341186 0.341219 0.346731 0.357536 0.361839 0.36364 0.382105 0.407446 0.412927 0.401961 0.389894 0.38035 0.373329 0.368775 0.366089 0.36356 0.358966 0.34984 0.339255 0.334568 0.333082 0.326919 0.316861 0.306746 0.297779 0.290811 0.287681 0.28895 0.292572 0.298563 0.309608 0.324659 0.339485 0.350717 0.355915 0.354966 0.350268 0.350516 0.361045 0.375071 0.383258 0.375552 0.354329 0.334953 0.319788 0.302275 0.287727 0.285667 0.295463
0.273087 0.276555 0.281258 0.287376 0.292391 0.295545 0.299743 0.305416 0.309858 0.312184 0.313212 0.315121 0.320027 0.325882 0.330095 0.333238 0.336479 0.340726 0.346146 0.351979 0.36109 0.378997 0.3957 0.393432 0.379473 0.369766 0.364683 0.361105 0.359941 0.360467 0.357079 0.348249 0.338811 0.332385 0.330491 0.328559 0.319565 0.305607 0.292242 0.283378 0.280499 0.279614 0.278263 0.278543 0.282294 0.290323 0.301412 0.312716 0.321562 0.325773 0.32537 0.322138 0.321451 0.327017 0.336253 0.345059 0.348457 0.342679 0.325943 0.304601 0.289903 0.283262 0.282067 0.289138
0.264277 0.26863 0.273608 0.279243 0.284044 0.287657 0.292033 0.297737 0.303462 0.307642 0.309045 0.310482 0.315661 0.321483 0.324198 0.326058 0.329302 0.333095 0.337683 0.345509 0.356244 0.366402 0.371291 0.366661 0.357466 0.35141 0.348495 0.347314 0.349426 0.353681 0.352305 0.343378 0.333961 0.327403 0.322812 0.317378 0.307844 0.295505 0.283735 0.276655 0.275834 0.275205 0.271645 0.269797 0.272352 0.278488 0.286208 0.292885 0.297532 0.300055 0.300066 0.29784 0.296632 0.299336 0.306154 0.315421 0.323048 0.324345 0.314849 0.299405 0.288694 0.283326 0.280236 0.284264
0.2589 0.264102 0.268729 0.272503 0.27591 0.279457 0.283469 0.288445 0.29496 0.301437 0.305153 0.308132 0.313734 0.318828 0.319852 0.319668 0.321389 0.325421 0.33165 0.339666 0.346795 0.348471 0.345635 0.342655 0.340002 0.336688 0.333709 0.332949 0.337133 0.345204 0.348127 0.342355 0.333125 0.323516 0.314 0.305067 0.297115 0.289416 0.281519 0.276213 0.274966 0.27315 0.268612 0.265631 0.266621 0.270744 0.275588 0.278001 0.278914 0.280907 0.282506 0.281763 0.28074 0.282014 0.287012 0.294768 0.300754 0.3028 0.301712 0.29805 0.292199 0.285593 0.280621 0.28192
0.255194 0.261108 0.265751 0.268735 0.271931 0.276318 0.280767 0.285009 0.289929 0.295329 0.30023 0.304711 0.309093 0.311935 0.312117 0.311835 0.313281 0.316942 0.322216 0.32721 0.330076 0.32939 0.327171 0.32714 0.327529 0.324991 0.321172 0.319579 0.324714 0.33617 0.343198 0.340365 0.33129 0.319451 0.307567 0.298062 0.292577 0.288499 0.282681 0.277356 0.274604 0.272013 0.268087 0.264425 0.262592 0.263567 0.266099 0.267447 0.268276 0.270605 0.272876 0.272989 0.271906 0.27132 0.272899 0.276729 0.280371 0.282988 0.285653 0.287501 0.28645 0.283166 0.279834 0.279254
0.253782 0.259013 0.263238 0.266265 0.269981 0.275172 0.280206 0.284207 0.28749 0.291006 0.295889 0.300936 0.304101 0.3055 0.306031 0.306708 0.308259 0.310683 0.313263 0.314403 0.31378 0.312502 0.312071 0.313734 0.314963 0.312591 0.308984 0.308497 0.316352 0.331685 0.340969 0.337728 0.327293 0.31442 0.302454 0.293821 0.289758 0.287088 0.282056 0.276391 0.272328 0.269355 0.266451 0.262578 0.258397 0.256523 0.257211 0.258756 0.260725 0.263224 0.265109 0.265199 0.263974 0.262374 0.261486 0.261977 0.263773 0.266454 0.269321 0.272083 0.274671 0.276178 0.275732 0.274911
0.254575 0.25742 0.26028 0.263372 0.267433 0.272559 0.277636 0.281979 0.285585 0.289107 0.293492 0.298018 0.301353 0.303646 0.305441 0.306875 0.307981 0.308759 0.308908 0.307701 0.304836 0.300647 0.29746 0.298208 0.29982 0.298037 0.296635 0.301148 0.314853 0.334224 0.342921 0.33518 0.321721 0.308955 0.298132 0.290144 0.285421 0.281939 0.277335 0.272254 0.26786 0.264481 0.261691 0.257983 0.253506 0.250505 0.249703 0.250431 0.251971 0.253578 0.25436 0.253756 0.252686 0.252027 0.251664 0.251572 0.252109 0.25342 0.255406 0.258366 0.262646 0.266414 0.267547 0.268281
0.254122 0.255747 0.257686 0.260338 0.2643 0.269479 0.274572 0.279034 0.283308 0.287594 0.291835 0.295782 0.299154 0.302059 0.304649 0.306754 0.308117 0.308447 0.307531 0.305274 0.301445 0.295847 0.290823 0.289726 0.289913 0.287797 0.288999 0.29954 0.317804 0.336885 0.342359 0.331245 0.317203 0.30669 0.298377 0.291499 0.285773 0.280493 0.275048 0.270014 0.26586 0.261855 0.257602 0.253683 0.250442 0.247805 0.245834 0.244689 0.244141 0.243739 0.243036 0.24191 0.241484 0.242365 0.243143 0.243012 0.242656 0.242877 0.244413 0.24745 0.251627 0.255383 0.257282 0.259717
0.251138 0.253508 0.255608 0.257688 0.261326 0.266817 0.271956 0.276035 0.280287 0.284959 0.289442 0.293137 0.295648 0.297633 0.299914 0.302595 0.305246 0.30658 0.305843 0.303298 0.299731 0.296334 0.293717 0.291899 0.289573 0.286375 0.289599 0.304628 0.323482 0.336807 0.337964 0.327841 0.316908 0.309609 0.304152 0.299024 0.293154 0.286245 0.278659 0.272217 0.267844 0.262868 0.25639 0.251817 0.250069 0.2485 0.245915 0.242568 0.239135 0.236394 0.234442 0.233261 0.233371 0.234699 0.23541 0.234709 0.233948 0.234248 0.236169 0.2392 0.242142 0.24463 0.24687 0.249785
0.248944 0.250487 0.252646 0.255803 0.259734 0.264041 0.268208 0.272249 0.276744 0.28136 0.285122 0.287884 0.289953 0.291681 0.293501 0.296074 0.299207 0.300643 0.299411 0.296953 0.294786 0.29417 0.294756 0.295117 0.294189 0.292559 0.298006 0.315269 0.332667 0.340478 0.339648 0.333 0.324108 0.315907 0.310396 0.306298 0.300647 0.292917 0.283866 0.275353 0.268606 0.262285 0.25594 0.251535 0.249593 0.248524 0.246522 0.242031 0.236637 0.23317 0.231273 0.229706 0.228416 0.227606 0.227409 0.22765 0.22771 0.227988 0.22992 0.232829 0.23468 0.235772 0.237336 0.239172
0.24833 0.24773 0.249656 0.254813 0.259231 0.261072 0.263342 0.267473 0.272505 0.27696 0.279341 0.280703 0.282953 0.285287 0.286627 0.288236 0.290526 0.290792 0.288361 0.286269 0.285937 0.286836 0.289124 0.293248 0.297672 0.301317 0.309904 0.326808 0.341543 0.34665 0.346398 0.342931 0.33374 0.321536 0.313512 0.309074 0.303244 0.295376 0.286453 0.276522 0.266263 0.258821 0.255234 0.251972 0.248128 0.246412 0.245475 0.241027 0.235138 0.232495 0.231572 0.22928 0.22548 0.221467 0.220306 0.222437 0.223654 0.223182 0.224295 0.226815 0.228126 0.228388 0.228896 0.229329
0.246732 0.247559 0.250072 0.254573 0.257832 0.258515 0.259438 0.262302 0.266955 0.271754 0.274332 0.27552 0.277307 0.278744 0.278681 0.278871 0.280205 0.280159 0.27808 0.276834 0.277429 0.278749 0.281164 0.286025 0.29372 0.304139 0.317028 0.330969 0.341045 0.344398 0.343762 0.340196 0.331725 0.320527 0.312302 0.306544 0.299372 0.291177 0.283417 0.274334 0.263464 0.256352 0.254886 0.252478 0.247282 0.244122 0.242551 0.237993 0.232172 0.22947 0.228405 0.22606 0.222465 0.218844 0.217586 0.218848 0.21893 0.217364 0.217433 0.219034 0.2197 0.219834 0.220926 0.22235
0.244228 0.249488 0.253339 0.255094 0.255915 0.256594 0.256836 0.257533 0.260874 0.265985 0.269825 0.27184 0.27269 0.272328 0.270871 0.269873 0.270215 0.270516 0.270111 0.269904 0.270442 0.271756 0.273726 0.276555 0.283667 0.29811 0.313699 0.323804 0.329263 0.331306 0.329001 0.32309 0.316867 0.311317 0.305163 0.29774 0.289086 0.280977 0.274978 0.268576 0.260277 0.254479 0.252892 0.250528 0.245723 0.241632 0.238404 0.233721 0.22829 0.224242 0.221737 0.220202 0.219112 0.218069 0.216975 0.2156 0.213457 0.211115 0.210204 0.210409 0.210196 0.21047 0.21289 0.216456
0.242895 0.250826 0.255768 0.256373 0.255521 0.255143 0.254455 0.254016 0.256052 0.260119 0.26377 0.266003 0.266712 0.266399 0.265625 0.264427 0.263047 0.262456 0.262875 0.263263 0.263694 0.265371 0.267779 0.269718 0.274393 0.285353 0.297662 0.305783 0.310426 0.312223 0.309203 0.302628 0.298346 0.296219 0.290723 0.282081 0.273955 0.26785 0.263862 0.259967 0.254668 0.249524 0.245728 0.242818 0.240207 0.237392 0.234167 0.230536 0.226107 0.220697 0.216725 0.216267 0.216355 0.214485 0.212292 0.210824 0.209144 0.207035 0.205242 0.203958 0.203006 0.202954 0.204546 0.207418
0.242153 0.250028 0.255452 0.25698 0.255767 0.253485 0.251958 0.251943 0.252963 0.254721 0.257059 0.259357 0.260903 0.261848 0.262337 0.261453 0.259022 0.2571 0.256776 0.257202 0.258047 0.259646 0.261817 0.264117 0.267057 0.271463 0.277503 0.284535 0.290017 0.291801 0.289367 0.284492 0.281569 0.279782 0.273873 0.265261 0.258976 0.25524 0.252421 0.249693 0.246381 0.241625 0.23605 0.232974 0.23276 0.231922 0.229716 0.227619 0.224409 0.218247 0.213005 0.212494 0.21209 0.208247 0.205086 0.204804 0.204573 0.203022 0.200928 0.19911 0.198215 0.197849 0.197361 0.197533
0.240042 0.246618 0.252189 0.255533 0.254895 0.251121 0.24949 0.250922 0.251119 0.250255 0.251784 0.255163 0.257968 0.259222 0.258801 0.257801 0.256874 0.255049 0.252749 0.252751 0.254568 0.254494 0.253614 0.255807 0.259689 0.262291 0.265091 0.269614 0.273253 0.273987 0.272668 0.270534 0.268767 0.266503 0.261315 0.254575 0.249564 0.246001 0.242482 0.239241 0.236481 0.233078 0.229111 0.227213 0.227456 0.226588 0.224349 0.22279 0.220319 0.214237 0.207792 0.204913 0.203595 0.201615 0.19975 0.19846 0.196958 0.195149 0.193812 0.193387 0.193886 0.19416 0.192948 0.191496
0.235162 0.242531 0.249734 0.25547 0.255554 0.250174 0.247535 0.249204 0.248659 0.246282 0.247503 0.251567 0.254756 0.255336 0.253255 0.251947 0.253003 0.252054 0.248217 0.246988 0.248461 0.247116 0.244435 0.246103 0.250781 0.254552 0.257223 0.259364 0.260347 0.25994 0.259188 0.258391 0.256643 0.25378 0.250381 0.246699 0.242761 0.238559 0.234214 0.230449 0.22788 0.226356 0.225491 0.224709 0.22339 0.220949 0.218037 0.216057 0.213658 0.208547 0.202216 0.197172 0.194365 0.193528 0.192315 0.18952 0.186337 0.184005 0.183498 0.184788 0.187021 0.188683 0.188373 0.187018
0.227997 0.240501 0.251921 0.260075 0.260019 0.252098 0.246199 0.24538 0.244101 0.242075 0.242967 0.24585 0.247667 0.247244 0.244831 0.243414 0.244322 0.243729 0.240213 0.237057 0.235758 0.235576 0.236167 0.237568 0.240094 0.243859 0.247398 0.249295 0.249825 0.249403 0.248054 0.245716 0.242327 0.238959 0.237486 0.236861 0.234598 0.231045 0.227577 0.224825 0.223208 0.223117 0.223782 0.222384 0.218437 0.214501 0.211448 0.20859 0.205454 0.201769 0.197605 0.193077 0.187996 0.182624 0.1785 0.176089 0.173813 0.171542 0.170884 0.172338 0.175374 0.178421 0.179773 0.179722
0.2253 0.242987 0.2575 0.265481 0.263171 0.252279 0.24371 0.241145 0.239213 0.237063 0.23735 0.239014 0.239384 0.237974 0.235388 0.233397 0.232825 0.231743 0.229089 0.225751 0.223563 0.224881 0.228286 0.23024 0.231473 0.23412 0.237291 0.239551 0.240681 0.240593 0.238991 0.235931 0.232032 0.228833 0.228383 0.22935 0.228703 0.226491 0.223995 0.222167 0.221546 0.221755 0.221523 0.218321 0.212712 0.208987 0.20695 0.202908 0.197582 0.193698 0.190655 0.186638 0.179993 0.170954 0.164295 0.162044 0.16065 0.158671 0.157559 0.15824 0.160936 0.164162 0.16602 0.166934
0.230717 0.250722 0.264808 0.268558 0.261476 0.247914 0.23913 0.237537 0.235072 0.231078 0.230459 0.23208 0.232134 0.230017 0.226511 0.223337 0.221409 0.219329 0.216899 0.216175 0.217369 0.218729 0.220372 0.223477 0.226793 0.228496 0.229619 0.231331 0.232479 0.232323 0.231889 0.231438 0.229957 0.227972 0.227341 0.227791 0.227785 0.226524 0.223943 0.221789 0.22119 0.220185 0.217191 0.212338 0.207365 0.20547 0.204654 0.199237 0.190878 0.184529 0.179581 0.173876 0.167325 0.160604 0.155044 0.151296 0.148722 0.146889 0.145745 0.145686 0.147218 0.149053 0.149585 0.150355
0.23684 0.260514 0.274187 0.272105 0.259485 0.244065 0.234637 0.232225 0.229226 0.224844 0.223386 0.223989 0.22346 0.221141 0.217559 0.214306 0.21224 0.210018 0.207906 0.208946 0.212373 0.213646 0.213637 0.216447 0.220808 0.223575 0.224921 0.225727 0.225896 0.225727 0.226692 0.228841 0.23015 0.23009 0.229612 0.228966 0.227954 0.226525 0.224727 0.22277 0.220562 0.217062 0.212173 0.207801 0.204735 0.202078 0.198249 0.1915 0.183184 0.175881 0.168941 0.161331 0.155172 0.151782 0.148622 0.144486 0.141277 0.139684 0.138782 0.13842 0.138981 0.139803 0.140102 0.141301
