data_raster/melanesia/PNMC_microNekton_2021/microNekton-202103.grd
DSAA																																																																																																																																																																																																																																																																																																																																																																																																																											
412	268																																																																																																																																																																																																																																																																																																																																																																																																																										
156	174.5																																																																																																																																																																																																																																																																																																																																																																																																																										
-26.5	-14.5																																																																																																																																																																																																																																																																																																																																																																																																																										
0	2.81724																																																																																																																																																																																																																																																																																																																																																																																																																										
[rows 84 to 111 of 268, columns 128 to 191 of 412]
0.408769 0.410898 0.413698 0.41593 0.416707 0.415541 0.412489 0.409818 0.409913 0.407804 0.398462 0.388059 0.382931 0.382601 0.385365 0.389392 0.396485 0.412081 0.433044 0.45037 0.463906 0.477687 0.492756 0.509785 0.531815 0.554325 0.554447 0.522527 0.473179 0.423999 0.392226 0.377856 0.370101 0.368343 0.375645 0.389172 0.404342 0.416819 0.425561 0.436141 0.451931 0.471703 0.484897 0.47463 0.447264 0.422279 0.407585 0.404228 0.404893 0.404215 0.408531 0.420897 0.434743 0.447456 0.462307 0.477859 0.489398 0.50178 0.523329 0.550321 0.575799 0.597714 0.614315 0.62171
0.388837 0.389025 0.387874 0.38478 0.381932 0.380809 0.381991 0.384739 0.38741 0.387449 0.383407 0.379665 0.379899 0.382226 0.386021 0.394231 0.407362 0.42273 0.438146 0.451897 0.461908 0.467424 0.476123 0.495679 0.523425 0.548831 0.548807 0.514377 0.461006 0.408062 0.375383 0.364231 0.363698 0.369846 0.381718 0.396354 0.410397 0.421225 0.429285 0.440964 0.459729 0.483503 0.499527 0.48795 0.457032 0.430481 0.415275 0.41016 0.409015 0.408115 0.414006 0.428669 0.442645 0.453565 0.468794 0.486499 0.498004 0.508114 0.526807 0.548578 0.565382 0.58167 0.600079 0.611382
0.371178 0.369054 0.366354 0.362582 0.360435 0.361449 0.365722 0.370887 0.373786 0.375222 0.377167 0.3801 0.383697 0.386553 0.389906 0.39959 0.415698 0.431456 0.444281 0.454887 0.461634 0.463436 0.469429 0.488866 0.518894 0.547471 0.547883 0.509854 0.451572 0.395532 0.364401 0.357457 0.359083 0.365637 0.378203 0.392742 0.405542 0.418869 0.434132 0.448747 0.467511 0.504376 0.539381 0.525917 0.480188 0.451598 0.441385 0.433841 0.428286 0.427838 0.434756 0.44788 0.460218 0.470383 0.484252 0.500162 0.510812 0.519317 0.533041 0.548875 0.561955 0.575743 0.591717 0.601539
0.357084 0.354052 0.352546 0.351935 0.35331 0.356557 0.360396 0.363321 0.364304 0.366009 0.371202 0.377338 0.381752 0.384921 0.38894 0.397697 0.411769 0.427741 0.442442 0.45322 0.458804 0.460057 0.465691 0.484465 0.515683 0.547901 0.550117 0.510226 0.449359 0.39216 0.361968 0.355728 0.354194 0.356074 0.366506 0.380011 0.391663 0.408448 0.4321 0.449233 0.466071 0.515567 0.574565 0.573099 0.523434 0.483724 0.463695 0.453786 0.450092 0.451044 0.457242 0.468063 0.479998 0.491455 0.503481 0.515345 0.524977 0.533182 0.54214 0.55244 0.563961 0.576162 0.587296 0.592918
0.34794 0.346088 0.346233 0.347997 0.351608 0.35552 0.356968 0.35687 0.358095 0.362017 0.368693 0.375257 0.379669 0.383899 0.389809 0.398 0.409029 0.423372 0.438795 0.451079 0.457151 0.45658 0.460086 0.478753 0.511332 0.545668 0.551154 0.515568 0.458856 0.402908 0.367331 0.352457 0.34639 0.346872 0.355042 0.365917 0.375813 0.390983 0.412774 0.42889 0.44455 0.489446 0.55469 0.595464 0.585927 0.521383 0.453986 0.440242 0.452775 0.456966 0.461431 0.474546 0.490558 0.505024 0.517075 0.527284 0.537056 0.545967 0.5529 0.558904 0.565627 0.573924 0.582834 0.587437
0.342945 0.342716 0.343809 0.346105 0.349105 0.351385 0.35114 0.350618 0.353747 0.36 0.3672 0.373517 0.378328 0.383879 0.391516 0.400296 0.410233 0.422565 0.436535 0.449481 0.456136 0.452926 0.453116 0.471112 0.504787 0.541567 0.553559 0.527845 0.477862 0.42095 0.375342 0.348332 0.338882 0.341127 0.347815 0.355625 0.363658 0.374819 0.389826 0.403554 0.418515 0.448539 0.504098 0.586138 0.632248 0.563287 0.457327 0.425899 0.439386 0.448727 0.457508 0.472721 0.490884 0.508409 0.523089 0.534919 0.545486 0.554636 0.561292 0.564928 0.566296 0.570253 0.578797 0.584452
0.340323 0.34035 0.341191 0.34255 0.342399 0.341324 0.342062 0.345189 0.350026 0.356286 0.363618 0.370782 0.377012 0.383338 0.391021 0.401174 0.413337 0.425364 0.436925 0.448495 0.454516 0.449612 0.447063 0.462351 0.495908 0.537517 0.560323 0.547477 0.501525 0.437747 0.381948 0.347312 0.33633 0.339925 0.345749 0.351525 0.358273 0.367642 0.380037 0.393102 0.406851 0.425639 0.466429 0.550984 0.62611 0.60811 0.528735 0.458686 0.426868 0.437789 0.459784 0.472063 0.485118 0.503999 0.523004 0.538528 0.549517 0.557244 0.563671 0.567263 0.567023 0.56902 0.576632 0.582394
0.337766 0.337777 0.337537 0.337002 0.335012 0.333191 0.335248 0.3408 0.347309 0.35405 0.361054 0.368525 0.376259 0.382912 0.389215 0.399594 0.414021 0.427217 0.438353 0.449456 0.454962 0.448671 0.44316 0.454224 0.486051 0.531822 0.565427 0.565814 0.52471 0.456034 0.394161 0.355137 0.340176 0.34046 0.344374 0.348993 0.354614 0.363257 0.375498 0.388301 0.401014 0.417199 0.447056 0.504633 0.580843 0.647853 0.650009 0.551134 0.449525 0.432096 0.452477 0.467452 0.481904 0.500359 0.520427 0.538031 0.548751 0.555109 0.562264 0.567556 0.567773 0.568831 0.57483 0.579969
0.334839 0.33534 0.333649 0.330949 0.330612 0.332627 0.334362 0.337666 0.345953 0.355611 0.36213 0.368336 0.376568 0.383226 0.387785 0.396418 0.410575 0.425691 0.439962 0.453279 0.459126 0.45105 0.441734 0.447749 0.476009 0.522583 0.563566 0.576166 0.544655 0.479817 0.417736 0.37434 0.350012 0.340719 0.340616 0.344411 0.348821 0.356295 0.367857 0.379403 0.391726 0.412692 0.439482 0.463163 0.523364 0.665558 0.764725 0.682855 0.535661 0.457518 0.442731 0.461716 0.485975 0.502922 0.519108 0.534715 0.544422 0.551023 0.560291 0.567738 0.568093 0.567833 0.572266 0.576815
0.336288 0.335851 0.332463 0.328366 0.328762 0.332617 0.334161 0.336258 0.345223 0.356659 0.364196 0.37028 0.37755 0.383495 0.387921 0.395889 0.409505 0.426813 0.444671 0.458959 0.463509 0.453914 0.441456 0.441432 0.464165 0.509728 0.557135 0.582822 0.564912 0.509049 0.447973 0.398005 0.362738 0.343289 0.338517 0.341314 0.34536 0.352515 0.363609 0.374196 0.385597 0.407129 0.431361 0.440602 0.483422 0.62585 0.765879 0.77145 0.686145 0.587703 0.515952 0.487653 0.489226 0.505114 0.521804 0.533666 0.541799 0.549481 0.559735 0.567337 0.567179 0.566418 0.570724 0.574799
0.34386 0.340152 0.334879 0.330462 0.328488 0.329193 0.331808 0.336799 0.34504 0.355299 0.365558 0.373911 0.379514 0.384176 0.390136 0.399606 0.413867 0.432862 0.452478 0.465734 0.467857 0.457093 0.441809 0.434539 0.4502 0.494078 0.548033 0.587853 0.586121 0.541711 0.480482 0.421553 0.377285 0.35116 0.341555 0.341965 0.346291 0.354384 0.365628 0.376155 0.385762 0.399624 0.418494 0.439759 0.473365 0.536377 0.639849 0.774203 0.851566 0.805025 0.685391 0.562542 0.502307 0.512763 0.533375 0.541051 0.546903 0.554615 0.562697 0.567381 0.566374 0.566221 0.571108 0.574165
0.352703 0.345114 0.33787 0.333152 0.329126 0.327159 0.331076 0.33904 0.346751 0.355616 0.36764 0.378334 0.384154 0.388185 0.39393 0.403766 0.418559 0.437426 0.457432 0.473781 0.47876 0.465913 0.444104 0.42835 0.436694 0.477498 0.535217 0.586539 0.602225 0.573581 0.514372 0.447083 0.396779 0.366633 0.350209 0.344496 0.347307 0.3557 0.366529 0.376591 0.3851 0.394794 0.412185 0.444812 0.474797 0.482453 0.545532 0.733947 0.906467 0.925031 0.820434 0.668175 0.570089 0.555418 0.562274 0.563597 0.565697 0.569318 0.571765 0.57211 0.570713 0.570295 0.572023 0.571838
0.358798 0.351619 0.344488 0.338482 0.333166 0.33068 0.334878 0.343408 0.351263 0.359838 0.371575 0.383118 0.39108 0.395758 0.399658 0.407918 0.421957 0.438831 0.458818 0.48306 0.496274 0.480256 0.448476 0.424112 0.425924 0.462216 0.519403 0.57726 0.61046 0.60282 0.550243 0.477021 0.42228 0.388549 0.363743 0.349105 0.347508 0.354047 0.363416 0.372683 0.381994 0.395307 0.416354 0.447108 0.475094 0.488293 0.539863 0.680515 0.831882 0.904954 0.879059 0.777254 0.680011 0.628327 0.606828 0.60016 0.59669 0.592374 0.58756 0.583578 0.58126 0.578201 0.572878 0.567869
0.359758 0.364497 0.363589 0.35474 0.345605 0.341309 0.343811 0.350915 0.358696 0.367301 0.377788 0.388507 0.397509 0.403853 0.408604 0.415888 0.427382 0.441882 0.462546 0.493223 0.512433 0.493381 0.453591 0.422746 0.419343 0.450623 0.503629 0.562793 0.612594 0.630375 0.589821 0.51342 0.452244 0.412151 0.380414 0.358683 0.350655 0.352531 0.35981 0.369629 0.382029 0.400554 0.424313 0.448423 0.47225 0.499372 0.543233 0.620079 0.740435 0.881848 0.934973 0.856702 0.751913 0.685526 0.65292 0.639956 0.629489 0.617751 0.608061 0.600602 0.593988 0.585429 0.57431 0.566188
0.351089 0.368777 0.375084 0.364801 0.352771 0.347418 0.350067 0.358216 0.367711 0.377261 0.386689 0.395804 0.404363 0.412016 0.419033 0.426772 0.436505 0.44952 0.470795 0.504877 0.526843 0.505461 0.460284 0.424373 0.416437 0.442914 0.489411 0.545146 0.608331 0.652807 0.631183 0.558758 0.490231 0.438966 0.399674 0.372707 0.358886 0.355003 0.35815 0.367652 0.383185 0.404372 0.42767 0.447454 0.467823 0.497548 0.535083 0.585619 0.702381 0.888949 0.975247 0.885419 0.769731 0.712061 0.684716 0.667225 0.651705 0.637487 0.626919 0.617249 0.604931 0.590744 0.577072 0.56765
0.328093 0.338401 0.342079 0.336643 0.330377 0.330334 0.341059 0.358648 0.375159 0.388085 0.397587 0.405984 0.414754 0.421844 0.427427 0.436286 0.449199 0.462462 0.482449 0.519307 0.54499 0.52188 0.470834 0.42842 0.415233 0.437533 0.476966 0.525711 0.595853 0.663297 0.669325 0.615294 0.543321 0.475591 0.423034 0.389218 0.372911 0.364836 0.359718 0.363613 0.378266 0.397703 0.418476 0.440195 0.464569 0.495491 0.543268 0.62051 0.738189 0.876262 0.930155 0.860111 0.770787 0.719878 0.688403 0.665709 0.651776 0.643268 0.635161 0.624646 0.610631 0.595406 0.581552 0.570338
0.300716 0.294258 0.290761 0.292853 0.296333 0.303529 0.321772 0.347558 0.37164 0.389209 0.399289 0.409224 0.423385 0.433204 0.436642 0.445972 0.463079 0.477456 0.496518 0.536825 0.566893 0.541937 0.484059 0.433726 0.414517 0.433209 0.466855 0.50778 0.576574 0.657703 0.698354 0.679929 0.612017 0.527172 0.461808 0.419728 0.394323 0.377692 0.36594 0.363812 0.372059 0.384742 0.401092 0.425058 0.45429 0.486263 0.545151 0.653534 0.778528 0.874189 0.900447 0.851187 0.780163 0.721401 0.676625 0.647704 0.637134 0.635907 0.630634 0.620754 0.609674 0.597579 0.584381 0.571249
0.284178 0.275353 0.271859 0.277243 0.284729 0.292969 0.305718 0.324774 0.349342 0.370189 0.380293 0.394489 0.421965 0.443407 0.450132 0.458951 0.475437 0.490487 0.512195 0.556971 0.589935 0.56222 0.497418 0.439242 0.413898 0.429144 0.459538 0.49471 0.553622 0.634844 0.712071 0.74355 0.688575 0.592766 0.525966 0.478093 0.427112 0.390394 0.379284 0.377108 0.374456 0.37652 0.386299 0.403661 0.427297 0.456731 0.50174 0.58028 0.727107 0.928328 1.02273 0.938486 0.813011 0.728641 0.672289 0.636637 0.622963 0.620783 0.615392 0.607602 0.601822 0.593953 0.58096 0.567481
0.277808 0.27585 0.276872 0.282191 0.288666 0.294492 0.299772 0.30959 0.329478 0.349653 0.36065 0.378046 0.411671 0.440553 0.454318 0.468677 0.488704 0.505516 0.529011 0.577952 0.614061 0.583357 0.511591 0.446398 0.415219 0.426205 0.45369 0.48412 0.529698 0.602041 0.705036 0.779024 0.738388 0.64097 0.586532 0.548818 0.48634 0.431066 0.407738 0.396931 0.386488 0.381493 0.383153 0.388422 0.400222 0.422878 0.443847 0.468676 0.611962 0.909218 1.09445 1.02358 0.870333 0.752149 0.674102 0.629871 0.609273 0.600814 0.594052 0.588943 0.587237 0.582715 0.571456 0.55996
0.277086 0.278858 0.282554 0.287472 0.292152 0.297593 0.306697 0.319511 0.334323 0.349147 0.362917 0.378622 0.398097 0.417653 0.438023 0.468517 0.50442 0.526078 0.547039 0.599146 0.640444 0.606805 0.527508 0.45645 0.420236 0.425688 0.448248 0.473156 0.507754 0.568959 0.675435 0.764372 0.736148 0.650444 0.615108 0.605594 0.572824 0.518308 0.45847 0.419566 0.408362 0.40378 0.396738 0.391343 0.393105 0.40553 0.414546 0.418211 0.49902 0.701414 0.900169 0.985874 0.934031 0.790857 0.673903 0.619242 0.592759 0.578288 0.571261 0.568416 0.566901 0.563754 0.557464 0.550167
0.284729 0.287261 0.291266 0.295824 0.301076 0.309108 0.322973 0.338899 0.350635 0.361595 0.376094 0.38699 0.390471 0.398668 0.422275 0.464683 0.513802 0.543242 0.567919 0.626116 0.671323 0.631591 0.542651 0.466655 0.427367 0.428209 0.445569 0.465006 0.49228 0.54254 0.634027 0.72144 0.727902 0.678927 0.638458 0.62156 0.618966 0.592419 0.528029 0.47297 0.449288 0.434812 0.419659 0.408228 0.402919 0.403959 0.407703 0.411843 0.426856 0.480508 0.638078 0.864429 0.933506 0.802136 0.670837 0.61146 0.578415 0.556529 0.548323 0.546949 0.544321 0.541314 0.53944 0.536471
0.302208 0.305284 0.308652 0.312881 0.321674 0.333883 0.344483 0.353739 0.364546 0.376336 0.386823 0.392277 0.392947 0.400214 0.423083 0.463141 0.511633 0.550668 0.591794 0.661166 0.706671 0.656108 0.55498 0.474778 0.434919 0.433653 0.447279 0.462242 0.485309 0.525935 0.593023 0.675327 0.745181 0.757077 0.68048 0.598511 0.589085 0.60467 0.595686 0.559102 0.50786 0.468052 0.44681 0.433213 0.422097 0.413061 0.410484 0.415828 0.409389 0.401867 0.503596 0.718606 0.82855 0.765599 0.672611 0.611609 0.567238 0.53733 0.526265 0.524797 0.521813 0.518663 0.517867 0.517423
0.323838 0.329078 0.333658 0.338131 0.348471 0.361977 0.369279 0.372975 0.381053 0.390459 0.395313 0.395692 0.395299 0.403312 0.425804 0.461953 0.507426 0.555568 0.614285 0.695162 0.740411 0.678669 0.565616 0.482128 0.442856 0.440505 0.451254 0.462467 0.48202 0.514625 0.560875 0.633832 0.743289 0.804334 0.726287 0.608054 0.564531 0.57844 0.605301 0.598827 0.551721 0.509074 0.48567 0.465589 0.445244 0.429418 0.421947 0.422664 0.416067 0.403942 0.447426 0.565854 0.683437 0.738475 0.702997 0.612216 0.545868 0.51817 0.507302 0.50213 0.497362 0.494222 0.49393 0.493813
0.348178 0.356907 0.364929 0.370349 0.378149 0.388289 0.396304 0.401081 0.403558 0.404651 0.40463 0.401262 0.396024 0.401499 0.425612 0.465242 0.514777 0.567976 0.633915 0.724855 0.774636 0.702565 0.575982 0.489234 0.451182 0.447799 0.456157 0.464531 0.48008 0.506022 0.541083 0.600251 0.699965 0.777882 0.757719 0.676274 0.596294 0.553019 0.554742 0.565834 0.563808 0.551571 0.530508 0.499747 0.468419 0.449599 0.439863 0.431019 0.42431 0.421138 0.416511 0.43551 0.556661 0.727246 0.738375 0.603854 0.515347 0.498482 0.490384 0.479247 0.471402 0.468191 0.468272 0.466682
0.382173 0.392227 0.402097 0.408474 0.413564 0.419003 0.425295 0.429587 0.428081 0.423246 0.418878 0.414349 0.41079 0.416719 0.440573 0.488118 0.549161 0.598351 0.654813 0.758937 0.825246 0.738556 0.587194 0.494614 0.459603 0.455827 0.462836 0.470436 0.482797 0.502511 0.529984 0.574747 0.648014 0.723587 0.761284 0.738576 0.656695 0.574283 0.536709 0.53871 0.55974 0.567825 0.551831 0.521193 0.489462 0.469683 0.45705 0.443044 0.435475 0.435171 0.411661 0.38452 0.470846 0.639906 0.677583 0.577439 0.502854 0.481833 0.469087 0.4567 0.449284 0.444795 0.440706 0.437301
0.42359 0.431704 0.440129 0.446604 0.450544 0.452196 0.452345 0.450848 0.447098 0.441083 0.434062 0.431479 0.437033 0.447362 0.468121 0.521093 0.592893 0.633207 0.673815 0.791505 0.878461 0.777598 0.599752 0.500951 0.469314 0.465306 0.471438 0.479317 0.48976 0.504301 0.52472 0.556932 0.608179 0.673495 0.737223 0.759481 0.713898 0.639747 0.578965 0.552058 0.555742 0.558554 0.547139 0.526988 0.50427 0.484489 0.468813 0.456795 0.448875 0.442576 0.42681 0.408531 0.429344 0.488976 0.532652 0.536667 0.507804 0.46843 0.4447 0.435701 0.4314 0.425593 0.417511 0.41752
0.459565 0.464333 0.469176 0.473985 0.476948 0.47608 0.469716 0.460065 0.451096 0.443631 0.438362 0.440374 0.451827 0.464664 0.482267 0.529181 0.59591 0.63639 0.680936 0.800985 0.888729 0.789432 0.613349 0.515214 0.482925 0.477165 0.481138 0.487067 0.496122 0.508707 0.524017 0.546047 0.581749 0.634559 0.700324 0.745939 0.74148 0.69488 0.628896 0.580939 0.564208 0.556598 0.545036 0.527655 0.507053 0.488119 0.474001 0.465848 0.459394 0.451108 0.443579 0.435652 0.41807 0.406119 0.44237 0.499252 0.498492 0.454896 0.427418 0.418632 0.413381 0.409946 0.412147 0.429387
0.483987 0.485517 0.486532 0.488189 0.488034 0.483886 0.474322 0.461175 0.448242 0.439791 0.439257 0.446063 0.457763 0.46979 0.485615 0.52237 0.57851 0.631695 0.693858 0.79277 0.850852 0.767802 0.625383 0.536181 0.499158 0.490434 0.491613 0.4938 0.501269 0.513752 0.52576 0.540156 0.565352 0.605961 0.661317 0.713884 0.741322 0.722555 0.660307 0.60502 0.580929 0.568451 0.553014 0.528754 0.501871 0.48418 0.475351 0.470436 0.466715 0.462463 0.45701 0.4476 0.427894 0.412001 0.436399 0.480099 0.480212 0.446575 0.423876 0.414622 0.409472 0.41462 0.436372 0.471955
