data_raster/melanesia/PNMC_microNekton_2021/microNekton-202103.grd
DSAA																																																																																																																																																																																																																																																																																																																																																																																																																											
412	268																																																																																																																																																																																																																																																																																																																																																																																																																										
156	174.5																																																																																																																																																																																																																																																																																																																																																																																																																										
-26.5	-14.5																																																																																																																																																																																																																																																																																																																																																																																																																										
0	2.81724																																																																																																																																																																																																																																																																																																																																																																																																																										
[rows 0 to 27 of 268, columns 192 to 255 of 412]
0.708853 0.708176 0.708376 0.707736 0.706178 0.704968 0.70559 0.709467 0.717224 0.727345 0.731961 0.726939 0.719332 0.713536 0.707886 0.70229 0.698608 0.697316 0.698092 0.70206 0.710035 0.718249 0.72329 0.726883 0.731119 0.73676 0.73887 0.72566 0.694999 0.653999 0.611116 0.574699 0.548379 0.532578 0.522305 0.5133 0.507031 0.504509 0.504225 0.503291 0.497853 0.489904 0.485821 0.488317 0.49598 0.49553 0.476397 0.453649 0.44108 0.43554 0.445736 0.501284 0.583704 0.624326 0.601318 0.532856 0.470705 0.46657 0.490464 0.501437 0.507772 0.520147 0.533001 0.542824
0.707542 0.708907 0.709277 0.709443 0.710726 0.714585 0.720561 0.727213 0.733046 0.736325 0.73455 0.727178 0.718325 0.711384 0.707627 0.705678 0.702047 0.697824 0.696985 0.701371 0.710629 0.718738 0.721038 0.721989 0.725966 0.733607 0.737889 0.723037 0.689041 0.649984 0.613172 0.581511 0.558084 0.544204 0.533432 0.522448 0.521608 0.532486 0.537472 0.530439 0.520952 0.512977 0.505878 0.505296 0.515416 0.511825 0.47448 0.437245 0.426545 0.421679 0.419283 0.453141 0.523489 0.590486 0.60676 0.534598 0.447895 0.446619 0.486583 0.502098 0.507519 0.52104 0.534317 0.542032
0.700427 0.703943 0.705777 0.708636 0.713806 0.721226 0.729316 0.735766 0.738369 0.735852 0.729992 0.72268 0.714647 0.707398 0.703655 0.702669 0.700475 0.697633 0.697718 0.703249 0.714617 0.724553 0.727078 0.726889 0.729252 0.73635 0.740467 0.722348 0.683924 0.645701 0.615286 0.591805 0.572908 0.556828 0.546519 0.545425 0.554928 0.569323 0.571404 0.557754 0.54257 0.536346 0.543952 0.553615 0.546625 0.516076 0.466265 0.42704 0.416437 0.410501 0.400643 0.411902 0.456777 0.527978 0.575238 0.533241 0.463024 0.461573 0.494002 0.504611 0.507256 0.518245 0.528952 0.533747
0.684309 0.69023 0.695411 0.703037 0.712529 0.720604 0.72592 0.728043 0.72596 0.719661 0.713201 0.709114 0.704692 0.698675 0.692997 0.689887 0.691323 0.695691 0.699787 0.706664 0.720019 0.73319 0.739345 0.740329 0.740381 0.744925 0.746941 0.724093 0.680395 0.64279 0.619678 0.606796 0.594051 0.575244 0.569862 0.59015 0.611111 0.614084 0.602656 0.583892 0.566797 0.568733 0.606838 0.634068 0.586652 0.506314 0.455183 0.430803 0.418406 0.40947 0.39935 0.388646 0.392215 0.436135 0.497388 0.523862 0.520753 0.51644 0.513381 0.508292 0.506275 0.510179 0.514442 0.515245
0.662769 0.67157 0.680725 0.691 0.700368 0.705112 0.705272 0.702535 0.69715 0.689833 0.684528 0.683294 0.682533 0.679612 0.67463 0.671808 0.678358 0.690089 0.696782 0.701566 0.711379 0.722434 0.72957 0.733042 0.735869 0.744158 0.749413 0.725082 0.678966 0.647736 0.634052 0.62193 0.6128 0.614002 0.627792 0.64903 0.656458 0.640593 0.617523 0.60369 0.611909 0.640148 0.67209 0.668698 0.594668 0.506538 0.46963 0.460159 0.448205 0.438167 0.429151 0.404973 0.377319 0.386496 0.435191 0.497 0.539949 0.539131 0.51796 0.505926 0.502088 0.500737 0.499265 0.496166
0.640527 0.651549 0.663274 0.671999 0.6759 0.674863 0.670607 0.665424 0.659858 0.654317 0.650716 0.650055 0.650601 0.650791 0.650046 0.652397 0.665396 0.684084 0.696684 0.704567 0.7135 0.721675 0.726798 0.731847 0.739517 0.749739 0.752111 0.724769 0.680324 0.658876 0.654979 0.642168 0.641671 0.678185 0.710257 0.700605 0.669319 0.638417 0.616725 0.62086 0.674157 0.732433 0.708451 0.626029 0.55983 0.524713 0.512132 0.507081 0.498955 0.491108 0.481282 0.455882 0.422141 0.409163 0.424714 0.458926 0.4912 0.501519 0.498574 0.496212 0.49522 0.493776 0.490205 0.484623
0.622479 0.631679 0.641792 0.647517 0.647649 0.644206 0.639201 0.634432 0.630775 0.628621 0.627749 0.627446 0.626241 0.624409 0.625052 0.633213 0.655106 0.690048 0.732681 0.777874 0.819853 0.849156 0.860214 0.86241 0.85833 0.831924 0.78176 0.728345 0.685589 0.660206 0.660048 0.690004 0.730027 0.753104 0.745061 0.705154 0.659626 0.631158 0.628082 0.654541 0.708525 0.741113 0.679228 0.57584 0.532704 0.534353 0.534558 0.529475 0.523494 0.517273 0.507985 0.488536 0.462239 0.443347 0.437555 0.443548 0.456846 0.471723 0.483594 0.489655 0.491736 0.491448 0.487968 0.48249
0.616344 0.619956 0.624244 0.626854 0.627087 0.625572 0.622958 0.62006 0.618598 0.619741 0.621753 0.622506 0.620433 0.617579 0.621125 0.636446 0.66689 0.718144 0.795306 0.886847 0.973453 1.03453 1.05822 1.05993 1.04068 0.964075 0.840412 0.744929 0.697843 0.670453 0.683623 0.770779 0.843202 0.802831 0.718159 0.668153 0.643563 0.634627 0.655674 0.692334 0.695564 0.65663 0.600951 0.552834 0.530721 0.525761 0.522545 0.517542 0.510797 0.5043 0.497572 0.485972 0.470387 0.457842 0.452864 0.457236 0.467016 0.476364 0.483829 0.489262 0.492194 0.492348 0.490041 0.486843
0.632408 0.631307 0.62885 0.62748 0.627408 0.627133 0.625709 0.623027 0.62181 0.624143 0.626758 0.628361 0.63451 0.649274 0.673031 0.703048 0.734526 0.771971 0.824397 0.886952 0.948207 0.99549 1.02252 1.04323 1.05336 1.00634 0.897895 0.786221 0.723623 0.746475 0.818555 0.865738 0.85253 0.774262 0.688851 0.64751 0.639818 0.650486 0.673227 0.68617 0.651232 0.586391 0.549438 0.539071 0.526385 0.512609 0.506225 0.502208 0.495613 0.4891 0.484003 0.477894 0.470923 0.466294 0.466275 0.47177 0.479032 0.483238 0.485541 0.488132 0.490337 0.491294 0.490986 0.490087
0.669116 0.665577 0.6589 0.654188 0.652493 0.651621 0.649539 0.645234 0.642465 0.6443 0.64609 0.64783 0.663246 0.697674 0.741227 0.781304 0.804678 0.808887 0.799238 0.784441 0.774192 0.775911 0.796179 0.84096 0.90046 0.934296 0.915179 0.841889 0.78859 0.874291 0.988799 0.926535 0.776647 0.702392 0.678333 0.654763 0.64865 0.664672 0.666831 0.640016 0.599078 0.560107 0.536838 0.524908 0.512509 0.501611 0.496787 0.493876 0.488977 0.483632 0.479167 0.475336 0.472613 0.472264 0.473847 0.475822 0.478094 0.48099 0.483355 0.484253 0.484988 0.486485 0.487874 0.48853
0.715449 0.710545 0.705007 0.700485 0.697695 0.696355 0.693988 0.688329 0.684105 0.685644 0.688047 0.689043 0.696436 0.714176 0.738346 0.760823 0.770396 0.761981 0.73598 0.702088 0.673792 0.662855 0.677458 0.716485 0.771254 0.821838 0.858134 0.885427 0.920759 0.982771 1.00399 0.89278 0.742616 0.68207 0.674409 0.663387 0.655875 0.654398 0.635912 0.597901 0.564406 0.542517 0.524956 0.510156 0.49957 0.492807 0.488653 0.48533 0.481684 0.478348 0.475555 0.472541 0.470013 0.470129 0.472082 0.473261 0.474363 0.477036 0.479462 0.479706 0.479066 0.479057 0.480226 0.482073
0.76204 0.757715 0.755987 0.753243 0.749479 0.747138 0.744412 0.738497 0.732924 0.731558 0.732247 0.730977 0.722552 0.707462 0.694601 0.687761 0.684846 0.68237 0.67683 0.670324 0.667344 0.67173 0.685147 0.703301 0.722777 0.74462 0.790999 0.905897 1.02798 1.01585 0.900505 0.803618 0.74264 0.69774 0.670988 0.662505 0.65193 0.627493 0.598544 0.571574 0.547096 0.525949 0.509423 0.497928 0.491027 0.486229 0.481161 0.476586 0.473479 0.471593 0.470051 0.467357 0.464228 0.463608 0.465533 0.467992 0.470207 0.472022 0.473302 0.47377 0.47269 0.470508 0.470339 0.472872
0.798172 0.797539 0.797568 0.794629 0.788992 0.783706 0.779101 0.773994 0.766633 0.756556 0.748297 0.742883 0.731364 0.710707 0.688558 0.671698 0.664619 0.664712 0.665504 0.667111 0.672363 0.682669 0.697847 0.714217 0.731165 0.755666 0.804353 0.901151 0.987133 0.943796 0.818098 0.739381 0.709028 0.685511 0.66549 0.651086 0.632372 0.60494 0.577546 0.554792 0.534798 0.517049 0.502459 0.49205 0.486267 0.482026 0.476347 0.471302 0.468565 0.466094 0.462882 0.460406 0.459509 0.460085 0.461581 0.463157 0.464004 0.463699 0.463684 0.464914 0.464805 0.46239 0.461615 0.463974
0.799095 0.801406 0.801976 0.799445 0.79388 0.786563 0.780026 0.776018 0.76882 0.753904 0.739194 0.730646 0.724013 0.715109 0.702085 0.688334 0.681515 0.679526 0.674763 0.668856 0.667269 0.673633 0.689392 0.711053 0.73838 0.779113 0.829495 0.869252 0.877599 0.837571 0.767073 0.702598 0.664001 0.656578 0.653389 0.632313 0.60657 0.586174 0.565236 0.542714 0.524926 0.512327 0.500783 0.490846 0.484874 0.480462 0.47479 0.469808 0.466835 0.463086 0.458024 0.455507 0.45634 0.457747 0.458517 0.458666 0.457912 0.45617 0.455185 0.456182 0.456794 0.455693 0.455303 0.45677
0.748268 0.748749 0.750123 0.751262 0.750161 0.7448 0.738378 0.735308 0.732391 0.725652 0.717056 0.709545 0.705335 0.702662 0.694391 0.681659 0.673553 0.669727 0.664114 0.657401 0.653459 0.656567 0.668306 0.681844 0.697293 0.731146 0.780555 0.815073 0.815646 0.777439 0.719801 0.673284 0.64755 0.639996 0.632332 0.611036 0.586269 0.56625 0.548837 0.532653 0.518482 0.506859 0.497952 0.491354 0.486287 0.481578 0.476351 0.471336 0.467117 0.463047 0.459013 0.456004 0.454354 0.453609 0.453561 0.454121 0.454469 0.453706 0.452345 0.451228 0.450789 0.45108 0.451516 0.45178
0.679063 0.675146 0.673866 0.676556 0.680016 0.678624 0.674855 0.674296 0.677129 0.681218 0.682676 0.680144 0.678573 0.678291 0.671889 0.659695 0.649876 0.644147 0.639879 0.636394 0.634306 0.635997 0.641847 0.644704 0.647145 0.673204 0.724312 0.768837 0.780069 0.741991 0.683777 0.653378 0.64322 0.629045 0.610829 0.59276 0.573386 0.553266 0.538006 0.527857 0.516484 0.504347 0.496993 0.493292 0.489107 0.484422 0.480211 0.475596 0.470181 0.465708 0.462669 0.45915 0.455156 0.452835 0.452328 0.452344 0.452447 0.452504 0.451716 0.449741 0.448413 0.448746 0.449075 0.448512
0.623257 0.615515 0.606992 0.605575 0.609793 0.611934 0.612837 0.616901 0.624033 0.632463 0.63982 0.644857 0.649059 0.651671 0.64829 0.639103 0.62902 0.620874 0.615783 0.613569 0.613482 0.61476 0.616711 0.6189 0.628181 0.664996 0.721143 0.750028 0.737987 0.703529 0.666949 0.645342 0.632296 0.615492 0.597416 0.582161 0.567793 0.553277 0.540874 0.530585 0.519553 0.50873 0.501776 0.497592 0.493087 0.488844 0.485941 0.482398 0.47689 0.471337 0.466984 0.463274 0.460372 0.45922 0.458408 0.455313 0.451606 0.450301 0.450527 0.450555 0.449922 0.448697 0.447536 0.4469
0.579988 0.570835 0.558588 0.553003 0.555137 0.559648 0.565168 0.572364 0.581589 0.592934 0.605944 0.618978 0.62805 0.630832 0.627938 0.620819 0.611555 0.602665 0.596673 0.594074 0.594274 0.595856 0.598962 0.609173 0.633387 0.678509 0.728142 0.73737 0.706895 0.677337 0.658181 0.640365 0.622997 0.607944 0.594397 0.581478 0.570001 0.55988 0.549004 0.537321 0.527352 0.519571 0.512765 0.506597 0.501268 0.497201 0.494462 0.491533 0.487209 0.481913 0.476625 0.472779 0.470515 0.468546 0.46568 0.461113 0.456242 0.453179 0.452233 0.452714 0.452566 0.450754 0.448999 0.448488
0.545968 0.538048 0.5293 0.523392 0.522609 0.527665 0.535982 0.544382 0.555244 0.571395 0.590923 0.609407 0.619214 0.61799 0.611706 0.604041 0.595757 0.588192 0.582955 0.580141 0.57957 0.582995 0.593432 0.615942 0.650918 0.688688 0.716001 0.717404 0.696026 0.670851 0.650084 0.634614 0.622593 0.611549 0.600832 0.590315 0.580003 0.569652 0.558591 0.547967 0.54087 0.536036 0.529141 0.521078 0.515009 0.510547 0.506451 0.503054 0.50043 0.497179 0.49283 0.488676 0.48449 0.478496 0.472288 0.469309 0.467611 0.463654 0.459276 0.457032 0.456207 0.455697 0.454999 0.454267
0.521954 0.515861 0.512096 0.508564 0.506516 0.50945 0.517961 0.53116 0.548227 0.5681 0.58878 0.606241 0.612542 0.606454 0.597219 0.589096 0.580742 0.573527 0.570315 0.570161 0.571836 0.580957 0.602859 0.635904 0.672615 0.696823 0.70273 0.699309 0.688963 0.668366 0.646025 0.634987 0.630093 0.621695 0.612121 0.604656 0.596787 0.587008 0.577281 0.569204 0.563358 0.557743 0.548916 0.538994 0.532199 0.527251 0.52188 0.517465 0.515064 0.512966 0.509746 0.505085 0.498987 0.491811 0.485554 0.482776 0.481035 0.476525 0.47094 0.467079 0.465594 0.465861 0.465514 0.463925
0.508185 0.503235 0.501538 0.500814 0.500483 0.501813 0.510027 0.530064 0.554816 0.575582 0.59183 0.602855 0.603829 0.595257 0.586063 0.57899 0.570452 0.563529 0.564723 0.570972 0.577606 0.592849 0.623354 0.659572 0.689317 0.701491 0.696025 0.686773 0.677365 0.662401 0.647568 0.642951 0.642 0.634973 0.626892 0.623089 0.61942 0.61316 0.606813 0.60112 0.594128 0.584692 0.572763 0.561158 0.553344 0.547586 0.541327 0.535881 0.532405 0.529562 0.525964 0.520781 0.514807 0.510326 0.506852 0.502149 0.496603 0.491641 0.487384 0.483831 0.481931 0.481623 0.480316 0.477391
0.503652 0.499082 0.495043 0.49491 0.499152 0.506359 0.518551 0.538169 0.560564 0.579681 0.592703 0.598261 0.596698 0.590365 0.584083 0.579071 0.573313 0.571778 0.58222 0.597121 0.606209 0.618881 0.644068 0.671842 0.691178 0.696075 0.687615 0.675287 0.664606 0.656931 0.653045 0.652939 0.653122 0.65024 0.647331 0.647104 0.646939 0.644794 0.641203 0.636028 0.628082 0.617189 0.604212 0.591627 0.582075 0.574191 0.56619 0.560045 0.556653 0.552319 0.545739 0.540374 0.53722 0.534245 0.530352 0.525342 0.519882 0.514843 0.510004 0.505293 0.502253 0.501194 0.499147 0.495024
0.50371 0.500006 0.494292 0.494854 0.504563 0.521479 0.539773 0.553488 0.566142 0.581376 0.592565 0.595154 0.593961 0.592366 0.589819 0.586872 0.585753 0.592019 0.611188 0.63209 0.640777 0.645742 0.657226 0.670832 0.680457 0.682153 0.675459 0.664313 0.654941 0.654384 0.659211 0.66112 0.661706 0.665136 0.669572 0.672687 0.675035 0.676523 0.675117 0.670258 0.663312 0.654535 0.643383 0.631163 0.619825 0.609162 0.598939 0.591684 0.587939 0.582058 0.572893 0.567604 0.566523 0.562417 0.555731 0.55194 0.549814 0.545563 0.5393 0.532598 0.527699 0.525272 0.522383 0.517477
0.502216 0.501752 0.503247 0.509645 0.522738 0.542594 0.562344 0.573961 0.581818 0.591374 0.597787 0.597871 0.596887 0.597386 0.5964 0.594449 0.595937 0.604599 0.622226 0.640348 0.648998 0.652959 0.658671 0.664477 0.667785 0.667188 0.662719 0.656257 0.651966 0.655126 0.66213 0.665564 0.668612 0.676596 0.685818 0.692282 0.69749 0.702224 0.704421 0.703345 0.700135 0.694996 0.687367 0.677377 0.665648 0.653417 0.64196 0.631887 0.623391 0.616032 0.609551 0.60409 0.598942 0.59263 0.58623 0.582311 0.580255 0.577992 0.574069 0.567947 0.561409 0.555816 0.550617 0.545354
0.503695 0.50783 0.518489 0.531417 0.545604 0.562248 0.578578 0.590535 0.598075 0.602276 0.603502 0.602534 0.60138 0.600827 0.599698 0.598846 0.601173 0.607764 0.618117 0.629467 0.638772 0.646394 0.652905 0.656484 0.656189 0.653698 0.651002 0.650039 0.651688 0.65579 0.661248 0.666834 0.67401 0.684364 0.695491 0.705038 0.713585 0.721597 0.728466 0.733407 0.735585 0.734627 0.730543 0.723415 0.713519 0.702081 0.690103 0.676539 0.662025 0.652258 0.647915 0.640799 0.629809 0.621829 0.617142 0.611628 0.606691 0.605322 0.604617 0.601051 0.595225 0.588519 0.582165 0.576986
0.515189 0.522971 0.533036 0.545729 0.559766 0.572793 0.584012 0.593204 0.598974 0.600608 0.601023 0.602022 0.60128 0.59861 0.597694 0.599722 0.603202 0.608125 0.615367 0.624343 0.633718 0.641766 0.646791 0.647543 0.644513 0.641425 0.640856 0.643277 0.647748 0.652434 0.658107 0.666745 0.677684 0.689417 0.701403 0.713426 0.725467 0.737392 0.748797 0.758909 0.766531 0.770163 0.768428 0.763246 0.757527 0.749541 0.736941 0.721253 0.704997 0.69091 0.679551 0.668083 0.656577 0.648244 0.642082 0.634542 0.627211 0.623342 0.62176 0.620414 0.619016 0.617216 0.613803 0.609073
0.527323 0.536572 0.541399 0.550099 0.562756 0.573427 0.580956 0.586467 0.589917 0.591401 0.592817 0.594759 0.594145 0.591243 0.591772 0.596603 0.601625 0.60657 0.613521 0.62163 0.62886 0.633919 0.635903 0.634425 0.630765 0.629259 0.631781 0.6365 0.642155 0.648359 0.656163 0.667026 0.679468 0.691539 0.704274 0.718939 0.735329 0.752599 0.76923 0.784456 0.798333 0.808259 0.810242 0.807731 0.806525 0.802435 0.790319 0.774783 0.759647 0.741555 0.720429 0.702869 0.690552 0.679432 0.668144 0.657562 0.649212 0.644529 0.642972 0.643284 0.643912 0.643345 0.640326 0.635766
0.528707 0.536971 0.540165 0.546458 0.556764 0.566445 0.57355 0.577849 0.58066 0.583101 0.583872 0.582426 0.581012 0.581487 0.584525 0.58975 0.595859 0.601967 0.607476 0.611647 0.613939 0.61504 0.61562 0.615214 0.614545 0.617035 0.623521 0.631096 0.63886 0.647845 0.657979 0.668558 0.679435 0.691021 0.705096 0.723093 0.744545 0.768024 0.791019 0.812815 0.834692 0.853385 0.862782 0.865401 0.867049 0.865074 0.85577 0.842772 0.828726 0.809932 0.786124 0.763786 0.744896 0.726189 0.707694 0.692051 0.682079 0.67957 0.680744 0.680629 0.676185 0.667279 0.65911 0.65551
