data_raster/melanesia/PNMC_chlorophylle_2021/chl-202106.grd
DSAA																																																																																																																																																																																																																																																																																																																																																																																																																											
412	268																																																																																																																																																																																																																																																																																																																																																																																																																										
156	174.5																																																																																																																																																																																																																																																																																																																																																																																																																										
-26.5	-14.5																																																																																																																																																																																																																																																																																																																																																																																																																										
0.0610	0.3284																																																																																																																																																																																																																																																																																																																																																																																																																										
[rows 174 to 202 of 268, columns 0 to 66 of 412]
0.07238 0.07241 0.07243 0.07244 0.07242 0.07237 0.07228 0.07214 0.07196 0.07175 0.07151 0.07124 0.07094 0.07064 0.07035 0.07009 0.06988 0.06972 0.06963 0.06960 0.06959 0.06961 0.06963 0.06963 0.06963 0.06964 0.06969 0.06979 0.06997 0.07022 0.07053 0.07090 0.07130 0.07170 0.07211 0.07250 0.07286 0.07318 0.07344 0.07364 0.07376 0.07383 0.07385 0.07385 0.07384 0.07383 0.07383 0.07385 0.07388 0.07393 0.07398 0.07406 0.07414 0.07422 0.07430 0.07436 0.07441 0.07443 0.07444 0.07443 0.07441 0.07438 0.07435 0.07431 0.07427 0.07424 0.07422
0.07254 0.07256 0.07258 0.07259 0.07258 0.07254 0.07247 0.07236 0.07222 0.07204 0.07183 0.07157 0.07129 0.07098 0.07068 0.07039 0.07015 0.06996 0.06984 0.06977 0.06974 0.06972 0.06971 0.06968 0.06965 0.06964 0.06967 0.06975 0.06991 0.07014 0.07045 0.07080 0.07117 0.07156 0.07192 0.07226 0.07257 0.07283 0.07305 0.07321 0.07332 0.07338 0.07340 0.07342 0.07343 0.07346 0.07351 0.07358 0.07366 0.07375 0.07386 0.07397 0.07409 0.07420 0.07430 0.07439 0.07446 0.07450 0.07453 0.07453 0.07451 0.07449 0.07444 0.07440 0.07435 0.07430 0.07427
0.07267 0.07269 0.07270 0.07270 0.07270 0.07267 0.07262 0.07255 0.07244 0.07230 0.07212 0.07190 0.07163 0.07133 0.07102 0.07072 0.07045 0.07024 0.07010 0.07000 0.06993 0.06988 0.06983 0.06978 0.06972 0.06968 0.06968 0.06974 0.06987 0.07009 0.07038 0.07070 0.07105 0.07140 0.07172 0.07200 0.07225 0.07246 0.07263 0.07276 0.07284 0.07290 0.07294 0.07297 0.07302 0.07308 0.07318 0.07329 0.07343 0.07357 0.07373 0.07388 0.07404 0.07418 0.07432 0.07443 0.07452 0.07459 0.07463 0.07465 0.07465 0.07462 0.07459 0.07454 0.07448 0.07443 0.07438
0.07279 0.07279 0.07279 0.07278 0.07276 0.07274 0.07271 0.07266 0.07260 0.07249 0.07235 0.07216 0.07191 0.07163 0.07132 0.07102 0.07075 0.07053 0.07036 0.07024 0.07015 0.07008 0.07000 0.06992 0.06984 0.06977 0.06975 0.06978 0.06989 0.07009 0.07035 0.07064 0.07095 0.07125 0.07152 0.07175 0.07194 0.07209 0.07222 0.07231 0.07237 0.07243 0.07247 0.07253 0.07260 0.07271 0.07285 0.07301 0.07319 0.07339 0.07359 0.07379 0.07398 0.07416 0.07432 0.07447 0.07459 0.07468 0.07474 0.07478 0.07480 0.07479 0.07476 0.07471 0.07466 0.07461 0.07455
0.07289 0.07287 0.07284 0.07281 0.07278 0.07275 0.07273 0.07270 0.07265 0.07258 0.07247 0.07231 0.07209 0.07183 0.07155 0.07126 0.07100 0.07078 0.07061 0.07049 0.07038 0.07030 0.07021 0.07011 0.07002 0.06994 0.06990 0.06991 0.07000 0.07016 0.07039 0.07064 0.07091 0.07116 0.07137 0.07153 0.07166 0.07176 0.07183 0.07189 0.07193 0.07198 0.07204 0.07211 0.07221 0.07235 0.07253 0.07274 0.07297 0.07320 0.07344 0.07368 0.07390 0.07412 0.07431 0.07449 0.07464 0.07476 0.07485 0.07492 0.07496 0.07497 0.07496 0.07492 0.07487 0.07482 0.07476
0.07298 0.07292 0.07286 0.07280 0.07275 0.07270 0.07267 0.07264 0.07260 0.07254 0.07245 0.07232 0.07213 0.07191 0.07166 0.07141 0.07117 0.07098 0.07083 0.07071 0.07062 0.07053 0.07045 0.07036 0.07026 0.07018 0.07013 0.07013 0.07020 0.07033 0.07052 0.07073 0.07094 0.07113 0.07127 0.07137 0.07143 0.07147 0.07150 0.07152 0.07154 0.07158 0.07165 0.07174 0.07186 0.07203 0.07224 0.07248 0.07274 0.07302 0.07329 0.07356 0.07381 0.07405 0.07427 0.07447 0.07466 0.07481 0.07494 0.07505 0.07512 0.07516 0.07516 0.07514 0.07510 0.07505 0.07499
0.07305 0.07295 0.07285 0.07275 0.07267 0.07260 0.07254 0.07250 0.07246 0.07240 0.07233 0.07222 0.07206 0.07188 0.07167 0.07147 0.07128 0.07112 0.07100 0.07091 0.07084 0.07077 0.07071 0.07063 0.07055 0.07048 0.07043 0.07043 0.07047 0.07058 0.07072 0.07088 0.07103 0.07116 0.07124 0.07127 0.07127 0.07125 0.07122 0.07121 0.07121 0.07124 0.07131 0.07141 0.07155 0.07174 0.07197 0.07224 0.07253 0.07283 0.07313 0.07342 0.07369 0.07395 0.07420 0.07443 0.07465 0.07485 0.07502 0.07516 0.07527 0.07534 0.07537 0.07537 0.07533 0.07529 0.07523
0.07310 0.07296 0.07282 0.07269 0.07257 0.07247 0.07238 0.07232 0.07226 0.07221 0.07214 0.07205 0.07193 0.07178 0.07163 0.07148 0.07134 0.07123 0.07115 0.07109 0.07105 0.07101 0.07097 0.07091 0.07085 0.07080 0.07076 0.07075 0.07079 0.07086 0.07097 0.07108 0.07117 0.07124 0.07125 0.07122 0.07116 0.07109 0.07101 0.07096 0.07094 0.07096 0.07102 0.07112 0.07128 0.07148 0.07173 0.07202 0.07232 0.07264 0.07296 0.07326 0.07356 0.07384 0.07411 0.07437 0.07462 0.07485 0.07507 0.07526 0.07541 0.07551 0.07557 0.07558 0.07556 0.07552 0.07547
0.07313 0.07295 0.07278 0.07261 0.07246 0.07233 0.07222 0.07213 0.07206 0.07200 0.07193 0.07185 0.07176 0.07166 0.07156 0.07146 0.07138 0.07131 0.07127 0.07125 0.07124 0.07122 0.07121 0.07118 0.07114 0.07110 0.07108 0.07107 0.07110 0.07116 0.07123 0.07130 0.07135 0.07136 0.07132 0.07123 0.07111 0.07098 0.07087 0.07078 0.07073 0.07073 0.07078 0.07089 0.07104 0.07125 0.07151 0.07180 0.07212 0.07245 0.07278 0.07310 0.07340 0.07370 0.07399 0.07427 0.07456 0.07483 0.07509 0.07532 0.07552 0.07566 0.07574 0.07577 0.07577 0.07574 0.07569
0.07313 0.07292 0.07272 0.07253 0.07236 0.07220 0.07207 0.07197 0.07188 0.07181 0.07175 0.07168 0.07162 0.07156 0.07150 0.07145 0.07141 0.07139 0.07138 0.07139 0.07140 0.07141 0.07141 0.07140 0.07139 0.07137 0.07135 0.07136 0.07138 0.07142 0.07148 0.07152 0.07153 0.07151 0.07142 0.07128 0.07112 0.07095 0.07079 0.07066 0.07059 0.07057 0.07060 0.07070 0.07084 0.07105 0.07131 0.07160 0.07193 0.07226 0.07259 0.07292 0.07323 0.07354 0.07385 0.07416 0.07447 0.07478 0.07508 0.07536 0.07559 0.07577 0.07588 0.07593 0.07594 0.07592 0.07589
0.07309 0.07288 0.07267 0.07247 0.07228 0.07212 0.07198 0.07186 0.07177 0.07169 0.07163 0.07158 0.07154 0.07151 0.07148 0.07146 0.07146 0.07147 0.07148 0.07151 0.07153 0.07156 0.07157 0.07157 0.07157 0.07156 0.07155 0.07156 0.07159 0.07164 0.07168 0.07172 0.07172 0.07167 0.07156 0.07139 0.07118 0.07097 0.07077 0.07061 0.07051 0.07046 0.07048 0.07055 0.07069 0.07088 0.07113 0.07142 0.07173 0.07206 0.07240 0.07273 0.07305 0.07337 0.07369 0.07402 0.07436 0.07471 0.07504 0.07535 0.07562 0.07582 0.07596 0.07604 0.07607 0.07606 0.07604
0.07302 0.07281 0.07261 0.07241 0.07223 0.07207 0.07193 0.07181 0.07172 0.07165 0.07160 0.07156 0.07153 0.07152 0.07151 0.07152 0.07153 0.07155 0.07158 0.07161 0.07164 0.07166 0.07168 0.07168 0.07168 0.07167 0.07167 0.07169 0.07173 0.07178 0.07184 0.07188 0.07189 0.07184 0.07171 0.07152 0.07130 0.07105 0.07082 0.07063 0.07049 0.07042 0.07041 0.07046 0.07057 0.07074 0.07097 0.07124 0.07154 0.07187 0.07220 0.07253 0.07285 0.07318 0.07352 0.07387 0.07423 0.07460 0.07496 0.07530 0.07560 0.07583 0.07599 0.07609 0.07614 0.07616 0.07615
0.07293 0.07273 0.07254 0.07236 0.07219 0.07204 0.07191 0.07180 0.07172 0.07166 0.07161 0.07158 0.07157 0.07157 0.07157 0.07159 0.07161 0.07164 0.07167 0.07170 0.07172 0.07174 0.07175 0.07175 0.07174 0.07174 0.07175 0.07177 0.07182 0.07189 0.07197 0.07202 0.07204 0.07200 0.07187 0.07168 0.07144 0.07117 0.07092 0.07070 0.07054 0.07044 0.07039 0.07041 0.07049 0.07064 0.07084 0.07109 0.07137 0.07168 0.07200 0.07232 0.07265 0.07299 0.07334 0.07370 0.07408 0.07447 0.07486 0.07522 0.07554 0.07580 0.07598 0.07611 0.07618 0.07621 0.07623
0.07282 0.07264 0.07247 0.07230 0.07215 0.07201 0.07190 0.07181 0.07174 0.07168 0.07165 0.07163 0.07162 0.07163 0.07164 0.07166 0.07169 0.07172 0.07174 0.07177 0.07179 0.07180 0.07181 0.07181 0.07180 0.07180 0.07181 0.07184 0.07189 0.07198 0.07207 0.07214 0.07217 0.07214 0.07202 0.07183 0.07159 0.07132 0.07106 0.07082 0.07064 0.07051 0.07044 0.07042 0.07047 0.07058 0.07075 0.07096 0.07122 0.07150 0.07180 0.07212 0.07244 0.07279 0.07314 0.07352 0.07392 0.07432 0.07473 0.07511 0.07545 0.07573 0.07594 0.07609 0.07618 0.07624 0.07628
0.07270 0.07254 0.07238 0.07223 0.07210 0.07198 0.07188 0.07180 0.07174 0.07170 0.07167 0.07166 0.07167 0.07168 0.07169 0.07172 0.07174 0.07177 0.07180 0.07183 0.07185 0.07186 0.07187 0.07187 0.07187 0.07187 0.07189 0.07192 0.07198 0.07207 0.07216 0.07224 0.07227 0.07225 0.07214 0.07196 0.07173 0.07147 0.07121 0.07097 0.07078 0.07063 0.07054 0.07050 0.07051 0.07058 0.07070 0.07088 0.07109 0.07134 0.07162 0.07192 0.07224 0.07258 0.07294 0.07333 0.07374 0.07416 0.07458 0.07497 0.07533 0.07564 0.07587 0.07604 0.07616 0.07625 0.07631
0.07258 0.07243 0.07228 0.07214 0.07201 0.07190 0.07181 0.07175 0.07170 0.07167 0.07166 0.07166 0.07166 0.07168 0.07170 0.07173 0.07177 0.07180 0.07184 0.07187 0.07191 0.07194 0.07196 0.07198 0.07199 0.07201 0.07203 0.07207 0.07212 0.07219 0.07227 0.07232 0.07234 0.07231 0.07221 0.07205 0.07184 0.07161 0.07137 0.07115 0.07096 0.07081 0.07070 0.07063 0.07061 0.07064 0.07071 0.07084 0.07100 0.07121 0.07145 0.07173 0.07204 0.07237 0.07274 0.07313 0.07355 0.07398 0.07441 0.07483 0.07520 0.07553 0.07578 0.07598 0.07613 0.07624 0.07633
0.07246 0.07231 0.07216 0.07202 0.07189 0.07179 0.07170 0.07164 0.07160 0.07158 0.07157 0.07158 0.07160 0.07162 0.07165 0.07170 0.07174 0.07180 0.07185 0.07191 0.07198 0.07203 0.07209 0.07214 0.07218 0.07222 0.07226 0.07229 0.07233 0.07237 0.07239 0.07240 0.07238 0.07232 0.07222 0.07208 0.07191 0.07172 0.07153 0.07134 0.07118 0.07103 0.07092 0.07083 0.07078 0.07076 0.07079 0.07085 0.07096 0.07111 0.07131 0.07156 0.07184 0.07217 0.07253 0.07293 0.07336 0.07380 0.07424 0.07467 0.07507 0.07541 0.07569 0.07591 0.07609 0.07623 0.07635
0.07236 0.07220 0.07204 0.07189 0.07176 0.07165 0.07156 0.07150 0.07146 0.07144 0.07144 0.07146 0.07148 0.07152 0.07156 0.07162 0.07169 0.07177 0.07185 0.07195 0.07205 0.07215 0.07225 0.07234 0.07242 0.07249 0.07255 0.07258 0.07259 0.07258 0.07254 0.07248 0.07240 0.07230 0.07219 0.07207 0.07195 0.07181 0.07168 0.07154 0.07141 0.07129 0.07117 0.07108 0.07100 0.07094 0.07091 0.07091 0.07096 0.07105 0.07120 0.07140 0.07167 0.07198 0.07234 0.07273 0.07316 0.07361 0.07406 0.07451 0.07492 0.07528 0.07559 0.07584 0.07604 0.07621 0.07636
0.07231 0.07213 0.07195 0.07179 0.07164 0.07151 0.07142 0.07135 0.07132 0.07130 0.07131 0.07133 0.07136 0.07140 0.07146 0.07153 0.07162 0.07173 0.07185 0.07198 0.07212 0.07227 0.07242 0.07256 0.07269 0.07279 0.07287 0.07290 0.07288 0.07282 0.07271 0.07258 0.07243 0.07229 0.07217 0.07207 0.07198 0.07190 0.07182 0.07174 0.07164 0.07155 0.07145 0.07135 0.07125 0.07115 0.07107 0.07102 0.07100 0.07103 0.07112 0.07128 0.07151 0.07181 0.07215 0.07254 0.07297 0.07342 0.07388 0.07434 0.07476 0.07515 0.07547 0.07575 0.07598 0.07618 0.07636
0.07233 0.07213 0.07192 0.07173 0.07157 0.07142 0.07132 0.07125 0.07120 0.07119 0.07120 0.07122 0.07126 0.07131 0.07138 0.07146 0.07157 0.07170 0.07185 0.07202 0.07220 0.07239 0.07258 0.07277 0.07294 0.07308 0.07317 0.07321 0.07318 0.07306 0.07290 0.07270 0.07250 0.07232 0.07218 0.07209 0.07203 0.07199 0.07195 0.07192 0.07186 0.07180 0.07172 0.07162 0.07151 0.07139 0.07126 0.07115 0.07107 0.07104 0.07108 0.07120 0.07140 0.07166 0.07198 0.07236 0.07278 0.07323 0.07370 0.07416 0.07460 0.07500 0.07534 0.07564 0.07590 0.07613 0.07635
0.07245 0.07221 0.07198 0.07176 0.07157 0.07141 0.07129 0.07121 0.07116 0.07114 0.07115 0.07117 0.07121 0.07126 0.07133 0.07143 0.07154 0.07169 0.07186 0.07206 0.07227 0.07249 0.07272 0.07294 0.07314 0.07331 0.07343 0.07348 0.07344 0.07330 0.07310 0.07287 0.07264 0.07243 0.07227 0.07218 0.07212 0.07210 0.07209 0.07208 0.07205 0.07201 0.07195 0.07187 0.07176 0.07162 0.07147 0.07131 0.07119 0.07110 0.07109 0.07117 0.07132 0.07155 0.07185 0.07220 0.07261 0.07305 0.07351 0.07397 0.07441 0.07483 0.07520 0.07552 0.07581 0.07607 0.07632
0.07267 0.07240 0.07214 0.07190 0.07168 0.07150 0.07136 0.07127 0.07122 0.07120 0.07120 0.07123 0.07126 0.07130 0.07137 0.07146 0.07157 0.07172 0.07190 0.07210 0.07233 0.07257 0.07281 0.07305 0.07328 0.07347 0.07360 0.07367 0.07364 0.07352 0.07333 0.07310 0.07286 0.07264 0.07247 0.07236 0.07228 0.07224 0.07222 0.07221 0.07219 0.07218 0.07214 0.07208 0.07198 0.07184 0.07167 0.07149 0.07133 0.07121 0.07116 0.07119 0.07130 0.07149 0.07175 0.07207 0.07245 0.07287 0.07331 0.07377 0.07422 0.07464 0.07503 0.07537 0.07569 0.07598 0.07626
0.07303 0.07273 0.07244 0.07217 0.07193 0.07172 0.07157 0.07147 0.07141 0.07138 0.07138 0.07139 0.07142 0.07145 0.07149 0.07157 0.07166 0.07180 0.07197 0.07216 0.07238 0.07262 0.07286 0.07310 0.07333 0.07353 0.07368 0.07376 0.07377 0.07370 0.07356 0.07338 0.07317 0.07297 0.07279 0.07263 0.07251 0.07241 0.07234 0.07230 0.07229 0.07228 0.07226 0.07223 0.07215 0.07203 0.07187 0.07168 0.07150 0.07136 0.07127 0.07126 0.07133 0.07147 0.07169 0.07197 0.07231 0.07270 0.07312 0.07357 0.07401 0.07444 0.07483 0.07520 0.07555 0.07587 0.07618
0.07351 0.07318 0.07286 0.07257 0.07231 0.07209 0.07192 0.07181 0.07174 0.07170 0.07169 0.07168 0.07168 0.07169 0.07171 0.07175 0.07182 0.07192 0.07206 0.07224 0.07243 0.07265 0.07287 0.07310 0.07332 0.07351 0.07368 0.07379 0.07385 0.07385 0.07379 0.07368 0.07353 0.07336 0.07317 0.07297 0.07278 0.07261 0.07247 0.07238 0.07234 0.07234 0.07234 0.07234 0.07230 0.07220 0.07205 0.07187 0.07170 0.07154 0.07143 0.07138 0.07141 0.07150 0.07167 0.07190 0.07219 0.07255 0.07294 0.07336 0.07379 0.07422 0.07463 0.07501 0.07538 0.07573 0.07607
0.07410 0.07375 0.07342 0.07311 0.07283 0.07260 0.07242 0.07229 0.07221 0.07216 0.07212 0.07209 0.07206 0.07203 0.07201 0.07201 0.07203 0.07209 0.07219 0.07233 0.07249 0.07267 0.07287 0.07307 0.07327 0.07346 0.07363 0.07378 0.07389 0.07397 0.07400 0.07398 0.07390 0.07377 0.07357 0.07332 0.07306 0.07281 0.07259 0.07245 0.07238 0.07237 0.07240 0.07242 0.07241 0.07235 0.07223 0.07207 0.07190 0.07174 0.07161 0.07154 0.07152 0.07157 0.07169 0.07186 0.07211 0.07242 0.07278 0.07317 0.07358 0.07400 0.07440 0.07480 0.07519 0.07556 0.07593
0.07480 0.07445 0.07411 0.07379 0.07351 0.07326 0.07307 0.07293 0.07282 0.07275 0.07268 0.07262 0.07255 0.07247 0.07239 0.07233 0.07230 0.07231 0.07235 0.07244 0.07256 0.07270 0.07286 0.07303 0.07321 0.07339 0.07357 0.07375 0.07392 0.07407 0.07418 0.07424 0.07423 0.07413 0.07393 0.07365 0.07332 0.07300 0.07271 0.07251 0.07242 0.07241 0.07244 0.07249 0.07251 0.07248 0.07239 0.07225 0.07210 0.07194 0.07181 0.07171 0.07167 0.07167 0.07174 0.07187 0.07206 0.07232 0.07264 0.07299 0.07337 0.07377 0.07417 0.07458 0.07497 0.07537 0.07575
0.07561 0.07527 0.07493 0.07462 0.07434 0.07409 0.07388 0.07372 0.07360 0.07348 0.07338 0.07327 0.07313 0.07299 0.07285 0.07272 0.07262 0.07256 0.07255 0.07257 0.07264 0.07273 0.07286 0.07300 0.07317 0.07335 0.07354 0.07374 0.07394 0.07414 0.07432 0.07443 0.07447 0.07440 0.07420 0.07390 0.07353 0.07316 0.07283 0.07259 0.07248 0.07246 0.07250 0.07257 0.07261 0.07260 0.07253 0.07242 0.07229 0.07214 0.07201 0.07190 0.07183 0.07180 0.07183 0.07191 0.07205 0.07227 0.07253 0.07284 0.07319 0.07356 0.07394 0.07434 0.07474 0.07514 0.07553
0.07650 0.07619 0.07589 0.07560 0.07532 0.07508 0.07486 0.07468 0.07452 0.07436 0.07420 0.07403 0.07382 0.07360 0.07338 0.07317 0.07299 0.07285 0.07277 0.07273 0.07274 0.07280 0.07289 0.07301 0.07316 0.07334 0.07354 0.07375 0.07398 0.07420 0.07440 0.07454 0.07459 0.07454 0.07434 0.07403 0.07366 0.07328 0.07294 0.07270 0.07258 0.07255 0.07259 0.07266 0.07271 0.07271 0.07266 0.07257 0.07246 0.07233 0.07220 0.07209 0.07201 0.07196 0.07195 0.07199 0.07209 0.07225 0.07247 0.07272 0.07302 0.07336 0.07371 0.07409 0.07448 0.07487 0.07527
0.07746 0.07719 0.07693 0.07667 0.07642 0.07619 0.07597 0.07577 0.07557 0.07537 0.07514 0.07489 0.07460 0.07429 0.07398 0.07367 0.07340 0.07318 0.07302 0.07292 0.07288 0.07289 0.07295 0.07305 0.07320 0.07338 0.07358 0.07380 0.07402 0.07424 0.07442 0.07455 0.07460 0.07454 0.07436 0.07407 0.07373 0.07337 0.07306 0.07282 0.07271 0.07268 0.07271 0.07276 0.07281 0.07282 0.07278 0.07271 0.07261 0.07249 0.07238 0.07228 0.07219 0.07213 0.07210 0.07211 0.07217 0.07228 0.07244 0.07264 0.07289 0.07317 0.07349 0.07384 0.07421 0.07459 0.07497
