data_raster/melanesia/PNMC_chlorophylle_2021/chl-202106.grd
DSAA																																																																																																																																																																																																																																																																																																																																																																																																																											
412	268																																																																																																																																																																																																																																																																																																																																																																																																																										
156	174.5																																																																																																																																																																																																																																																																																																																																																																																																																										
-26.5	-14.5																																																																																																																																																																																																																																																																																																																																																																																																																										
0.0610	0.3284																																																																																																																																																																																																																																																																																																																																																																																																																										
[rows 0 to 28 of 268, columns 134 to 200 of 412]
0.16856 0.16189 0.15500 0.14812 0.14148 0.13533 0.12980 0.12479 0.12012 0.11565 0.11122 0.10668 0.10207 0.09758 0.09341 0.08974 0.08677 0.08462 0.08321 0.08243 0.08214 0.08222 0.08255 0.08304 0.08367 0.08442 0.08524 0.08612 0.08703 0.08793 0.08876 0.08948 0.09005 0.09042 0.09060 0.09068 0.09074 0.09087 0.09116 0.09171 0.09254 0.09368 0.09516 0.09700 0.09922 0.10181 0.10470 0.10778 0.11099 0.11424 0.11744 0.12055 0.12358 0.12649 0.12929 0.13196 0.13450 0.13690 0.13918 0.14133 0.14336 0.14528 0.14706 0.14864 0.14998 0.15101 0.15169
0.16962 0.16285 0.15573 0.14853 0.14154 0.13504 0.12920 0.12392 0.11905 0.11444 0.10995 0.10545 0.10095 0.09663 0.09265 0.08917 0.08635 0.08432 0.08300 0.08227 0.08201 0.08212 0.08248 0.08302 0.08369 0.08447 0.08533 0.08622 0.08711 0.08798 0.08879 0.08951 0.09011 0.09056 0.09087 0.09113 0.09144 0.09186 0.09250 0.09343 0.09467 0.09622 0.09807 0.10023 0.10268 0.10539 0.10830 0.11132 0.11438 0.11739 0.12027 0.12302 0.12563 0.12811 0.13048 0.13272 0.13486 0.13690 0.13885 0.14072 0.14251 0.14424 0.14586 0.14731 0.14853 0.14946 0.15003
0.17053 0.16368 0.15635 0.14886 0.14153 0.13469 0.12854 0.12301 0.11794 0.11321 0.10867 0.10420 0.09983 0.09568 0.09189 0.08860 0.08596 0.08405 0.08281 0.08213 0.08191 0.08205 0.08244 0.08302 0.08374 0.08455 0.08543 0.08633 0.08721 0.08805 0.08883 0.08954 0.09017 0.09069 0.09114 0.09159 0.09213 0.09284 0.09381 0.09512 0.09676 0.09870 0.10091 0.10337 0.10604 0.10888 0.11181 0.11476 0.11767 0.12044 0.12303 0.12541 0.12762 0.12968 0.13161 0.13344 0.13519 0.13688 0.13851 0.14010 0.14165 0.14317 0.14462 0.14594 0.14705 0.14786 0.14832
0.17114 0.16425 0.15675 0.14900 0.14137 0.13422 0.12779 0.12202 0.11677 0.11192 0.10734 0.10293 0.09868 0.09472 0.09114 0.08806 0.08560 0.08382 0.08266 0.08204 0.08185 0.08202 0.08245 0.08306 0.08382 0.08467 0.08557 0.08647 0.08733 0.08813 0.08889 0.08958 0.09023 0.09082 0.09140 0.09203 0.09280 0.09379 0.09508 0.09674 0.09875 0.10106 0.10361 0.10635 0.10922 0.11217 0.11512 0.11801 0.12077 0.12332 0.12562 0.12765 0.12948 0.13113 0.13265 0.13408 0.13546 0.13681 0.13813 0.13944 0.14074 0.14206 0.14334 0.14451 0.14548 0.14618 0.14651
0.17131 0.16442 0.15680 0.14885 0.14098 0.13357 0.12691 0.12092 0.11550 0.11055 0.10595 0.10160 0.09751 0.09375 0.09041 0.08756 0.08529 0.08365 0.08259 0.08202 0.08188 0.08207 0.08253 0.08318 0.08397 0.08485 0.08577 0.08666 0.08749 0.08825 0.08897 0.08965 0.09031 0.09096 0.09165 0.09245 0.09344 0.09468 0.09627 0.09825 0.10060 0.10324 0.10609 0.10908 0.11213 0.11517 0.11813 0.12096 0.12358 0.12593 0.12796 0.12967 0.13113 0.13240 0.13354 0.13460 0.13563 0.13666 0.13768 0.13872 0.13979 0.14089 0.14198 0.14298 0.14380 0.14435 0.14455
0.17089 0.16406 0.15640 0.14834 0.14029 0.13269 0.12583 0.11966 0.11410 0.10907 0.10447 0.10021 0.09630 0.09277 0.08969 0.08710 0.08504 0.08356 0.08261 0.08211 0.08200 0.08222 0.08270 0.08338 0.08421 0.08511 0.08603 0.08691 0.08770 0.08842 0.08908 0.08973 0.09040 0.09111 0.09190 0.09286 0.09404 0.09552 0.09736 0.09963 0.10226 0.10518 0.10828 0.11147 0.11467 0.11778 0.12076 0.12352 0.12602 0.12818 0.12996 0.13138 0.13252 0.13345 0.13424 0.13496 0.13568 0.13641 0.13716 0.13794 0.13877 0.13964 0.14053 0.14133 0.14196 0.14234 0.14238
0.16974 0.16304 0.15543 0.14735 0.13924 0.13152 0.12452 0.11821 0.11255 0.10746 0.10287 0.09874 0.09504 0.09179 0.08900 0.08669 0.08488 0.08358 0.08274 0.08231 0.08224 0.08249 0.08300 0.08370 0.08455 0.08546 0.08638 0.08724 0.08798 0.08863 0.08924 0.08985 0.09051 0.09125 0.09214 0.09324 0.09460 0.09628 0.09834 0.10083 0.10370 0.10682 0.11011 0.11346 0.11676 0.11992 0.12289 0.12560 0.12798 0.12999 0.13156 0.13272 0.13358 0.13421 0.13469 0.13513 0.13557 0.13603 0.13653 0.13707 0.13766 0.13830 0.13894 0.13951 0.13992 0.14010 0.13995
0.16778 0.16130 0.15384 0.14584 0.13775 0.13000 0.12293 0.11655 0.11082 0.10571 0.10118 0.09720 0.09375 0.09080 0.08834 0.08635 0.08481 0.08371 0.08299 0.08265 0.08262 0.08289 0.08342 0.08414 0.08500 0.08592 0.08682 0.08764 0.08833 0.08891 0.08945 0.09001 0.09064 0.09141 0.09238 0.09359 0.09510 0.09695 0.09919 0.10186 0.10488 0.10816 0.11157 0.11502 0.11838 0.12158 0.12453 0.12719 0.12948 0.13135 0.13274 0.13370 0.13431 0.13469 0.13492 0.13509 0.13530 0.13553 0.13581 0.13612 0.13647 0.13685 0.13723 0.13754 0.13770 0.13764 0.13729
0.16504 0.15883 0.15159 0.14376 0.13579 0.12811 0.12106 0.11467 0.10893 0.10386 0.09943 0.09564 0.09247 0.08986 0.08775 0.08609 0.08484 0.08394 0.08336 0.08310 0.08312 0.08341 0.08395 0.08468 0.08554 0.08645 0.08733 0.08811 0.08873 0.08924 0.08970 0.09020 0.09081 0.09160 0.09263 0.09393 0.09556 0.09754 0.09991 0.10271 0.10585 0.10922 0.11272 0.11623 0.11963 0.12285 0.12579 0.12841 0.13063 0.13239 0.13363 0.13440 0.13481 0.13496 0.13496 0.13491 0.13491 0.13494 0.13500 0.13510 0.13521 0.13534 0.13544 0.13547 0.13535 0.13504 0.13448
0.16155 0.15564 0.14868 0.14110 0.13334 0.12582 0.11887 0.11255 0.10690 0.10193 0.09766 0.09411 0.09125 0.08899 0.08724 0.08592 0.08495 0.08426 0.08383 0.08365 0.08372 0.08403 0.08457 0.08530 0.08615 0.08704 0.08788 0.08861 0.08917 0.08961 0.09001 0.09045 0.09103 0.09182 0.09289 0.09426 0.09597 0.09805 0.10052 0.10340 0.10662 0.11006 0.11361 0.11716 0.12060 0.12384 0.12679 0.12938 0.13155 0.13322 0.13433 0.13493 0.13515 0.13509 0.13488 0.13463 0.13443 0.13428 0.13415 0.13403 0.13392 0.13379 0.13361 0.13334 0.13294 0.13237 0.13160
0.15732 0.15173 0.14509 0.13782 0.13035 0.12308 0.11634 0.11021 0.10473 0.09996 0.09592 0.09266 0.09013 0.08823 0.08684 0.08585 0.08516 0.08468 0.08439 0.08429 0.08441 0.08473 0.08527 0.08599 0.08681 0.08766 0.08846 0.08914 0.08964 0.09001 0.09036 0.09076 0.09131 0.09209 0.09318 0.09459 0.09635 0.09849 0.10102 0.10395 0.10722 0.11071 0.11430 0.11790 0.12138 0.12465 0.12762 0.13022 0.13236 0.13396 0.13495 0.13540 0.13543 0.13517 0.13475 0.13430 0.13392 0.13358 0.13326 0.13295 0.13261 0.13223 0.13177 0.13121 0.13054 0.12972 0.12874
0.15239 0.14710 0.14081 0.13390 0.12679 0.11987 0.11345 0.10763 0.10245 0.09797 0.09425 0.09132 0.08915 0.08761 0.08657 0.08589 0.08546 0.08517 0.08502 0.08501 0.08517 0.08550 0.08603 0.08671 0.08749 0.08829 0.08904 0.08966 0.09011 0.09044 0.09075 0.09113 0.09166 0.09243 0.09351 0.09493 0.09670 0.09885 0.10141 0.10437 0.10768 0.11122 0.11486 0.11852 0.12206 0.12539 0.12842 0.13104 0.13318 0.13473 0.13562 0.13591 0.13574 0.13527 0.13463 0.13397 0.13339 0.13287 0.13237 0.13187 0.13132 0.13069 0.12996 0.12913 0.12820 0.12716 0.12600
0.14680 0.14179 0.13584 0.12934 0.12266 0.11618 0.11021 0.10482 0.10006 0.09600 0.09268 0.09016 0.08836 0.08717 0.08645 0.08605 0.08586 0.08574 0.08572 0.08579 0.08599 0.08634 0.08684 0.08747 0.08819 0.08892 0.08960 0.09017 0.09058 0.09090 0.09120 0.09156 0.09208 0.09284 0.09389 0.09528 0.09702 0.09915 0.10170 0.10469 0.10803 0.11162 0.11535 0.11908 0.12272 0.12615 0.12926 0.13195 0.13411 0.13562 0.13640 0.13653 0.13615 0.13544 0.13456 0.13367 0.13289 0.13218 0.13150 0.13080 0.13005 0.12920 0.12823 0.12715 0.12599 0.12476 0.12346
0.14069 0.13593 0.13034 0.12427 0.11809 0.11214 0.10670 0.10186 0.09764 0.09409 0.09126 0.08917 0.08776 0.08691 0.08648 0.08634 0.08634 0.08639 0.08648 0.08664 0.08688 0.08723 0.08770 0.08827 0.08891 0.08956 0.09017 0.09068 0.09107 0.09138 0.09169 0.09206 0.09258 0.09332 0.09433 0.09565 0.09734 0.09942 0.10195 0.10494 0.10832 0.11197 0.11577 0.11961 0.12336 0.12691 0.13013 0.13289 0.13508 0.13656 0.13723 0.13718 0.13658 0.13562 0.13448 0.13336 0.13236 0.13146 0.13061 0.12974 0.12880 0.12775 0.12657 0.12529 0.12395 0.12256 0.12116
0.13424 0.12972 0.12450 0.11890 0.11325 0.10789 0.10308 0.09885 0.09525 0.09229 0.08998 0.08835 0.08734 0.08682 0.08666 0.08673 0.08692 0.08712 0.08732 0.08755 0.08783 0.08818 0.08862 0.08913 0.08968 0.09025 0.09077 0.09123 0.09160 0.09191 0.09223 0.09262 0.09314 0.09385 0.09481 0.09607 0.09768 0.09970 0.10219 0.10517 0.10858 0.11229 0.11617 0.12010 0.12396 0.12761 0.13093 0.13375 0.13596 0.13740 0.13796 0.13772 0.13689 0.13568 0.13429 0.13293 0.13173 0.13066 0.12965 0.12864 0.12756 0.12634 0.12500 0.12356 0.12207 0.12058 0.11912
0.12762 0.12335 0.11851 0.11341 0.10834 0.10363 0.09948 0.09593 0.09297 0.09062 0.08887 0.08771 0.08709 0.08688 0.08697 0.08725 0.08759 0.08792 0.08823 0.08854 0.08886 0.08921 0.08961 0.09006 0.09053 0.09100 0.09145 0.09185 0.09218 0.09249 0.09282 0.09323 0.09374 0.09443 0.09534 0.09653 0.09807 0.10003 0.10248 0.10545 0.10887 0.11261 0.11655 0.12055 0.12448 0.12821 0.13158 0.13443 0.13663 0.13800 0.13843 0.13801 0.13696 0.13551 0.13388 0.13231 0.13094 0.12973 0.12860 0.12748 0.12629 0.12497 0.12351 0.12197 0.12039 0.11884 0.11736
0.12102 0.11699 0.11256 0.10799 0.10355 0.09950 0.09604 0.09318 0.09088 0.08915 0.08794 0.08725 0.08699 0.08708 0.08741 0.08787 0.08837 0.08882 0.08923 0.08960 0.08996 0.09032 0.09069 0.09108 0.09147 0.09186 0.09222 0.09255 0.09285 0.09314 0.09347 0.09387 0.09438 0.09504 0.09591 0.09705 0.09854 0.10045 0.10286 0.10581 0.10923 0.11298 0.11693 0.12095 0.12490 0.12863 0.13200 0.13483 0.13696 0.13823 0.13851 0.13790 0.13664 0.13498 0.13316 0.13141 0.12991 0.12860 0.12740 0.12622 0.12499 0.12362 0.12211 0.12053 0.11893 0.11737 0.11591
0.11461 0.11085 0.10685 0.10285 0.09905 0.09568 0.09291 0.09071 0.08906 0.08790 0.08722 0.08695 0.08705 0.08741 0.08796 0.08860 0.08924 0.08981 0.09031 0.09075 0.09115 0.09152 0.09187 0.09221 0.09253 0.09284 0.09313 0.09339 0.09363 0.09388 0.09417 0.09454 0.09503 0.09568 0.09652 0.09765 0.09912 0.10101 0.10339 0.10632 0.10971 0.11343 0.11734 0.12130 0.12519 0.12884 0.13211 0.13482 0.13682 0.13795 0.13806 0.13726 0.13582 0.13399 0.13201 0.13015 0.12858 0.12723 0.12601 0.12484 0.12362 0.12227 0.12080 0.11925 0.11769 0.11618 0.11479
0.10853 0.10506 0.10153 0.09811 0.09497 0.09228 0.09017 0.08860 0.08753 0.08690 0.08668 0.08681 0.08723 0.08785 0.08860 0.08940 0.09018 0.09086 0.09145 0.09196 0.09240 0.09279 0.09314 0.09344 0.09372 0.09396 0.09418 0.09436 0.09453 0.09471 0.09494 0.09526 0.09571 0.09634 0.09719 0.09833 0.09982 0.10172 0.10410 0.10700 0.11034 0.11398 0.11778 0.12162 0.12535 0.12883 0.13190 0.13441 0.13620 0.13712 0.13704 0.13607 0.13447 0.13251 0.13045 0.12853 0.12694 0.12560 0.12443 0.12333 0.12219 0.12094 0.11955 0.11810 0.11665 0.11525 0.11396
0.10286 0.09971 0.09666 0.09383 0.09134 0.08931 0.08781 0.08682 0.08626 0.08611 0.08629 0.08677 0.08747 0.08832 0.08927 0.09022 0.09113 0.09192 0.09259 0.09317 0.09367 0.09409 0.09444 0.09474 0.09499 0.09520 0.09535 0.09547 0.09555 0.09564 0.09579 0.09605 0.09646 0.09708 0.09796 0.09914 0.10067 0.10261 0.10499 0.10785 0.11111 0.11463 0.11828 0.12193 0.12543 0.12865 0.13146 0.13370 0.13523 0.13592 0.13563 0.13450 0.13278 0.13073 0.12861 0.12668 0.12511 0.12383 0.12273 0.12173 0.12071 0.11958 0.11834 0.11703 0.11571 0.11444 0.11328
0.09766 0.09485 0.09229 0.09005 0.08818 0.08676 0.08583 0.08533 0.08523 0.08547 0.08600 0.08677 0.08772 0.08878 0.08989 0.09099 0.09201 0.09291 0.09368 0.09433 0.09489 0.09535 0.09574 0.09607 0.09632 0.09651 0.09664 0.09670 0.09671 0.09671 0.09677 0.09696 0.09733 0.09794 0.09886 0.10010 0.10170 0.10367 0.10607 0.10888 0.11204 0.11540 0.11885 0.12225 0.12548 0.12840 0.13089 0.13283 0.13407 0.13450 0.13402 0.13274 0.13092 0.12881 0.12667 0.12475 0.12322 0.12200 0.12099 0.12009 0.11919 0.11820 0.11711 0.11595 0.11478 0.11364 0.11259
0.09302 0.09057 0.08850 0.08681 0.08552 0.08464 0.08420 0.08413 0.08440 0.08495 0.08576 0.08676 0.08791 0.08914 0.09040 0.09163 0.09277 0.09376 0.09463 0.09537 0.09600 0.09654 0.09699 0.09737 0.09767 0.09788 0.09801 0.09804 0.09799 0.09792 0.09790 0.09802 0.09835 0.09897 0.09993 0.10124 0.10291 0.10494 0.10733 0.11008 0.11311 0.11629 0.11951 0.12264 0.12556 0.12815 0.13031 0.13192 0.13288 0.13306 0.13239 0.13098 0.12909 0.12694 0.12480 0.12290 0.12139 0.12022 0.11927 0.11845 0.11765 0.11678 0.11581 0.11478 0.11373 0.11270 0.11174
0.08899 0.08693 0.08532 0.08414 0.08336 0.08295 0.08290 0.08317 0.08372 0.08451 0.08552 0.08669 0.08799 0.08936 0.09074 0.09208 0.09332 0.09442 0.09538 0.09622 0.09695 0.09759 0.09814 0.09861 0.09899 0.09927 0.09944 0.09949 0.09941 0.09928 0.09921 0.09927 0.09958 0.10021 0.10122 0.10260 0.10434 0.10640 0.10878 0.11145 0.11433 0.11730 0.12026 0.12310 0.12571 0.12798 0.12981 0.13112 0.13180 0.13177 0.13093 0.12943 0.12747 0.12531 0.12316 0.12126 0.11977 0.11860 0.11766 0.11687 0.11611 0.11529 0.11439 0.11344 0.11247 0.11150 0.11057
0.08564 0.08399 0.08282 0.08208 0.08172 0.08168 0.08193 0.08243 0.08316 0.08410 0.08523 0.08651 0.08790 0.08937 0.09084 0.09227 0.09361 0.09481 0.09588 0.09684 0.09769 0.09845 0.09914 0.09975 0.10026 0.10066 0.10092 0.10102 0.10096 0.10082 0.10071 0.10075 0.10104 0.10170 0.10276 0.10420 0.10599 0.10807 0.11042 0.11299 0.11569 0.11844 0.12113 0.12368 0.12598 0.12795 0.12949 0.13054 0.13099 0.13077 0.12981 0.12823 0.12624 0.12406 0.12190 0.11998 0.11844 0.11722 0.11622 0.11537 0.11456 0.11372 0.11282 0.11187 0.11090 0.10992 0.10895
0.08295 0.08171 0.08095 0.08058 0.08055 0.08078 0.08123 0.08187 0.08270 0.08370 0.08487 0.08620 0.08764 0.08916 0.09069 0.09220 0.09362 0.09492 0.09611 0.09719 0.09819 0.09911 0.09997 0.10075 0.10144 0.10199 0.10239 0.10259 0.10259 0.10248 0.10239 0.10243 0.10273 0.10341 0.10452 0.10602 0.10783 0.10991 0.11220 0.11464 0.11715 0.11965 0.12207 0.12432 0.12633 0.12802 0.12931 0.13013 0.13039 0.13003 0.12897 0.12734 0.12533 0.12312 0.12094 0.11897 0.11734 0.11600 0.11488 0.11389 0.11297 0.11203 0.11105 0.11004 0.10901 0.10796 0.10690
0.08085 0.08001 0.07960 0.07954 0.07975 0.08016 0.08073 0.08143 0.08229 0.08329 0.08445 0.08577 0.08722 0.08875 0.09032 0.09188 0.09337 0.09477 0.09608 0.09730 0.09845 0.09955 0.10059 0.10158 0.10247 0.10322 0.10378 0.10413 0.10424 0.10420 0.10416 0.10424 0.10458 0.10530 0.10646 0.10799 0.10981 0.11186 0.11406 0.11634 0.11863 0.12087 0.12301 0.12496 0.12669 0.12811 0.12916 0.12977 0.12987 0.12938 0.12825 0.12658 0.12454 0.12232 0.12009 0.11804 0.11629 0.11480 0.11350 0.11234 0.11125 0.11017 0.10907 0.10796 0.10683 0.10568 0.10451
0.07929 0.07880 0.07868 0.07885 0.07923 0.07975 0.08036 0.08107 0.08190 0.08286 0.08396 0.08523 0.08665 0.08817 0.08975 0.09133 0.09289 0.09437 0.09579 0.09715 0.09847 0.09975 0.10100 0.10221 0.10332 0.10428 0.10505 0.10558 0.10583 0.10591 0.10597 0.10612 0.10653 0.10730 0.10851 0.11006 0.11187 0.11386 0.11595 0.11804 0.12009 0.12205 0.12387 0.12553 0.12696 0.12812 0.12894 0.12936 0.12930 0.12869 0.12749 0.12577 0.12370 0.12145 0.11917 0.11702 0.11513 0.11346 0.11196 0.11060 0.10931 0.10807 0.10684 0.10561 0.10439 0.10314 0.10188
0.07819 0.07800 0.07810 0.07842 0.07889 0.07946 0.08007 0.08074 0.08150 0.08238 0.08340 0.08460 0.08595 0.08743 0.08899 0.09058 0.09218 0.09374 0.09526 0.09677 0.09825 0.09971 0.10117 0.10260 0.10394 0.10513 0.10612 0.10686 0.10730 0.10755 0.10775 0.10803 0.10852 0.10937 0.11062 0.11218 0.11395 0.11585 0.11779 0.11966 0.12144 0.12310 0.12461 0.12594 0.12707 0.12795 0.12854 0.12875 0.12853 0.12780 0.12651 0.12474 0.12263 0.12033 0.11798 0.11573 0.11368 0.11182 0.11012 0.10855 0.10708 0.10569 0.10434 0.10302 0.10171 0.10041 0.09908
0.07750 0.07751 0.07775 0.07815 0.07865 0.07921 0.07977 0.08037 0.08105 0.08184 0.08276 0.08387 0.08514 0.08655 0.08806 0.08964 0.09126 0.09288 0.09451 0.09614 0.09778 0.09942 0.10108 0.10272 0.10429 0.10571 0.10694 0.10791 0.10858 0.10904 0.10944 0.10988 0.11051 0.11145 0.11274 0.11428 0.11599 0.11777 0.11952 0.12115 0.12264 0.12397 0.12513 0.12612 0.12693 0.12753 0.12786 0.12785 0.12744 0.12656 0.12516 0.12331 0.12113 0.11876 0.11633 0.11397 0.11177 0.10974 0.10785 0.10610 0.10448 0.10296 0.10153 0.10017 0.09884 0.09754 0.09623
