data_raster/melanesia/PNMC_chlorophylle_2021/chl-202107.grd
DSAA																																																																																																																																																																																																																																																																																																																																																																																																																											
412	268																																																																																																																																																																																																																																																																																																																																																																																																																										
156	174.5																																																																																																																																																																																																																																																																																																																																																																																																																										
-26.5	-14.5																																																																																																																																																																																																																																																																																																																																																																																																																										
0.0556	0.4010																																																																																																																																																																																																																																																																																																																																																																																																																										
[rows 87 to 115 of 268, columns 0 to 66 of 412]
0.18943 0.18907 0.18851 0.18757 0.18605 0.18376 0.18051 0.17633 0.17150 0.16633 0.16109 0.15610 0.15161 0.14771 0.14445 0.14185 0.13996 0.13879 0.13834 0.13847 0.13907 0.13999 0.14113 0.14234 0.14353 0.14461 0.14547 0.14603 0.14619 0.14588 0.14507 0.14374 0.14188 0.13946 0.13649 0.13314 0.12976 0.12664 0.12411 0.12250 0.12197 0.12230 0.12319 0.12434 0.12546 0.12626 0.12667 0.12678 0.12670 0.12654 0.12639 0.12635 0.12642 0.12661 0.12692 0.12733 0.12785 0.12845 0.12904 0.12957 0.12995 0.13012 0.13001 0.12962 0.12897 0.12807 0.12694
0.18603 0.18551 0.18481 0.18379 0.18226 0.18006 0.17703 0.17321 0.16884 0.16418 0.15951 0.15508 0.15113 0.14771 0.14483 0.14247 0.14064 0.13933 0.13852 0.13819 0.13829 0.13880 0.13969 0.14089 0.14229 0.14369 0.14493 0.14581 0.14616 0.14586 0.14492 0.14336 0.14122 0.13852 0.13529 0.13177 0.12827 0.12513 0.12269 0.12127 0.12105 0.12177 0.12307 0.12461 0.12604 0.12704 0.12752 0.12761 0.12747 0.12721 0.12699 0.12690 0.12697 0.12718 0.12751 0.12795 0.12847 0.12905 0.12964 0.13019 0.13064 0.13096 0.13108 0.13097 0.13062 0.12999 0.12907
0.18245 0.18182 0.18105 0.18001 0.17855 0.17655 0.17388 0.17055 0.16678 0.16279 0.15881 0.15505 0.15171 0.14881 0.14631 0.14417 0.14235 0.14083 0.13959 0.13870 0.13822 0.13821 0.13874 0.13984 0.14135 0.14300 0.14453 0.14569 0.14620 0.14590 0.14484 0.14309 0.14069 0.13772 0.13427 0.13056 0.12695 0.12379 0.12142 0.12018 0.12026 0.12135 0.12305 0.12496 0.12670 0.12789 0.12845 0.12854 0.12834 0.12801 0.12775 0.12767 0.12779 0.12806 0.12844 0.12891 0.12943 0.12997 0.13051 0.13104 0.13153 0.13196 0.13232 0.13253 0.13251 0.13217 0.13143
0.17868 0.17800 0.17722 0.17622 0.17492 0.17320 0.17097 0.16825 0.16521 0.16200 0.15882 0.15582 0.15315 0.15080 0.14869 0.14677 0.14496 0.14320 0.14150 0.14001 0.13889 0.13830 0.13840 0.13930 0.14082 0.14262 0.14437 0.14573 0.14637 0.14608 0.14492 0.14300 0.14039 0.13720 0.13353 0.12964 0.12590 0.12268 0.12035 0.11926 0.11960 0.12102 0.12308 0.12535 0.12738 0.12876 0.12941 0.12952 0.12930 0.12896 0.12871 0.12870 0.12892 0.12931 0.12980 0.13034 0.13085 0.13132 0.13177 0.13223 0.13271 0.13325 0.13385 0.13438 0.13470 0.13465 0.13407
0.17486 0.17417 0.17341 0.17251 0.17140 0.17002 0.16830 0.16625 0.16398 0.16162 0.15927 0.15706 0.15509 0.15329 0.15159 0.14988 0.14809 0.14610 0.14397 0.14192 0.14019 0.13902 0.13867 0.13931 0.14075 0.14260 0.14446 0.14594 0.14665 0.14636 0.14513 0.14307 0.14029 0.13691 0.13304 0.12897 0.12509 0.12179 0.11945 0.11846 0.11901 0.12072 0.12311 0.12569 0.12800 0.12956 0.13031 0.13046 0.13026 0.12995 0.12975 0.12987 0.13025 0.13080 0.13143 0.13205 0.13257 0.13297 0.13332 0.13368 0.13414 0.13477 0.13559 0.13643 0.13708 0.13729 0.13682
0.17115 0.17047 0.16975 0.16897 0.16807 0.16704 0.16582 0.16444 0.16296 0.16142 0.15990 0.15846 0.15714 0.15586 0.15454 0.15305 0.15128 0.14915 0.14669 0.14419 0.14196 0.14031 0.13954 0.13990 0.14119 0.14297 0.14482 0.14632 0.14703 0.14670 0.14540 0.14323 0.14032 0.13678 0.13273 0.12849 0.12445 0.12103 0.11865 0.11772 0.11843 0.12038 0.12304 0.12591 0.12846 0.13020 0.13105 0.13126 0.13111 0.13085 0.13074 0.13100 0.13156 0.13230 0.13310 0.13382 0.13437 0.13471 0.13497 0.13526 0.13570 0.13640 0.13742 0.13855 0.13948 0.13989 0.13949
0.16774 0.16706 0.16639 0.16570 0.16500 0.16428 0.16353 0.16277 0.16199 0.16120 0.16043 0.15966 0.15891 0.15809 0.15709 0.15580 0.15411 0.15193 0.14931 0.14656 0.14404 0.14207 0.14100 0.14110 0.14217 0.14378 0.14549 0.14687 0.14749 0.14707 0.14569 0.14344 0.14043 0.13676 0.13255 0.12812 0.12391 0.12035 0.11789 0.11697 0.11779 0.11992 0.12281 0.12591 0.12867 0.13057 0.13153 0.13182 0.13172 0.13153 0.13154 0.13195 0.13269 0.13361 0.13457 0.13542 0.13602 0.13636 0.13658 0.13683 0.13727 0.13804 0.13923 0.14058 0.14172 0.14227 0.14186
0.16479 0.16410 0.16343 0.16280 0.16224 0.16177 0.16140 0.16113 0.16093 0.16075 0.16057 0.16034 0.16003 0.15954 0.15879 0.15769 0.15614 0.15406 0.15151 0.14880 0.14627 0.14424 0.14303 0.14293 0.14374 0.14506 0.14648 0.14759 0.14800 0.14743 0.14595 0.14362 0.14053 0.13676 0.13241 0.12781 0.12341 0.11969 0.11712 0.11615 0.11703 0.11927 0.12233 0.12561 0.12854 0.13059 0.13165 0.13201 0.13199 0.13188 0.13199 0.13253 0.13343 0.13452 0.13564 0.13662 0.13731 0.13771 0.13797 0.13825 0.13874 0.13959 0.14090 0.14239 0.14363 0.14422 0.14372
0.16248 0.16173 0.16101 0.16038 0.15987 0.15953 0.15940 0.15946 0.15964 0.15987 0.16007 0.16017 0.16010 0.15979 0.15920 0.15826 0.15693 0.15514 0.15297 0.15066 0.14850 0.14673 0.14563 0.14542 0.14594 0.14684 0.14780 0.14848 0.14853 0.14775 0.14613 0.14372 0.14058 0.13674 0.13226 0.12748 0.12289 0.11899 0.11626 0.11521 0.11607 0.11837 0.12152 0.12493 0.12799 0.13015 0.13130 0.13175 0.13180 0.13176 0.13195 0.13260 0.13361 0.13482 0.13607 0.13719 0.13803 0.13857 0.13897 0.13939 0.13999 0.14094 0.14232 0.14384 0.14505 0.14555 0.14489
0.16096 0.16007 0.15924 0.15852 0.15797 0.15764 0.15758 0.15778 0.15814 0.15855 0.15892 0.15914 0.15912 0.15883 0.15829 0.15749 0.15644 0.15513 0.15363 0.15209 0.15066 0.14949 0.14873 0.14852 0.14873 0.14913 0.14949 0.14957 0.14915 0.14805 0.14627 0.14378 0.14059 0.13668 0.13209 0.12713 0.12234 0.11822 0.11530 0.11411 0.11489 0.11718 0.12036 0.12383 0.12697 0.12921 0.13045 0.13097 0.13109 0.13113 0.13138 0.13207 0.13313 0.13441 0.13576 0.13702 0.13804 0.13882 0.13946 0.14011 0.14090 0.14196 0.14336 0.14480 0.14587 0.14617 0.14527
0.16031 0.15922 0.15820 0.15730 0.15660 0.15617 0.15606 0.15625 0.15662 0.15706 0.15742 0.15759 0.15747 0.15708 0.15651 0.15581 0.15508 0.15438 0.15376 0.15323 0.15280 0.15247 0.15224 0.15213 0.15204 0.15189 0.15156 0.15095 0.14996 0.14850 0.14651 0.14392 0.14066 0.13669 0.13197 0.12681 0.12178 0.11741 0.11425 0.11286 0.11351 0.11572 0.11886 0.12233 0.12551 0.12780 0.12911 0.12971 0.12990 0.12999 0.13028 0.13099 0.13206 0.13336 0.13476 0.13614 0.13736 0.13841 0.13937 0.14031 0.14133 0.14252 0.14390 0.14520 0.14605 0.14609 0.14494
0.16064 0.15926 0.15795 0.15680 0.15586 0.15523 0.15496 0.15504 0.15531 0.15565 0.15590 0.15592 0.15559 0.15501 0.15432 0.15370 0.15329 0.15326 0.15362 0.15425 0.15497 0.15563 0.15605 0.15611 0.15576 0.15505 0.15402 0.15269 0.15110 0.14924 0.14701 0.14428 0.14093 0.13686 0.13197 0.12658 0.12126 0.11659 0.11315 0.11150 0.11194 0.11400 0.11704 0.12045 0.12362 0.12595 0.12731 0.12798 0.12825 0.12840 0.12870 0.12939 0.13042 0.13170 0.13312 0.13459 0.13600 0.13733 0.13861 0.13986 0.14113 0.14244 0.14379 0.14494 0.14557 0.14535 0.14396
0.16204 0.16027 0.15859 0.15708 0.15582 0.15491 0.15441 0.15430 0.15442 0.15460 0.15468 0.15448 0.15389 0.15305 0.15222 0.15163 0.15152 0.15214 0.15350 0.15531 0.15723 0.15892 0.16006 0.16034 0.15980 0.15859 0.15689 0.15487 0.15269 0.15042 0.14792 0.14501 0.14152 0.13728 0.13216 0.12648 0.12082 0.11579 0.11200 0.11003 0.11020 0.11204 0.11491 0.11822 0.12133 0.12366 0.12507 0.12582 0.12616 0.12636 0.12668 0.12733 0.12829 0.12950 0.13089 0.13240 0.13397 0.13554 0.13711 0.13865 0.14015 0.14159 0.14293 0.14395 0.14438 0.14396 0.14241
0.16460 0.16234 0.16019 0.15823 0.15657 0.15530 0.15453 0.15421 0.15415 0.15417 0.15407 0.15366 0.15279 0.15168 0.15066 0.15006 0.15020 0.15140 0.15368 0.15659 0.15963 0.16232 0.16416 0.16472 0.16406 0.16245 0.16020 0.15757 0.15485 0.15218 0.14938 0.14624 0.14253 0.13805 0.13263 0.12657 0.12051 0.11505 0.11083 0.10847 0.10830 0.10985 0.11250 0.11565 0.11867 0.12098 0.12243 0.12324 0.12366 0.12392 0.12425 0.12484 0.12571 0.12682 0.12813 0.12963 0.13127 0.13300 0.13479 0.13655 0.13825 0.13981 0.14117 0.14213 0.14247 0.14196 0.14037
0.16836 0.16550 0.16277 0.16027 0.15813 0.15646 0.15539 0.15487 0.15467 0.15457 0.15434 0.15374 0.15263 0.15127 0.15005 0.14938 0.14968 0.15133 0.15436 0.15818 0.16218 0.16573 0.16821 0.16908 0.16841 0.16656 0.16391 0.16083 0.15768 0.15464 0.15152 0.14808 0.14407 0.13925 0.13343 0.12692 0.12036 0.11440 0.10969 0.10686 0.10628 0.10748 0.10985 0.11278 0.11567 0.11793 0.11941 0.12029 0.12079 0.12111 0.12145 0.12198 0.12274 0.12371 0.12491 0.12632 0.12794 0.12973 0.13161 0.13351 0.13533 0.13701 0.13843 0.13944 0.13981 0.13937 0.13790
0.17296 0.16943 0.16604 0.16294 0.16027 0.15817 0.15679 0.15608 0.15577 0.15559 0.15528 0.15456 0.15325 0.15165 0.15024 0.14948 0.14985 0.15181 0.15538 0.15990 0.16465 0.16890 0.17194 0.17314 0.17257 0.17065 0.16781 0.16445 0.16099 0.15765 0.15422 0.15045 0.14608 0.14086 0.13458 0.12757 0.12048 0.11398 0.10873 0.10539 0.10434 0.10512 0.10713 0.10978 0.11248 0.11466 0.11614 0.11708 0.11766 0.11804 0.11839 0.11887 0.11951 0.12034 0.12137 0.12264 0.12416 0.12590 0.12778 0.12970 0.13159 0.13334 0.13486 0.13598 0.13651 0.13626 0.13504
0.17792 0.17367 0.16960 0.16587 0.16265 0.16011 0.15842 0.15752 0.15712 0.15690 0.15655 0.15575 0.15429 0.15250 0.15091 0.15004 0.15042 0.15255 0.15646 0.16145 0.16672 0.17150 0.17500 0.17655 0.17621 0.17441 0.17158 0.16815 0.16455 0.16100 0.15730 0.15320 0.14846 0.14282 0.13609 0.12859 0.12099 0.11396 0.10818 0.10430 0.10272 0.10300 0.10457 0.10686 0.10929 0.11132 0.11276 0.11374 0.11439 0.11484 0.11522 0.11565 0.11619 0.11687 0.11774 0.11883 0.12019 0.12179 0.12356 0.12542 0.12729 0.12907 0.13068 0.13196 0.13270 0.13272 0.13184
0.18274 0.17779 0.17304 0.16869 0.16492 0.16195 0.15996 0.15889 0.15841 0.15816 0.15780 0.15696 0.15541 0.15349 0.15176 0.15077 0.15109 0.15325 0.15730 0.16251 0.16807 0.17318 0.17705 0.17897 0.17898 0.17750 0.17492 0.17165 0.16809 0.16445 0.16055 0.15618 0.15109 0.14507 0.13794 0.13002 0.12199 0.11451 0.10823 0.10382 0.10167 0.10137 0.10240 0.10422 0.10628 0.10809 0.10944 0.11042 0.11112 0.11164 0.11206 0.11247 0.11293 0.11348 0.11418 0.11509 0.11625 0.11765 0.11924 0.12095 0.12272 0.12448 0.12614 0.12755 0.12851 0.12883 0.12832
0.18694 0.18134 0.17596 0.17103 0.16676 0.16338 0.16110 0.15987 0.15930 0.15904 0.15868 0.15784 0.15625 0.15427 0.15246 0.15137 0.15158 0.15364 0.15761 0.16278 0.16838 0.17362 0.17774 0.18005 0.18056 0.17961 0.17753 0.17467 0.17136 0.16779 0.16381 0.15923 0.15387 0.14755 0.14013 0.13194 0.12361 0.11578 0.10910 0.10419 0.10143 0.10048 0.10085 0.10206 0.10364 0.10512 0.10631 0.10725 0.10799 0.10858 0.10906 0.10947 0.10989 0.11035 0.11092 0.11164 0.11258 0.11375 0.11509 0.11658 0.11817 0.11981 0.12146 0.12294 0.12408 0.12466 0.12451
0.19003 0.18388 0.17797 0.17254 0.16783 0.16409 0.16154 0.16013 0.15948 0.15918 0.15883 0.15803 0.15648 0.15452 0.15268 0.15153 0.15160 0.15343 0.15710 0.16197 0.16733 0.17249 0.17673 0.17945 0.18060 0.18040 0.17910 0.17692 0.17411 0.17079 0.16686 0.16221 0.15670 0.15021 0.14267 0.13438 0.12595 0.11796 0.11099 0.10564 0.10226 0.10056 0.10014 0.10060 0.10155 0.10258 0.10352 0.10437 0.10512 0.10578 0.10634 0.10680 0.10723 0.10765 0.10813 0.10870 0.10943 0.11033 0.11139 0.11259 0.11392 0.11536 0.11688 0.11833 0.11953 0.12030 0.12046
0.19168 0.18511 0.17880 0.17299 0.16795 0.16391 0.16114 0.15956 0.15881 0.15847 0.15813 0.15739 0.15594 0.15408 0.15231 0.15113 0.15105 0.15255 0.15572 0.16004 0.16492 0.16978 0.17404 0.17717 0.17906 0.17982 0.17953 0.17829 0.17620 0.17331 0.16958 0.16498 0.15945 0.15295 0.14547 0.13731 0.12899 0.12102 0.11392 0.10820 0.10419 0.10168 0.10036 0.09994 0.10012 0.10059 0.10120 0.10190 0.10263 0.10334 0.10399 0.10454 0.10502 0.10546 0.10589 0.10636 0.10690 0.10753 0.10828 0.10915 0.11015 0.11129 0.11258 0.11387 0.11503 0.11587 0.11625
0.19183 0.18503 0.17849 0.17246 0.16721 0.16298 0.16004 0.15833 0.15747 0.15708 0.15675 0.15609 0.15480 0.15313 0.15150 0.15036 0.15012 0.15124 0.15379 0.15740 0.16163 0.16604 0.17021 0.17372 0.17641 0.17820 0.17905 0.17889 0.17764 0.17530 0.17188 0.16743 0.16199 0.15561 0.14835 0.14049 0.13246 0.12468 0.11758 0.11159 0.10698 0.10365 0.10139 0.10002 0.09935 0.09920 0.09941 0.09990 0.10057 0.10131 0.10204 0.10267 0.10320 0.10367 0.10408 0.10447 0.10484 0.10524 0.10569 0.10623 0.10689 0.10770 0.10867 0.10972 0.11072 0.11155 0.11208
0.19042 0.18362 0.17707 0.17102 0.16573 0.16145 0.15842 0.15661 0.15567 0.15523 0.15491 0.15436 0.15327 0.15185 0.15045 0.14940 0.14906 0.14979 0.15169 0.15451 0.15800 0.16187 0.16586 0.16969 0.17313 0.17595 0.17794 0.17886 0.17850 0.17674 0.17368 0.16945 0.16419 0.15803 0.15111 0.14368 0.13607 0.12861 0.12164 0.11548 0.11035 0.10625 0.10307 0.10077 0.09925 0.09843 0.09822 0.09846 0.09901 0.09973 0.10048 0.10115 0.10171 0.10218 0.10256 0.10287 0.10312 0.10333 0.10355 0.10380 0.10415 0.10463 0.10526 0.10600 0.10678 0.10752 0.10815
0.18743 0.18089 0.17459 0.16876 0.16364 0.15946 0.15647 0.15462 0.15362 0.15313 0.15283 0.15240 0.15156 0.15045 0.14934 0.14846 0.14810 0.14849 0.14977 0.15183 0.15456 0.15785 0.16159 0.16565 0.16972 0.17345 0.17645 0.17836 0.17881 0.17760 0.17491 0.17094 0.16592 0.16004 0.15354 0.14663 0.13954 0.13251 0.12577 0.11954 0.11402 0.10925 0.10527 0.10210 0.09978 0.09834 0.09768 0.09763 0.09801 0.09864 0.09933 0.09995 0.10046 0.10087 0.10119 0.10142 0.10158 0.10168 0.10175 0.10183 0.10195 0.10215 0.10245 0.10287 0.10338 0.10399 0.10468
0.18280 0.17684 0.17108 0.16574 0.16104 0.15717 0.15434 0.15254 0.15152 0.15101 0.15073 0.15042 0.14986 0.14912 0.14837 0.14776 0.14746 0.14764 0.14840 0.14980 0.15185 0.15458 0.15803 0.16217 0.16669 0.17108 0.17486 0.17754 0.17863 0.17788 0.17551 0.17180 0.16703 0.16149 0.15545 0.14910 0.14259 0.13605 0.12962 0.12346 0.11769 0.11243 0.10781 0.10395 0.10096 0.09895 0.09786 0.09750 0.09763 0.09807 0.09859 0.09904 0.09938 0.09963 0.09982 0.09996 0.10007 0.10015 0.10021 0.10026 0.10029 0.10032 0.10035 0.10045 0.10068 0.10112 0.10185
0.17654 0.17149 0.16662 0.16208 0.15805 0.15471 0.15221 0.15056 0.14957 0.14905 0.14880 0.14863 0.14837 0.14804 0.14772 0.14746 0.14736 0.14748 0.14793 0.14884 0.15035 0.15260 0.15572 0.15980 0.16448 0.16920 0.17340 0.17652 0.17799 0.17753 0.17540 0.17191 0.16741 0.16222 0.15665 0.15087 0.14494 0.13893 0.13291 0.12693 0.12111 0.11559 0.11057 0.10623 0.10274 0.10029 0.09881 0.09810 0.09793 0.09806 0.09827 0.09839 0.09841 0.09837 0.09834 0.09835 0.09844 0.09863 0.09885 0.09905 0.09918 0.09919 0.09904 0.09886 0.09882 0.09910 0.09986
0.16897 0.16513 0.16140 0.15792 0.15480 0.15217 0.15014 0.14872 0.14782 0.14732 0.14711 0.14710 0.14716 0.14729 0.14746 0.14766 0.14788 0.14811 0.14843 0.14904 0.15015 0.15198 0.15474 0.15859 0.16316 0.16787 0.17213 0.17535 0.17694 0.17660 0.17460 0.17131 0.16706 0.16222 0.15712 0.15189 0.14654 0.14107 0.13550 0.12984 0.12413 0.11857 0.11338 0.10878 0.10499 0.10221 0.10041 0.09935 0.09881 0.09855 0.09833 0.09798 0.09753 0.09708 0.09673 0.09657 0.09669 0.09707 0.09760 0.09812 0.09852 0.09864 0.09842 0.09803 0.09776 0.09788 0.09868
0.16059 0.15813 0.15574 0.15347 0.15141 0.14960 0.14813 0.14701 0.14623 0.14578 0.14565 0.14581 0.14625 0.14688 0.14762 0.14836 0.14902 0.14950 0.14985 0.15030 0.15113 0.15259 0.15495 0.15840 0.16260 0.16699 0.17099 0.17401 0.17548 0.17511 0.17317 0.17003 0.16604 0.16156 0.15691 0.15221 0.14742 0.14250 0.13742 0.13214 0.12668 0.12126 0.11609 0.11142 0.10748 0.10449 0.10243 0.10106 0.10014 0.09944 0.09871 0.09779 0.09678 0.09581 0.09507 0.09469 0.09483 0.09547 0.09639 0.09735 0.09813 0.09850 0.09831 0.09779 0.09734 0.09733 0.09815
0.15191 0.15091 0.14991 0.14893 0.14798 0.14706 0.14619 0.14541 0.14479 0.14443 0.14440 0.14478 0.14563 0.14683 0.14821 0.14958 0.15078 0.15163 0.15213 0.15254 0.15316 0.15427 0.15617 0.15907 0.16268 0.16648 0.16993 0.17249 0.17364 0.17311 0.17117 0.16816 0.16442 0.16029 0.15608 0.15188 0.14763 0.14324 0.13866 0.13382 0.12871 0.12354 0.11854 0.11395 0.11000 0.10692 0.10468 0.10304 0.10177 0.10062 0.09936 0.09782 0.09616 0.09461 0.09341 0.09277 0.09292 0.09382 0.09517 0.09663 0.09788 0.09858 0.09851 0.09796 0.09741 0.09732 0.09815
