data_raster/melanesia/PNMC_chlorophylle_2021/chl-202107.grd
DSAA																																																																																																																																																																																																																																																																																																																																																																																																																											
412	268																																																																																																																																																																																																																																																																																																																																																																																																																										
156	174.5																																																																																																																																																																																																																																																																																																																																																																																																																										
-26.5	-14.5																																																																																																																																																																																																																																																																																																																																																																																																																										
0.0556	0.4010																																																																																																																																																																																																																																																																																																																																																																																																																										
[rows 145 to 173 of 268, columns 134 to 200 of 412]
0.07177 0.07231 0.07293 0.07362 0.07436 0.07513 0.07592 0.07668 0.07739 0.07802 0.07854 0.07891 0.07915 0.07934 0.07951 0.07974 0.08009 0.08059 0.08123 0.08195 0.08273 0.08351 0.08427 0.08499 0.08569 0.08641 0.08717 0.08798 0.08889 0.08993 0.09114 0.09259 0.09431 0.09634 0.09873 0.10148 0.10260 0.10811 0.11201 0.11626 0.12049 0.12420 0.10260 0.12805 0.12718 0.12415 0.11947 0.11374 0.10756 0.10151 0.09615 0.09164 0.08789 0.08484 0.08241 0.08052 0.07909 0.07806 0.07735 0.07690 0.07662 0.07646 0.07640 0.07646 0.07670 0.07712 0.07778
0.07192 0.07254 0.07323 0.07396 0.07473 0.07550 0.07626 0.07697 0.07762 0.07816 0.07858 0.07885 0.07900 0.07908 0.07915 0.07929 0.07956 0.07999 0.08057 0.08125 0.08201 0.08281 0.08360 0.08438 0.08517 0.08600 0.08688 0.08784 0.08889 0.09007 0.09141 0.09293 0.09467 0.09666 0.09891 0.10145 0.10429 0.10744 0.11091 0.11468 0.11838 0.12149 0.12353 0.12398 0.12234 0.11851 0.11308 0.10676 0.10023 0.09417 0.08922 0.08547 0.08273 0.08078 0.07941 0.07843 0.07767 0.07709 0.07667 0.07639 0.07622 0.07616 0.07620 0.07636 0.07667 0.07714 0.07780
0.07219 0.07285 0.07358 0.07434 0.07511 0.07586 0.07658 0.07723 0.07779 0.07825 0.07857 0.07875 0.07880 0.07880 0.07879 0.07885 0.07904 0.07940 0.07992 0.08056 0.08129 0.08208 0.08290 0.08374 0.08462 0.08555 0.08655 0.08763 0.08881 0.09011 0.09154 0.09312 0.09487 0.09680 0.09892 0.10123 0.10373 0.10642 0.10930 0.11233 0.11520 0.11747 0.11872 0.11852 0.11643 0.11239 0.10698 0.10086 0.09470 0.08914 0.08478 0.08170 0.07964 0.07836 0.07760 0.07712 0.07674 0.07642 0.07619 0.07602 0.07593 0.07593 0.07601 0.07620 0.07652 0.07700 0.07764
0.07254 0.07323 0.07397 0.07473 0.07549 0.07621 0.07687 0.07744 0.07792 0.07829 0.07852 0.07862 0.07860 0.07852 0.07845 0.07845 0.07857 0.07887 0.07932 0.07990 0.08060 0.08138 0.08222 0.08311 0.08406 0.08509 0.08619 0.08739 0.08869 0.09008 0.09159 0.09321 0.09495 0.09681 0.09878 0.10084 0.10296 0.10513 0.10731 0.10946 0.11134 0.11264 0.11306 0.11227 0.10998 0.10615 0.10260 0.09591 0.09058 0.08585 0.08221 0.07970 0.07809 0.07715 0.07667 0.07640 0.07619 0.07601 0.07587 0.07578 0.07573 0.07574 0.07582 0.07600 0.07630 0.07675 0.07737
0.07296 0.07365 0.07438 0.07513 0.07585 0.07652 0.07712 0.07761 0.07801 0.07829 0.07845 0.07847 0.07840 0.07827 0.07816 0.07811 0.07818 0.07841 0.07880 0.07932 0.07998 0.08073 0.08158 0.08252 0.08354 0.08465 0.08585 0.08715 0.08854 0.09003 0.09160 0.09324 0.09495 0.09672 0.09852 0.10030 0.10202 0.10363 0.10508 0.10631 0.10717 0.10750 0.10712 0.10585 0.10353 0.10260 0.09611 0.09176 0.08751 0.08376 0.08086 0.07884 0.07752 0.07674 0.07632 0.07608 0.07591 0.07578 0.07568 0.07562 0.07560 0.07561 0.07567 0.07581 0.07606 0.07647 0.07705
0.07342 0.07409 0.07479 0.07551 0.07618 0.07680 0.07732 0.07774 0.07805 0.07826 0.07836 0.07833 0.07822 0.07808 0.07794 0.07786 0.07788 0.07806 0.07839 0.07886 0.07946 0.08019 0.08104 0.08200 0.08307 0.08426 0.08554 0.08694 0.08842 0.08999 0.09161 0.09327 0.09493 0.09658 0.09817 0.10260 0.10095 0.10260 0.10276 0.10313 0.10308 0.10255 0.10150 0.09987 0.10260 0.09478 0.09159 0.08828 0.08511 0.08231 0.08010 0.07851 0.07740 0.07669 0.07625 0.07597 0.07578 0.07566 0.07558 0.07553 0.07552 0.07551 0.07554 0.07564 0.07586 0.07622 0.07677
0.07391 0.07454 0.07520 0.07586 0.07647 0.07702 0.07747 0.07782 0.07807 0.07821 0.07826 0.07822 0.07809 0.07794 0.07780 0.07771 0.07772 0.07785 0.07812 0.07853 0.07908 0.07977 0.08061 0.08159 0.08270 0.08394 0.08530 0.08677 0.08835 0.08999 0.09166 0.09332 0.09492 0.09641 0.09777 0.09891 0.10260 0.10032 0.10046 0.10015 0.09940 0.09824 0.09672 0.09486 0.09271 0.09032 0.08783 0.08536 0.08304 0.08100 0.07936 0.07813 0.07723 0.07660 0.07618 0.07590 0.07571 0.07559 0.07551 0.07548 0.07546 0.07545 0.07547 0.07554 0.07573 0.07606 0.07658
0.07439 0.07498 0.07559 0.07618 0.07673 0.07720 0.07758 0.07786 0.07805 0.07816 0.07818 0.07812 0.07801 0.07788 0.07775 0.07767 0.07766 0.07776 0.07799 0.07834 0.07883 0.07948 0.08030 0.08127 0.08241 0.08369 0.08510 0.08665 0.08830 0.09002 0.09173 0.09337 0.09489 0.09621 0.09729 0.09807 0.09852 0.09859 0.09823 0.09742 0.09619 0.09464 0.09284 0.10260 0.08884 0.08679 0.08479 0.08291 0.08120 0.07972 0.07852 0.07760 0.07691 0.07641 0.07606 0.07582 0.07566 0.07555 0.07548 0.07545 0.07543 0.07542 0.07544 0.07551 0.07568 0.07600 0.07650
0.07488 0.07542 0.07596 0.07648 0.07695 0.07735 0.07766 0.07789 0.07803 0.07810 0.07811 0.07806 0.07797 0.07786 0.07776 0.07770 0.07769 0.07777 0.07794 0.07824 0.07869 0.07929 0.08007 0.08103 0.08217 0.08347 0.08493 0.08653 0.08825 0.09002 0.09176 0.09338 0.09480 0.09593 0.09672 0.09714 0.09719 0.09684 0.09609 0.09492 0.09340 0.09164 0.10260 0.08776 0.08585 0.08405 0.08240 0.08091 0.07961 0.07852 0.07765 0.07699 0.07650 0.07615 0.07591 0.07575 0.07562 0.07554 0.07548 0.07545 0.07543 0.07542 0.07545 0.07553 0.07571 0.07602 0.07649
0.07535 0.07584 0.07632 0.07677 0.07717 0.07750 0.07775 0.07792 0.07802 0.07807 0.07806 0.07802 0.07796 0.07788 0.07782 0.07777 0.07777 0.07783 0.07797 0.07822 0.07861 0.07916 0.07990 0.08084 0.08197 0.08327 0.08475 0.08638 0.08814 0.10260 0.09171 0.09330 0.09461 0.09554 0.09604 0.09612 0.09580 0.09510 0.09403 0.09263 0.09097 0.08914 0.08724 0.08535 0.08357 0.08197 0.08055 0.07932 0.07828 0.07745 0.07682 0.07637 0.07607 0.07588 0.07576 0.07568 0.07561 0.07555 0.07550 0.07547 0.07545 0.07545 0.07549 0.07559 0.07578 0.07609 0.07654
0.07580 0.07624 0.07666 0.07705 0.07739 0.07766 0.07785 0.07798 0.07804 0.07807 0.07805 0.07802 0.07798 0.07793 0.07789 0.07787 0.07788 0.07792 0.07802 0.07823 0.07857 0.07907 0.07976 0.08067 0.08177 0.08306 0.08453 0.08617 0.08795 0.08978 0.09152 0.09306 0.09426 0.09500 0.10260 0.09500 0.09436 0.09337 0.09208 0.09055 0.08885 0.08705 0.08524 0.08348 0.08185 0.08041 0.07915 0.07809 0.07723 0.07657 0.07612 0.07584 0.07569 0.07564 0.07564 0.07564 0.07562 0.07559 0.07555 0.07551 0.07550 0.07551 0.07556 0.07568 0.07589 0.07619 0.07662
0.07621 0.07662 0.07700 0.07734 0.07763 0.07785 0.07800 0.07808 0.07811 0.07811 0.07808 0.07805 0.07802 0.07800 0.07798 0.07797 0.07797 0.07800 0.07808 0.07824 0.07853 0.07899 0.07964 0.08049 0.08155 0.08281 0.08425 0.08587 0.08764 0.08945 0.09116 0.09262 0.09371 0.09427 0.09427 0.09377 0.09288 0.09167 0.09023 0.08864 0.08696 0.08526 0.08359 0.08199 0.08053 0.07923 0.07812 0.07720 0.07647 0.07594 0.07561 0.07545 0.07543 0.07548 0.07556 0.07563 0.07565 0.07564 0.07561 0.07558 0.07557 0.07559 0.07566 0.07580 0.07601 0.07631 0.07672
0.07659 0.07697 0.07732 0.07763 0.07789 0.07807 0.07818 0.07823 0.07823 0.07820 0.07815 0.07811 0.07809 0.07807 0.07805 0.07805 0.07805 0.07806 0.07811 0.07824 0.07849 0.07890 0.07950 0.08030 0.08131 0.08251 0.08389 0.08546 0.08718 0.08894 0.09058 0.09196 0.09293 0.09334 0.09315 0.09246 0.09138 0.09002 0.08849 0.08689 0.08529 0.08370 0.08219 0.08076 0.07948 0.07835 0.07738 0.07659 0.07599 0.07556 0.07533 0.07526 0.07531 0.07542 0.07555 0.07565 0.07570 0.07570 0.07568 0.07566 0.07566 0.07569 0.07578 0.07592 0.07614 0.07643 0.07681
0.07694 0.07730 0.07763 0.07792 0.07815 0.07831 0.07839 0.07840 0.07837 0.07831 0.07825 0.07819 0.07816 0.07813 0.07812 0.07811 0.07810 0.07810 0.07813 0.07823 0.07844 0.07880 0.07935 0.08009 0.08103 0.08215 0.08347 0.08496 0.08660 0.08827 0.08982 0.09110 0.09195 0.09223 0.09190 0.09107 0.08987 0.08842 0.08687 0.08530 0.08379 0.08235 0.08100 0.07976 0.07865 0.07768 0.07687 0.07622 0.07573 0.07540 0.07524 0.07522 0.07530 0.07543 0.07558 0.07570 0.07575 0.07577 0.07576 0.07575 0.07575 0.07580 0.07590 0.07605 0.07626 0.07654 0.07690
0.07726 0.07760 0.07792 0.07819 0.07841 0.07854 0.07859 0.07858 0.07852 0.07843 0.07834 0.07827 0.07822 0.07820 0.07818 0.07816 0.07814 0.07813 0.07813 0.07821 0.07838 0.07870 0.07918 0.07986 0.08072 0.08176 0.08298 0.08437 0.08590 0.08746 0.08890 0.09006 0.09080 0.09097 0.09054 0.08963 0.08837 0.08690 0.08536 0.10260 0.08248 0.08118 0.08000 0.07894 0.07800 0.07720 0.07654 0.07602 0.07563 0.07538 0.07528 0.07529 0.07537 0.07550 0.07564 0.07575 0.07581 0.07583 0.07583 0.07583 0.07585 0.07590 0.07601 0.07616 0.07637 0.07664 0.07696
0.07757 0.07789 0.07819 0.07844 0.07863 0.07875 0.07877 0.07872 0.07863 0.07852 0.07842 0.07833 0.07828 0.07825 0.07823 0.07821 0.07818 0.07815 0.07814 0.07818 0.07831 0.07858 0.07900 0.07961 0.08038 0.08133 0.08244 0.08371 0.08512 0.08655 0.08785 0.08889 0.08952 0.08960 0.08911 0.08816 0.08689 0.08545 0.08398 0.08259 0.08132 0.08018 0.07916 0.07827 0.07750 0.07686 0.07633 0.07593 0.07563 0.07546 0.07539 0.07541 0.07549 0.07560 0.07571 0.07580 0.07586 0.07588 0.07588 0.07590 0.07593 0.07599 0.07610 0.07626 0.07646 0.07671 0.07701
0.07787 0.07816 0.07843 0.07866 0.07882 0.07890 0.07889 0.07882 0.07870 0.07857 0.07845 0.07836 0.07831 0.07828 0.07827 0.07825 0.07822 0.07818 0.07814 0.07815 0.07824 0.07845 0.07881 0.07933 0.08002 0.08087 0.08186 0.08300 0.08426 0.08554 0.08670 0.08761 0.08814 0.08815 0.08762 0.08668 0.08546 0.08409 0.08272 0.08145 0.08032 0.07933 0.07846 0.07772 0.07710 0.07660 0.07619 0.07589 0.07568 0.07556 0.07552 0.07554 0.07560 0.07568 0.07577 0.07584 0.07588 0.07590 0.07591 0.07594 0.07598 0.07605 0.07617 0.07632 0.07652 0.07675 0.07703
0.07816 0.07842 0.07865 0.07883 0.07894 0.07898 0.07894 0.07884 0.07870 0.07855 0.07843 0.07835 0.07831 0.07830 0.07831 0.07830 0.07827 0.07821 0.07815 0.07812 0.07816 0.07831 0.07860 0.07905 0.07964 0.08038 0.08125 0.08225 0.08336 0.08447 0.08548 0.08625 0.08668 0.08664 0.08612 0.08522 0.08409 0.08283 0.08158 0.08044 0.07945 0.07860 0.07787 0.07727 0.07677 0.07638 0.07608 0.07586 0.07571 0.07563 0.07561 0.07563 0.07568 0.07574 0.07580 0.07585 0.07588 0.07590 0.07591 0.07594 0.07599 0.07607 0.07619 0.07635 0.07654 0.07677 0.07703
0.07844 0.07865 0.07882 0.07894 0.07900 0.07898 0.07890 0.07877 0.07861 0.07846 0.07834 0.07828 0.07827 0.07830 0.07833 0.07835 0.07833 0.07826 0.07817 0.07810 0.07809 0.07817 0.07838 0.07875 0.07925 0.07988 0.08063 0.08148 0.08243 0.08337 0.08422 0.08486 0.08519 0.08512 0.08462 0.08381 0.08279 0.08167 0.08056 0.07957 0.07872 0.07799 0.07738 0.07689 0.07649 0.07619 0.07596 0.07581 0.07572 0.07567 0.07567 0.07568 0.07572 0.07576 0.07581 0.07584 0.07586 0.07587 0.07588 0.07591 0.07596 0.07605 0.07618 0.07634 0.07653 0.07675 0.07700
0.07865 0.07881 0.07892 0.07897 0.07897 0.07890 0.07877 0.07861 0.07844 0.07829 0.07819 0.07816 0.07819 0.07827 0.07835 0.07840 0.07840 0.07832 0.07821 0.07809 0.07802 0.07803 0.07817 0.07845 0.07886 0.07938 0.08000 0.08072 0.08150 0.08227 0.08295 0.08346 0.08371 0.08362 0.08318 0.08246 0.08158 0.08062 0.07967 0.07882 0.07810 0.07749 0.07698 0.07658 0.07626 0.07603 0.07587 0.07577 0.07571 0.07569 0.07570 0.07571 0.07574 0.07577 0.07580 0.07582 0.07582 0.07583 0.07584 0.07587 0.07592 0.07601 0.07614 0.07630 0.07649 0.07670 0.07694
0.07879 0.07889 0.07893 0.07891 0.07884 0.07872 0.07856 0.07837 0.07819 0.07805 0.07797 0.07798 0.07807 0.07821 0.07834 0.07844 0.07846 0.07839 0.07825 0.07810 0.07797 0.07791 0.07797 0.07817 0.07848 0.07890 0.07940 0.07997 0.08059 0.08120 0.08173 0.08212 0.08229 0.08219 0.08181 0.08121 0.08047 0.10260 0.07889 0.07819 0.07759 0.07708 0.07667 0.07634 0.07609 0.07591 0.07580 0.07574 0.07571 0.07571 0.07572 0.07574 0.07576 0.07578 0.07579 0.07580 0.07579 0.07579 0.07580 0.07582 0.07588 0.07597 0.07609 0.07625 0.07644 0.07664 0.07686
0.07880 0.07884 0.07882 0.07875 0.07862 0.07845 0.07825 0.07805 0.07787 0.07774 0.07769 0.07776 0.07791 0.07811 0.07831 0.07847 0.07852 0.07846 0.07831 0.07812 0.07794 0.07782 0.07780 0.07792 0.07814 0.07845 0.07883 0.07926 0.07973 0.08019 0.08058 0.08086 0.08098 0.08088 0.08056 0.08008 0.07949 0.07885 0.07822 0.07766 0.07717 0.07676 0.07643 0.07616 0.07597 0.07584 0.07577 0.07573 0.07573 0.07574 0.07576 0.07577 0.07579 0.07580 0.07580 0.07579 0.07578 0.07577 0.07578 0.07580 0.07584 0.07593 0.07605 0.07620 0.07638 0.07657 0.07678
0.07866 0.07865 0.07858 0.07845 0.07828 0.07808 0.07785 0.07764 0.07746 0.07736 0.07735 0.07747 0.07770 0.07798 0.07826 0.07847 0.07858 0.07853 0.07838 0.07816 0.07794 0.07776 0.07768 0.07771 0.07783 0.07804 0.07831 0.07862 0.07895 0.10260 0.07955 0.07974 0.07981 0.07972 0.07947 0.10260 0.07863 0.07814 0.07766 0.07722 0.07684 0.07652 0.07626 0.07605 0.07591 0.07582 0.07578 0.07577 0.07578 0.07580 0.07582 0.07584 0.07584 0.07584 0.07584 0.07582 0.07580 0.07579 0.07578 0.07580 0.07584 0.07591 0.07602 0.07616 0.07631 0.07649 0.07668
0.07835 0.07831 0.07820 0.07803 0.07783 0.07761 0.07737 0.07716 0.07700 0.07692 0.07696 0.07715 0.07745 0.07781 0.07817 0.07846 0.07862 0.07861 0.07846 0.07823 0.07797 0.07775 0.07760 0.07755 0.07759 0.07770 0.07786 0.07805 0.07827 0.07848 0.07866 0.07878 0.07882 0.07874 0.10260 0.07826 0.07792 0.07756 0.07720 0.07687 0.07659 0.07635 0.07615 0.07601 0.07591 0.07586 0.07584 0.07586 0.07588 0.07591 0.07593 0.07594 0.07594 0.07593 0.07591 0.07589 0.07587 0.07584 0.07583 0.07584 0.07587 0.07592 0.07601 0.07613 0.07626 0.07641 0.07658
0.07791 0.07784 0.07771 0.07752 0.07731 0.07707 0.07684 0.07663 0.07649 0.07645 0.07654 0.07679 0.07717 0.07762 0.07806 0.07843 0.07865 0.07868 0.07856 0.07833 0.07806 0.07779 0.07759 0.07746 0.07741 0.07742 0.07748 0.07757 0.07769 0.07781 0.07792 0.07799 0.07800 0.07794 0.07779 0.07759 0.07735 0.07709 0.07683 0.07660 0.07639 0.07623 0.07609 0.07600 0.07595 0.07593 0.07594 0.07597 0.07601 0.07605 0.07607 0.07607 0.07606 0.07604 0.07602 0.07599 0.07596 0.07593 0.07592 0.07591 0.07593 0.07597 0.07603 0.07612 0.07622 0.07634 0.07648
0.07740 0.07730 0.07715 0.07697 0.07675 0.07652 0.07629 0.07610 0.07599 0.07598 0.07611 0.07642 0.07688 0.07741 0.07794 0.07839 0.07868 0.07877 0.07868 0.07848 0.07820 0.07791 0.07765 0.07746 0.07731 0.07722 0.07717 0.07717 0.07720 0.07725 0.07730 0.07733 0.07734 0.07729 0.07719 0.07705 0.07689 0.07671 0.07654 0.07639 0.07625 0.07615 0.07607 0.07603 0.07601 0.07603 0.07606 0.07611 0.07616 0.07620 0.07622 0.07622 0.07620 0.07618 0.07615 0.07611 0.07608 0.07605 0.07603 0.07602 0.07602 0.07604 0.07608 0.07613 0.07620 0.07629 0.07639
0.07684 0.07674 0.07659 0.07640 0.07620 0.07598 0.07576 0.07559 0.07550 0.07553 0.07571 0.07608 0.07660 0.07721 0.07781 0.07834 0.07871 0.07887 0.07884 0.07868 0.07842 0.07812 0.07782 0.07754 0.07731 0.07711 0.07695 0.07685 0.07680 0.07679 0.07680 0.07682 0.07682 0.07679 0.07673 0.07664 0.07654 0.07642 0.07632 0.07623 0.07615 0.07610 0.07607 0.07607 0.07609 0.07613 0.07619 0.07625 0.07631 0.07635 0.07637 0.07637 0.07635 0.07632 0.07628 0.07625 0.07621 0.07618 0.07616 0.07614 0.07613 0.07613 0.07614 0.07616 0.07620 0.07625 0.07633
0.07630 0.07619 0.07605 0.07588 0.07569 0.07549 0.07530 0.07515 0.07508 0.07514 0.07535 0.07577 0.07635 0.07701 0.07769 0.07829 0.07874 0.07898 0.07903 0.07893 0.07872 0.07842 0.07809 0.07774 0.07740 0.07708 0.07682 0.07661 0.07648 0.07642 0.07641 0.07642 0.07643 0.07642 0.07639 0.07634 0.07628 0.07621 0.07615 0.07611 0.07608 0.07607 0.07608 0.07611 0.07615 0.07622 0.07630 0.07637 0.07644 0.07649 0.07651 0.07651 0.07649 0.07646 0.07642 0.07639 0.07636 0.07633 0.07631 0.07629 0.07627 0.07625 0.07623 0.07622 0.07623 0.07625 0.07629
0.07581 0.07572 0.07559 0.07544 0.07527 0.07509 0.07492 0.07479 0.07475 0.07483 0.07507 0.07552 0.07613 0.07684 0.07757 0.07824 0.07878 0.07912 0.07927 0.07926 0.07911 0.07884 0.07848 0.07806 0.07761 0.07716 0.07677 0.07646 0.07626 0.07615 0.07612 0.07613 0.07615 0.07617 0.07616 0.07613 0.07610 0.07606 0.07604 0.07602 0.07602 0.07604 0.07608 0.07613 0.07620 0.07629 0.07638 0.07646 0.07654 0.07660 0.07663 0.07663 0.07661 0.07658 0.07655 0.07652 0.07649 0.07647 0.07646 0.07644 0.07641 0.07638 0.07634 0.07631 0.07628 0.07627 0.07629
