data_raster/melanesia/PNMC_chlorophylle_2021/chl-202107.grd
DSAA																																																																																																																																																																																																																																																																																																																																																																																																																											
412	268																																																																																																																																																																																																																																																																																																																																																																																																																										
156	174.5																																																																																																																																																																																																																																																																																																																																																																																																																										
-26.5	-14.5																																																																																																																																																																																																																																																																																																																																																																																																																										
0.0556	0.4010																																																																																																																																																																																																																																																																																																																																																																																																																										
[rows 58 to 86 of 268, columns 0 to 66 of 412]
0.20652 0.21188 0.21699 0.22162 0.22550 0.22840 0.23008 0.23057 0.23025 0.22947 0.22862 0.22807 0.22811 0.22847 0.22872 0.22842 0.22714 0.22443 0.22017 0.21468 0.20830 0.20140 0.19434 0.18744 0.18084 0.17455 0.16861 0.16306 0.15790 0.15318 0.14889 0.14504 0.14163 0.13867 0.13616 0.13407 0.13231 0.13082 0.12954 0.12840 0.12735 0.12641 0.12564 0.12507 0.12473 0.12467 0.12484 0.12514 0.12546 0.12569 0.12573 0.12552 0.12522 0.12502 0.12512 0.12573 0.12703 0.12902 0.13143 0.13402 0.13651 0.13864 0.14018 0.14109 0.14137 0.14103 0.14007
0.20392 0.20877 0.21339 0.21757 0.22108 0.22370 0.22522 0.22569 0.22543 0.22482 0.22422 0.22397 0.22435 0.22508 0.22573 0.22585 0.22499 0.22270 0.21887 0.21385 0.20804 0.20185 0.19567 0.18987 0.18447 0.17935 0.17439 0.16945 0.16441 0.15923 0.15407 0.14908 0.14444 0.14031 0.13684 0.13402 0.13173 0.12983 0.12820 0.12671 0.12529 0.12400 0.12291 0.12211 0.12167 0.12168 0.12208 0.12270 0.12337 0.12393 0.12421 0.12411 0.12380 0.12349 0.12344 0.12385 0.12496 0.12678 0.12907 0.13162 0.13419 0.13653 0.13844 0.13980 0.14053 0.14053 0.13973
0.20140 0.20566 0.20974 0.21343 0.21654 0.21890 0.22031 0.22081 0.22072 0.22034 0.22000 0.22001 0.22060 0.22152 0.22235 0.22267 0.22206 0.22010 0.21668 0.21220 0.20707 0.20172 0.19655 0.19193 0.18781 0.18391 0.17997 0.17573 0.17092 0.16544 0.15958 0.15364 0.14793 0.14276 0.13843 0.13494 0.13212 0.12980 0.12781 0.12597 0.12419 0.12253 0.12110 0.12002 0.11940 0.11932 0.11974 0.12045 0.12125 0.12195 0.12233 0.12228 0.12196 0.12160 0.12144 0.12171 0.12263 0.12424 0.12637 0.12881 0.13138 0.13389 0.13615 0.13797 0.13918 0.13960 0.13903
0.19966 0.20336 0.20691 0.21014 0.21289 0.21500 0.21631 0.21688 0.21694 0.21677 0.21663 0.21680 0.21746 0.21839 0.21922 0.21956 0.21906 0.21733 0.21432 0.21038 0.20594 0.20141 0.19719 0.19364 0.19062 0.18777 0.18472 0.18111 0.17657 0.17097 0.16467 0.15808 0.15162 0.14570 0.14071 0.13667 0.13340 0.13071 0.12838 0.12623 0.12414 0.12218 0.12046 0.11910 0.11821 0.11789 0.11808 0.11859 0.11923 0.11980 0.12010 0.12001 0.11968 0.11930 0.11910 0.11928 0.12005 0.12145 0.12335 0.12562 0.12811 0.13069 0.13320 0.13541 0.13706 0.13788 0.13760
0.19930 0.20256 0.20569 0.20854 0.21099 0.21288 0.21411 0.21468 0.21482 0.21475 0.21469 0.21487 0.21545 0.21623 0.21689 0.21713 0.21662 0.21506 0.21238 0.20894 0.20512 0.20128 0.19781 0.19502 0.19273 0.19056 0.18808 0.18490 0.18061 0.17507 0.16866 0.16185 0.15508 0.14882 0.14347 0.13909 0.13550 0.13250 0.12990 0.12752 0.12523 0.12309 0.12117 0.11956 0.11835 0.11761 0.11730 0.11729 0.11742 0.11755 0.11754 0.11730 0.11693 0.11659 0.11643 0.11661 0.11727 0.11846 0.12010 0.12211 0.12442 0.12693 0.12954 0.13198 0.13394 0.13509 0.13513
0.20031 0.20324 0.20605 0.20862 0.21082 0.21255 0.21367 0.21421 0.21435 0.21428 0.21417 0.21423 0.21458 0.21506 0.21543 0.21544 0.21482 0.21332 0.21092 0.20790 0.20458 0.20129 0.19833 0.19598 0.19406 0.19218 0.18997 0.18703 0.18298 0.17769 0.17153 0.16492 0.15829 0.15207 0.14667 0.14214 0.13833 0.13510 0.13228 0.12972 0.12732 0.12508 0.12303 0.12121 0.11965 0.11837 0.11735 0.11656 0.11591 0.11537 0.11488 0.11439 0.11397 0.11369 0.11363 0.11385 0.11445 0.11543 0.11679 0.11849 0.12052 0.12284 0.12540 0.12792 0.13005 0.13146 0.13179
0.20239 0.20507 0.20763 0.20998 0.21199 0.21357 0.21460 0.21509 0.21519 0.21505 0.21482 0.21465 0.21465 0.21472 0.21467 0.21431 0.21346 0.21194 0.20973 0.20704 0.20413 0.20123 0.19860 0.19643 0.19458 0.19272 0.19054 0.18772 0.18395 0.17911 0.17350 0.16747 0.16137 0.15554 0.15033 0.14580 0.14185 0.13840 0.13536 0.13263 0.13014 0.12784 0.12570 0.12368 0.12174 0.11986 0.11804 0.11634 0.11479 0.11346 0.11238 0.11160 0.11111 0.11090 0.11096 0.11127 0.11182 0.11261 0.11367 0.11503 0.11672 0.11877 0.12116 0.12362 0.12581 0.12738 0.12798
0.20527 0.20773 0.21008 0.21224 0.21409 0.21554 0.21649 0.21694 0.21699 0.21676 0.21636 0.21591 0.21548 0.21503 0.21443 0.21359 0.21239 0.21073 0.20860 0.20614 0.20352 0.20090 0.19843 0.19625 0.19426 0.19223 0.18994 0.18720 0.18377 0.17957 0.17480 0.16968 0.16444 0.15930 0.15447 0.15004 0.14599 0.14231 0.13900 0.13606 0.13344 0.13106 0.12881 0.12658 0.12428 0.12180 0.11918 0.11657 0.11413 0.11200 0.11034 0.10926 0.10869 0.10855 0.10871 0.10910 0.10960 0.11021 0.11098 0.11200 0.11333 0.11505 0.11719 0.11949 0.12163 0.12328 0.12410
0.20865 0.21089 0.21304 0.21501 0.21671 0.21805 0.21895 0.21939 0.21942 0.21912 0.21856 0.21779 0.21687 0.21580 0.21455 0.21310 0.21142 0.20949 0.20732 0.20498 0.20254 0.20008 0.19765 0.19533 0.19307 0.19077 0.18833 0.18567 0.18269 0.17934 0.17567 0.17175 0.16765 0.16341 0.15911 0.15484 0.15068 0.14672 0.14307 0.13981 0.13697 0.13442 0.13201 0.12955 0.12689 0.12389 0.12058 0.11721 0.11401 0.11121 0.10905 0.10770 0.10705 0.10693 0.10717 0.10759 0.10803 0.10846 0.10896 0.10965 0.11064 0.11202 0.11385 0.11593 0.11794 0.11957 0.12053
0.21225 0.21423 0.21614 0.21790 0.21944 0.22069 0.22157 0.22206 0.22214 0.22183 0.22114 0.22006 0.21862 0.21686 0.21485 0.21267 0.21037 0.20804 0.20570 0.20335 0.20098 0.19856 0.19609 0.19356 0.19099 0.18841 0.18585 0.18337 0.18098 0.17868 0.17635 0.17387 0.17111 0.16795 0.16428 0.16018 0.15586 0.15154 0.14741 0.14368 0.14047 0.13763 0.13494 0.13221 0.12924 0.12583 0.12206 0.11818 0.11450 0.11127 0.10879 0.10725 0.10651 0.10636 0.10659 0.10699 0.10734 0.10759 0.10786 0.10827 0.10895 0.11001 0.11153 0.11333 0.11514 0.11668 0.11768
0.21580 0.21748 0.21910 0.22062 0.22199 0.22316 0.22407 0.22467 0.22488 0.22464 0.22387 0.22252 0.22053 0.21803 0.21518 0.21216 0.20913 0.20626 0.20362 0.20114 0.19871 0.19626 0.19369 0.19093 0.18807 0.18526 0.18267 0.18047 0.17882 0.17773 0.17690 0.17602 0.17475 0.17276 0.16976 0.16583 0.16131 0.15652 0.15179 0.14746 0.14372 0.14043 0.13737 0.13432 0.13108 0.12744 0.12347 0.11942 0.11559 0.11223 0.10964 0.10801 0.10718 0.10695 0.10709 0.10737 0.10759 0.10768 0.10776 0.10795 0.10837 0.10916 0.11038 0.11188 0.11344 0.11480 0.11574
0.21912 0.22048 0.22181 0.22309 0.22430 0.22540 0.22636 0.22712 0.22750 0.22738 0.22659 0.22498 0.22245 0.21918 0.21544 0.21151 0.20766 0.20417 0.20114 0.19843 0.19588 0.19333 0.19063 0.18764 0.18451 0.18153 0.17898 0.17713 0.17626 0.17642 0.17712 0.17785 0.17807 0.17726 0.17493 0.17118 0.16645 0.16119 0.15584 0.15085 0.14652 0.14271 0.13923 0.13587 0.13243 0.12871 0.12476 0.12080 0.11709 0.11384 0.11132 0.10967 0.10876 0.10840 0.10838 0.10849 0.10854 0.10848 0.10840 0.10842 0.10865 0.10919 0.11013 0.11133 0.11259 0.11373 0.11454
0.22201 0.22308 0.22416 0.22523 0.22629 0.22735 0.22840 0.22933 0.22991 0.22991 0.22910 0.22724 0.22418 0.22014 0.21551 0.21066 0.20597 0.20181 0.19833 0.19534 0.19262 0.18995 0.18710 0.18390 0.18056 0.17745 0.17496 0.17346 0.17334 0.17464 0.17674 0.17894 0.18053 0.18081 0.17913 0.17557 0.17069 0.16503 0.15914 0.15356 0.14868 0.14439 0.14052 0.13689 0.13332 0.12964 0.12588 0.12220 0.11878 0.11581 0.11347 0.11186 0.11089 0.11038 0.11016 0.11007 0.10995 0.10974 0.10953 0.10941 0.10947 0.10980 0.11047 0.11136 0.11233 0.11321 0.11384
0.22429 0.22516 0.22604 0.22696 0.22793 0.22898 0.23012 0.23122 0.23198 0.23209 0.23125 0.22914 0.22555 0.22077 0.21528 0.20954 0.20404 0.19922 0.19529 0.19200 0.18909 0.18628 0.18329 0.17993 0.17642 0.17323 0.17081 0.16961 0.17008 0.17230 0.17552 0.17890 0.18159 0.18277 0.18166 0.17834 0.17343 0.16754 0.16130 0.15531 0.15001 0.14536 0.14120 0.13740 0.13379 0.13025 0.12678 0.12348 0.12047 0.11785 0.11575 0.11423 0.11320 0.11254 0.11212 0.11182 0.11152 0.11118 0.11085 0.11062 0.11054 0.11068 0.11109 0.11169 0.11236 0.11298 0.11344
0.22578 0.22655 0.22734 0.22821 0.22916 0.23025 0.23148 0.23272 0.23361 0.23377 0.23285 0.23047 0.22638 0.22092 0.21465 0.20811 0.20186 0.19644 0.19209 0.18852 0.18543 0.18250 0.17942 0.17595 0.17234 0.16910 0.16671 0.16569 0.16653 0.16930 0.17320 0.17730 0.18071 0.18251 0.18186 0.17883 0.17407 0.16821 0.16190 0.15579 0.15034 0.14554 0.14127 0.13742 0.13388 0.13056 0.12742 0.12453 0.12193 0.11967 0.11782 0.11639 0.11533 0.11455 0.11395 0.11347 0.11300 0.11254 0.11211 0.11177 0.11155 0.11152 0.11169 0.11201 0.11240 0.11279 0.11310
0.22630 0.22713 0.22798 0.22891 0.22993 0.23109 0.23242 0.23374 0.23467 0.23480 0.23373 0.23106 0.22650 0.22044 0.21350 0.20629 0.19942 0.19351 0.18881 0.18501 0.18178 0.17878 0.17567 0.17216 0.16852 0.16525 0.16286 0.16185 0.16272 0.16556 0.16956 0.17382 0.17742 0.17947 0.17913 0.17646 0.17207 0.16658 0.16060 0.15475 0.14950 0.14484 0.14069 0.13698 0.13363 0.13057 0.12776 0.12522 0.12297 0.12101 0.11936 0.11803 0.11695 0.11609 0.11537 0.11474 0.11415 0.11357 0.11304 0.11259 0.11224 0.11202 0.11197 0.11204 0.11221 0.11242 0.11263
0.22589 0.22690 0.22793 0.22902 0.23018 0.23144 0.23282 0.23415 0.23501 0.23500 0.23371 0.23071 0.22573 0.21917 0.21170 0.20397 0.19665 0.19037 0.18543 0.18149 0.17820 0.17519 0.17211 0.16866 0.16506 0.16180 0.15935 0.15820 0.15882 0.16129 0.16487 0.16875 0.17208 0.17404 0.17387 0.17160 0.16776 0.16292 0.15761 0.15237 0.14762 0.14337 0.13957 0.13616 0.13310 0.13032 0.12782 0.12557 0.12358 0.12185 0.12035 0.11910 0.11804 0.11714 0.11636 0.11564 0.11496 0.11429 0.11366 0.11309 0.11261 0.11222 0.11196 0.11182 0.11180 0.11187 0.11204
0.22468 0.22595 0.22722 0.22851 0.22982 0.23116 0.23254 0.23376 0.23445 0.23419 0.23259 0.22925 0.22389 0.21694 0.20910 0.20103 0.19342 0.18694 0.18188 0.17791 0.17465 0.17173 0.16876 0.16544 0.16196 0.15875 0.15624 0.15486 0.15503 0.15684 0.15967 0.16280 0.16554 0.16716 0.16703 0.16515 0.16197 0.15793 0.15348 0.14907 0.14501 0.14135 0.13803 0.13504 0.13233 0.12987 0.12765 0.12565 0.12387 0.12230 0.12094 0.11977 0.11876 0.11787 0.11707 0.11632 0.11558 0.11485 0.11415 0.11348 0.11286 0.11233 0.11188 0.11156 0.11137 0.11133 0.11148
0.22284 0.22437 0.22588 0.22737 0.22880 0.23016 0.23143 0.23243 0.23280 0.23218 0.23019 0.22648 0.22079 0.21358 0.20553 0.19731 0.18962 0.18313 0.17811 0.17424 0.17113 0.16839 0.16563 0.16254 0.15925 0.15615 0.15358 0.15194 0.15158 0.15260 0.15449 0.15670 0.15865 0.15979 0.15959 0.15806 0.15553 0.15233 0.14880 0.14526 0.14199 0.13898 0.13623 0.13370 0.13139 0.12926 0.12731 0.12553 0.12394 0.12251 0.12127 0.12019 0.11925 0.11842 0.11765 0.11692 0.11618 0.11542 0.11467 0.11393 0.11322 0.11255 0.11195 0.11145 0.11111 0.11097 0.11109
0.22050 0.22225 0.22395 0.22556 0.22702 0.22830 0.22934 0.22996 0.22987 0.22876 0.22631 0.22221 0.21627 0.20892 0.20084 0.19269 0.18513 0.17883 0.17405 0.17044 0.16762 0.16518 0.16274 0.15996 0.15694 0.15399 0.15143 0.14956 0.14870 0.14893 0.14988 0.15114 0.15228 0.15287 0.15253 0.15126 0.14927 0.14681 0.14411 0.14140 0.13886 0.13649 0.13430 0.13225 0.13034 0.12854 0.12686 0.12530 0.12388 0.12261 0.12149 0.12053 0.11970 0.11895 0.11826 0.11758 0.11689 0.11616 0.11540 0.11463 0.11386 0.11310 0.11237 0.11172 0.11124 0.11098 0.11102
0.21782 0.21968 0.22145 0.22306 0.22443 0.22548 0.22612 0.22620 0.22550 0.22376 0.22076 0.21626 0.21013 0.20279 0.19488 0.18702 0.17984 0.17396 0.16962 0.16646 0.16409 0.16210 0.16009 0.15771 0.15504 0.15232 0.14983 0.14784 0.14659 0.14620 0.14638 0.14684 0.14727 0.14736 0.14683 0.14567 0.14403 0.14208 0.13998 0.13789 0.13593 0.13410 0.13238 0.13077 0.12923 0.12776 0.12636 0.12504 0.12382 0.12272 0.12176 0.12094 0.12024 0.11963 0.11905 0.11848 0.11787 0.11722 0.11652 0.11578 0.11500 0.11419 0.11336 0.11258 0.11193 0.11151 0.11141
0.21493 0.21674 0.21844 0.21990 0.22102 0.22167 0.22175 0.22112 0.21964 0.21716 0.21354 0.20864 0.20239 0.19521 0.18766 0.18032 0.17375 0.16852 0.16483 0.16231 0.16056 0.15915 0.15768 0.15579 0.15352 0.15111 0.14880 0.14681 0.14539 0.14463 0.14433 0.14426 0.14419 0.14388 0.14312 0.14190 0.14036 0.13862 0.13680 0.13504 0.13343 0.13196 0.13060 0.12933 0.12813 0.12698 0.12586 0.12480 0.12382 0.12294 0.12217 0.12154 0.12100 0.12054 0.12010 0.11967 0.11921 0.11870 0.11812 0.11747 0.11675 0.11593 0.11503 0.11413 0.11331 0.11268 0.11234
0.21188 0.21352 0.21501 0.21621 0.21695 0.21710 0.21650 0.21506 0.21272 0.20944 0.20518 0.19990 0.19362 0.18671 0.17967 0.17301 0.16722 0.16279 0.15988 0.15812 0.15707 0.15632 0.15546 0.15411 0.15230 0.15026 0.14820 0.14635 0.14492 0.14402 0.14347 0.14309 0.14269 0.14207 0.14106 0.13966 0.13800 0.13621 0.13443 0.13276 0.13132 0.13007 0.12898 0.12800 0.12710 0.12624 0.12541 0.12462 0.12390 0.12326 0.12271 0.12227 0.12191 0.12161 0.12134 0.12107 0.12079 0.12045 0.12004 0.11954 0.11891 0.11814 0.11721 0.11620 0.11521 0.11436 0.11373
0.20872 0.21010 0.21131 0.21215 0.21245 0.21203 0.21072 0.20843 0.20523 0.20117 0.19631 0.19070 0.18446 0.17791 0.17148 0.16559 0.16065 0.15709 0.15500 0.15401 0.15368 0.15360 0.15335 0.15256 0.15124 0.14962 0.14789 0.14627 0.14497 0.14408 0.14346 0.14293 0.14232 0.14145 0.14016 0.13848 0.13657 0.13457 0.13264 0.13093 0.12953 0.12842 0.12753 0.12680 0.12618 0.12560 0.12504 0.12453 0.12406 0.12365 0.12331 0.12306 0.12287 0.12273 0.12263 0.12253 0.12244 0.12230 0.12210 0.12177 0.12128 0.12058 0.11966 0.11857 0.11744 0.11636 0.11544
0.20550 0.20657 0.20743 0.20789 0.20772 0.20674 0.20473 0.20166 0.19767 0.19291 0.18753 0.18169 0.17556 0.16943 0.16365 0.15855 0.15447 0.15174 0.15042 0.15013 0.15046 0.15099 0.15130 0.15105 0.15023 0.14906 0.14772 0.14641 0.14532 0.14455 0.14396 0.14336 0.14260 0.14151 0.13993 0.13793 0.13569 0.13339 0.13122 0.12938 0.12799 0.12698 0.12628 0.12579 0.12543 0.12512 0.12482 0.12454 0.12429 0.12409 0.12394 0.12384 0.12381 0.12381 0.12386 0.12393 0.12401 0.12409 0.12408 0.12394 0.12361 0.12302 0.12214 0.12103 0.11979 0.11853 0.11735
0.20227 0.20300 0.20351 0.20357 0.20297 0.20148 0.19888 0.19516 0.19053 0.18523 0.17949 0.17352 0.16758 0.16190 0.15675 0.15239 0.14908 0.14706 0.14637 0.14663 0.14745 0.14846 0.14925 0.14948 0.14915 0.14845 0.14753 0.14658 0.14576 0.14515 0.14460 0.14396 0.14306 0.14175 0.13989 0.13755 0.13496 0.13235 0.12995 0.12799 0.12661 0.12573 0.12524 0.12501 0.12492 0.12485 0.12477 0.12469 0.12461 0.12455 0.12453 0.12455 0.12462 0.12474 0.12490 0.12511 0.12536 0.12562 0.12581 0.12586 0.12569 0.12524 0.12444 0.12335 0.12208 0.12070 0.11933
0.19907 0.19948 0.19965 0.19937 0.19840 0.19651 0.19349 0.18932 0.18430 0.17868 0.17277 0.16683 0.16114 0.15591 0.15133 0.14758 0.14487 0.14337 0.14306 0.14364 0.14474 0.14601 0.14712 0.14775 0.14789 0.14766 0.14720 0.14663 0.14608 0.14560 0.14506 0.14433 0.14325 0.14170 0.13954 0.13690 0.13402 0.13117 0.12861 0.12661 0.12533 0.12465 0.12443 0.12449 0.12468 0.12486 0.12495 0.12499 0.12500 0.12501 0.12504 0.12511 0.12523 0.12541 0.12565 0.12596 0.12634 0.12674 0.12709 0.12731 0.12731 0.12700 0.12633 0.12533 0.12410 0.12271 0.12125
0.19590 0.19601 0.19589 0.19533 0.19408 0.19194 0.18867 0.18430 0.17912 0.17344 0.16756 0.16180 0.15644 0.15165 0.14756 0.14430 0.14199 0.14078 0.14062 0.14125 0.14237 0.14371 0.14498 0.14590 0.14645 0.14669 0.14669 0.14651 0.14621 0.14582 0.14523 0.14434 0.14303 0.14120 0.13876 0.13585 0.13276 0.12976 0.12715 0.12521 0.12412 0.12373 0.12383 0.12423 0.12473 0.12512 0.12535 0.12545 0.12548 0.12547 0.12548 0.12554 0.12567 0.12586 0.12614 0.12651 0.12696 0.12747 0.12795 0.12830 0.12845 0.12830 0.12779 0.12694 0.12583 0.12454 0.12311
0.19270 0.19255 0.19219 0.19141 0.18998 0.18770 0.18436 0.17999 0.17489 0.16936 0.16372 0.15828 0.15332 0.14897 0.14531 0.14242 0.14038 0.13927 0.13904 0.13951 0.14046 0.14167 0.14294 0.14406 0.14496 0.14564 0.14609 0.14629 0.14623 0.14589 0.14520 0.14411 0.14253 0.14041 0.13769 0.13456 0.13129 0.12822 0.12563 0.12383 0.12300 0.12295 0.12343 0.12420 0.12500 0.12560 0.12593 0.12605 0.12604 0.12597 0.12591 0.12592 0.12603 0.12622 0.12651 0.12691 0.12741 0.12798 0.12854 0.12900 0.12927 0.12928 0.12896 0.12832 0.12742 0.12629 0.12498
