data_raster/melanesia/PNMC_chlorophylle_2021/chl-202107.grd
DSAA																																																																																																																																																																																																																																																																																																																																																																																																																											
412	268																																																																																																																																																																																																																																																																																																																																																																																																																										
156	174.5																																																																																																																																																																																																																																																																																																																																																																																																																										
-26.5	-14.5																																																																																																																																																																																																																																																																																																																																																																																																																										
0.0556	0.4010																																																																																																																																																																																																																																																																																																																																																																																																																										
[rows 0 to 28 of 268, columns 268 to 334 of 412]
0.13366 0.13804 0.14236 0.14620 0.14918 0.15093 0.15146 0.15091 0.14941 0.14710 0.14413 0.14066 0.13686 0.13294 0.12908 0.12549 0.12233 0.11958 0.11716 0.11493 0.11281 0.11067 0.10846 0.10623 0.10406 0.10202 0.10017 0.09859 0.09728 0.09619 0.09527 0.09449 0.09379 0.09315 0.09259 0.09217 0.09192 0.09188 0.09210 0.09252 0.09300 0.09341 0.09359 0.09342 0.09282 0.09211 0.09167 0.09189 0.09317 0.09590 0.10009 0.10528 0.11101 0.11679 0.12216 0.12666 0.13004 0.13208 0.13259 0.13136 0.12820 0.12322 0.11708 0.11045 0.10403 0.09850 0.09449
0.13628 0.14003 0.14357 0.14653 0.14858 0.14941 0.14908 0.14776 0.14562 0.14285 0.13962 0.13608 0.13240 0.12870 0.12513 0.12184 0.11894 0.11642 0.11418 0.11213 0.11018 0.10822 0.10622 0.10421 0.10228 0.10048 0.09889 0.09756 0.09650 0.09564 0.09493 0.09433 0.09378 0.09323 0.09273 0.09231 0.09200 0.09184 0.09188 0.09207 0.09231 0.09250 0.09253 0.09230 0.09177 0.09119 0.09090 0.09122 0.09250 0.09504 0.09887 0.10361 0.10887 0.11426 0.11938 0.12385 0.12738 0.12969 0.13053 0.12961 0.12669 0.12185 0.11576 0.10915 0.10275 0.09728 0.09339
0.13865 0.14180 0.14457 0.14669 0.14785 0.14781 0.14667 0.14463 0.14190 0.13870 0.13523 0.13166 0.12809 0.12462 0.12134 0.11833 0.11569 0.11338 0.11133 0.10945 0.10766 0.10589 0.10408 0.10229 0.10058 0.09902 0.09767 0.09658 0.09575 0.09511 0.09461 0.09418 0.09376 0.09332 0.09287 0.09244 0.09208 0.09182 0.09168 0.09166 0.09168 0.09167 0.09156 0.09128 0.09081 0.09037 0.09021 0.09063 0.09188 0.09423 0.09769 0.10198 0.10677 0.11176 0.11664 0.12108 0.12475 0.12734 0.12850 0.12790 0.12521 0.12050 0.11448 0.10789 0.10150 0.09609 0.09232
0.14054 0.14311 0.14517 0.14650 0.14686 0.14605 0.14420 0.14154 0.13831 0.13475 0.13110 0.12753 0.12410 0.12085 0.11784 0.11512 0.11272 0.11061 0.10874 0.10702 0.10538 0.10377 0.10214 0.10054 0.09904 0.09769 0.09656 0.09569 0.09507 0.09463 0.09432 0.09405 0.09376 0.09340 0.09300 0.09258 0.09218 0.09183 0.09155 0.09135 0.09118 0.09101 0.09078 0.09047 0.09006 0.08974 0.08970 0.09018 0.09138 0.09351 0.09660 0.10042 0.10474 0.10933 0.11395 0.11836 0.12219 0.12504 0.12653 0.12625 0.12381 0.11924 0.11327 0.10671 0.10035 0.09499 0.09133
0.14170 0.14373 0.14516 0.14581 0.14548 0.14404 0.14162 0.13849 0.13490 0.13111 0.12736 0.12384 0.12056 0.11754 0.11480 0.11233 0.11016 0.10824 0.10652 0.10494 0.10345 0.10197 0.10050 0.09907 0.09774 0.09657 0.09562 0.09494 0.09450 0.09423 0.09406 0.09393 0.09375 0.09348 0.09312 0.09272 0.09230 0.09189 0.09152 0.09119 0.09089 0.09060 0.09030 0.08997 0.08962 0.08940 0.08945 0.08995 0.09107 0.09295 0.09564 0.09898 0.10281 0.10699 0.11136 0.11573 0.11971 0.12284 0.12465 0.12469 0.12250 0.11808 0.11219 0.10566 0.09932 0.09401 0.09045
0.14190 0.14344 0.14433 0.14443 0.14359 0.14170 0.13893 0.13552 0.13175 0.12787 0.12415 0.12074 0.11765 0.11486 0.11235 0.11013 0.10815 0.10640 0.10482 0.10336 0.10197 0.10062 0.09926 0.09796 0.09677 0.09573 0.09492 0.09437 0.09406 0.09392 0.09387 0.09384 0.09375 0.09354 0.09324 0.09287 0.09245 0.09202 0.09161 0.09122 0.09086 0.09052 0.09020 0.08988 0.08960 0.08945 0.08954 0.09002 0.09099 0.09259 0.09484 0.09768 0.10102 0.10479 0.10890 0.11322 0.11735 0.12075 0.12289 0.12326 0.12132 0.11706 0.11126 0.10477 0.09846 0.09319 0.08973
0.14089 0.14202 0.14250 0.14221 0.14106 0.13896 0.13607 0.13264 0.12891 0.12515 0.12158 0.11837 0.11550 0.11294 0.11066 0.10864 0.10684 0.10522 0.10375 0.10238 0.10108 0.09980 0.09852 0.09730 0.09619 0.09524 0.09450 0.09403 0.09380 0.09373 0.09375 0.09379 0.09375 0.09360 0.09335 0.09301 0.09264 0.09224 0.09186 0.09150 0.09117 0.09086 0.09058 0.09031 0.09009 0.08997 0.09006 0.09045 0.09122 0.09248 0.09426 0.09657 0.09940 0.10274 0.10658 0.11087 0.11514 0.11881 0.12129 0.12198 0.12032 0.11623 0.11052 0.10409 0.09781 0.09258 0.08919
0.13873 0.13951 0.13970 0.13921 0.13795 0.13587 0.13311 0.12989 0.12644 0.12297 0.11970 0.11676 0.11414 0.11181 0.10974 0.10788 0.10622 0.10471 0.10332 0.10202 0.10076 0.09952 0.09828 0.09709 0.09601 0.09509 0.09437 0.09392 0.09371 0.09367 0.09372 0.09378 0.09378 0.09366 0.09345 0.09318 0.09287 0.09256 0.09228 0.09203 0.09182 0.09162 0.09144 0.09126 0.09109 0.09098 0.09101 0.09125 0.09176 0.09262 0.09390 0.09566 0.09796 0.10086 0.10444 0.10868 0.11309 0.11702 0.11984 0.12087 0.11948 0.11558 0.10998 0.10362 0.09738 0.09218 0.08884
0.13579 0.13630 0.13630 0.13573 0.13453 0.13264 0.13019 0.12736 0.12434 0.12130 0.11842 0.11581 0.11346 0.11134 0.10944 0.10772 0.10616 0.10473 0.10340 0.10214 0.10091 0.09968 0.09844 0.09725 0.09615 0.09521 0.09448 0.09401 0.09378 0.09372 0.09376 0.09382 0.09383 0.09374 0.09358 0.09338 0.09316 0.09297 0.09284 0.09276 0.09273 0.09270 0.09267 0.09260 0.09248 0.09236 0.09229 0.09234 0.09255 0.09298 0.09374 0.09493 0.09670 0.09917 0.10247 0.10665 0.11119 0.11538 0.11851 0.11988 0.11877 0.11507 0.10961 0.10332 0.09713 0.09197 0.08866
0.13249 0.13278 0.13267 0.13212 0.13108 0.12950 0.12748 0.12515 0.12264 0.12010 0.11766 0.11539 0.11331 0.11139 0.10963 0.10802 0.10654 0.10516 0.10387 0.10262 0.10139 0.10015 0.09889 0.09767 0.09653 0.09555 0.09477 0.09425 0.09397 0.09387 0.09388 0.09392 0.09393 0.09387 0.09376 0.09363 0.09352 0.09347 0.09352 0.09365 0.09383 0.09401 0.09415 0.09421 0.09414 0.09399 0.09381 0.09364 0.09353 0.09353 0.09375 0.09438 0.09562 0.09765 0.10068 0.10478 0.10943 0.11385 0.11729 0.11898 0.11815 0.11466 0.10935 0.10316 0.09704 0.09191 0.08863
0.12921 0.12933 0.12918 0.12871 0.12789 0.12667 0.12512 0.12332 0.12137 0.11934 0.11734 0.11541 0.11357 0.11182 0.11017 0.10863 0.10720 0.10586 0.10458 0.10333 0.10209 0.10082 0.09952 0.09825 0.09706 0.09601 0.09517 0.09459 0.09426 0.09410 0.09407 0.09409 0.09410 0.09406 0.09400 0.09395 0.09396 0.09406 0.09429 0.09465 0.09505 0.09545 0.09577 0.09595 0.09594 0.09576 0.09546 0.09507 0.09464 0.09420 0.09391 0.09399 0.09471 0.09631 0.09905 0.10307 0.10780 0.11243 0.11615 0.11814 0.11758 0.11431 0.10917 0.10310 0.09705 0.09198 0.08871
0.12635 0.12635 0.12619 0.12583 0.12524 0.12438 0.12328 0.12198 0.12054 0.11899 0.11737 0.11574 0.11410 0.11248 0.11092 0.10942 0.10801 0.10668 0.10540 0.10414 0.10287 0.10157 0.10022 0.09889 0.09764 0.09653 0.09563 0.09499 0.09460 0.09440 0.09434 0.09435 0.09436 0.09435 0.09434 0.09437 0.09448 0.09473 0.09514 0.09570 0.09632 0.09692 0.09741 0.09771 0.09775 0.09755 0.09714 0.09655 0.09581 0.09498 0.09419 0.09375 0.09397 0.09515 0.09761 0.10151 0.10630 0.11110 0.11506 0.11732 0.11703 0.11398 0.10902 0.10310 0.09715 0.09213 0.08888
0.12426 0.12417 0.12401 0.12375 0.12335 0.12279 0.12206 0.12117 0.12014 0.11897 0.11767 0.11626 0.11477 0.11324 0.11172 0.11024 0.10883 0.10750 0.10620 0.10492 0.10362 0.10228 0.10089 0.09951 0.09820 0.09704 0.09609 0.09541 0.09498 0.09476 0.09468 0.09469 0.09472 0.09474 0.09478 0.09489 0.09511 0.09548 0.09605 0.09678 0.09757 0.09834 0.09897 0.09938 0.09947 0.09926 0.09876 0.09801 0.09701 0.09581 0.09457 0.09365 0.09339 0.09417 0.09633 0.10011 0.10491 0.10983 0.11399 0.11650 0.11646 0.11364 0.10888 0.10312 0.09730 0.09235 0.08911
0.12282 0.12268 0.12253 0.12235 0.12210 0.12176 0.12132 0.12075 0.12003 0.11914 0.11807 0.11681 0.11542 0.11395 0.11245 0.11097 0.10955 0.10820 0.10688 0.10558 0.10425 0.10287 0.10145 0.10003 0.09869 0.09750 0.09652 0.09581 0.09537 0.09515 0.09508 0.09510 0.09517 0.09524 0.09535 0.09554 0.09585 0.09633 0.09703 0.09790 0.09883 0.09973 0.10048 0.10097 0.10112 0.10091 0.10035 0.09945 0.09823 0.09671 0.09506 0.09368 0.09298 0.09336 0.09523 0.09885 0.10363 0.10863 0.11296 0.11567 0.11586 0.11328 0.10874 0.10317 0.09749 0.09263 0.08941
0.12181 0.12164 0.12149 0.12137 0.12123 0.12106 0.12082 0.12047 0.11997 0.11928 0.11837 0.11723 0.11591 0.11447 0.11298 0.11149 0.11006 0.10869 0.10736 0.10603 0.10469 0.10329 0.10185 0.10042 0.09907 0.09787 0.09689 0.09618 0.09576 0.09555 0.09551 0.09558 0.09570 0.09583 0.09602 0.09630 0.09671 0.09731 0.09811 0.09910 0.10016 0.10116 0.10201 0.10257 0.10276 0.10255 0.10194 0.10092 0.09950 0.09768 0.09565 0.09385 0.09272 0.09272 0.09429 0.09774 0.10246 0.10751 0.11195 0.11484 0.11525 0.11291 0.10861 0.10325 0.09775 0.09298 0.08978
0.12098 0.12078 0.12064 0.12055 0.12048 0.12042 0.12031 0.12011 0.11976 0.11921 0.11840 0.11734 0.11607 0.11466 0.11318 0.11169 0.11026 0.10889 0.10754 0.10621 0.10486 0.10347 0.10203 0.10062 0.09929 0.09812 0.09717 0.09650 0.09611 0.09595 0.09596 0.09609 0.09629 0.09651 0.09680 0.09719 0.09771 0.09842 0.09934 0.10044 0.10160 0.10270 0.10361 0.10423 0.10446 0.10424 0.10358 0.10245 0.10084 0.09874 0.09635 0.09415 0.09262 0.09225 0.09352 0.09678 0.10141 0.10646 0.11099 0.11403 0.11465 0.11255 0.10850 0.10338 0.09807 0.09342 0.09024
0.12008 0.11986 0.11972 0.11964 0.11961 0.11960 0.11956 0.11944 0.11917 0.11870 0.11798 0.11697 0.11575 0.11438 0.11293 0.11146 0.11004 0.10867 0.10734 0.10602 0.10469 0.10333 0.10194 0.10058 0.09932 0.09821 0.09733 0.09673 0.09641 0.09632 0.09641 0.09663 0.09692 0.09727 0.09768 0.09820 0.09886 0.09970 0.10075 0.10196 0.10321 0.10439 0.10537 0.10603 0.10627 0.10604 0.10532 0.10407 0.10227 0.09990 0.09717 0.09459 0.09267 0.09194 0.09292 0.09596 0.10047 0.10549 0.11007 0.11324 0.11405 0.11220 0.10843 0.10357 0.09847 0.09396 0.09079
0.11887 0.11864 0.11848 0.11839 0.11835 0.11835 0.11833 0.11823 0.11800 0.11758 0.11690 0.11595 0.11479 0.11348 0.11209 0.11067 0.10929 0.10796 0.10667 0.10538 0.10411 0.10282 0.10152 0.10026 0.09911 0.09813 0.09736 0.09687 0.09665 0.09665 0.09684 0.09717 0.09760 0.09808 0.09866 0.09934 0.10017 0.10116 0.10235 0.10369 0.10505 0.10631 0.10735 0.10804 0.10828 0.10801 0.10720 0.10582 0.10382 0.10118 0.09812 0.09517 0.09288 0.09180 0.09247 0.09529 0.09965 0.10461 0.10921 0.11248 0.11348 0.11189 0.10840 0.10382 0.09895 0.09459 0.09146
0.11726 0.11699 0.11681 0.11669 0.11662 0.11659 0.11654 0.11643 0.11620 0.11579 0.11515 0.11427 0.11319 0.11197 0.11067 0.10935 0.10804 0.10678 0.10554 0.10433 0.10313 0.10195 0.10078 0.09968 0.09869 0.09787 0.09726 0.09691 0.09682 0.09696 0.09727 0.09774 0.09832 0.09898 0.09974 0.10061 0.10163 0.10281 0.10416 0.10563 0.10710 0.10845 0.10954 0.11025 0.11047 0.11014 0.10923 0.10769 0.10548 0.10257 0.09918 0.09588 0.09323 0.09181 0.09218 0.09475 0.09895 0.10382 0.10840 0.11176 0.11294 0.11160 0.10842 0.10414 0.09953 0.09533 0.09222
0.11537 0.11507 0.11485 0.11469 0.11457 0.11449 0.11439 0.11423 0.11398 0.11357 0.11297 0.11216 0.11118 0.11008 0.10891 0.10769 0.10649 0.10531 0.10416 0.10304 0.10195 0.10090 0.09989 0.09896 0.09817 0.09754 0.09712 0.09695 0.09702 0.09731 0.09778 0.09840 0.09915 0.09999 0.10094 0.10201 0.10322 0.10457 0.10608 0.10769 0.10927 0.11069 0.11183 0.11255 0.11274 0.11235 0.11132 0.10962 0.10720 0.10403 0.10034 0.09670 0.09371 0.09196 0.09203 0.09435 0.09836 0.10311 0.10766 0.11108 0.11242 0.11135 0.10848 0.10451 0.10016 0.09614 0.09307
0.11333 0.11301 0.11276 0.11256 0.11240 0.11225 0.11209 0.11188 0.11159 0.11118 0.11062 0.10989 0.10903 0.10807 0.10703 0.10595 0.10487 0.10379 0.10274 0.10172 0.10075 0.09983 0.09899 0.09825 0.09765 0.09723 0.09702 0.09705 0.09732 0.09779 0.09844 0.09924 0.10016 0.10117 0.10230 0.10353 0.10489 0.10639 0.10804 0.10976 0.11143 0.11292 0.11410 0.11483 0.11499 0.11453 0.11339 0.11154 0.10892 0.10551 0.10154 0.09760 0.09430 0.09223 0.09202 0.09408 0.09788 0.10249 0.10698 0.11044 0.11193 0.11111 0.10856 0.10491 0.10084 0.09699 0.09397
0.11129 0.11097 0.11071 0.11048 0.11028 0.11008 0.10987 0.10961 0.10929 0.10888 0.10836 0.10772 0.10699 0.10617 0.10529 0.10436 0.10341 0.10244 0.10149 0.10058 0.09972 0.09893 0.09824 0.09768 0.09728 0.09706 0.09706 0.09731 0.09779 0.09848 0.09934 0.10032 0.10141 0.10258 0.10383 0.10517 0.10663 0.10822 0.10994 0.11174 0.11348 0.11502 0.11622 0.11695 0.11709 0.11657 0.11535 0.11337 0.11060 0.10698 0.10277 0.09856 0.09498 0.09262 0.09213 0.09393 0.09752 0.10196 0.10637 0.10984 0.11147 0.11090 0.10865 0.10533 0.10153 0.09787 0.09490
0.10939 0.10910 0.10885 0.10863 0.10841 0.10818 0.10793 0.10764 0.10731 0.10691 0.10645 0.10592 0.10532 0.10465 0.10393 0.10315 0.10233 0.10148 0.10063 0.09982 0.09905 0.09838 0.09781 0.09739 0.09715 0.09712 0.09733 0.09780 0.09853 0.09946 0.10055 0.10174 0.10298 0.10425 0.10555 0.10692 0.10839 0.10997 0.11171 0.11352 0.11528 0.11685 0.11807 0.11881 0.11894 0.11840 0.11712 0.11506 0.11216 0.10839 0.10399 0.09956 0.09572 0.09311 0.09235 0.09391 0.09726 0.10153 0.10583 0.10929 0.11104 0.11069 0.10874 0.10573 0.10222 0.09874 0.09582
0.10777 0.10754 0.10734 0.10715 0.10696 0.10674 0.10648 0.10620 0.10588 0.10553 0.10514 0.10472 0.10425 0.10374 0.10317 0.10254 0.10185 0.10111 0.10035 0.09962 0.09893 0.09833 0.09785 0.09752 0.09739 0.09751 0.09790 0.09861 0.09961 0.10081 0.10215 0.10355 0.10493 0.10623 0.10750 0.10878 0.11014 0.11161 0.11326 0.11502 0.11675 0.11830 0.11953 0.12029 0.12043 0.11989 0.11861 0.11652 0.11357 0.10970 0.10516 0.10055 0.09652 0.09368 0.09268 0.09399 0.09710 0.10118 0.10536 0.10879 0.11063 0.11050 0.10883 0.10612 0.10288 0.09959 0.09672
0.10647 0.10634 0.10623 0.10612 0.10598 0.10580 0.10558 0.10534 0.10506 0.10477 0.10447 0.10416 0.10383 0.10346 0.10303 0.10254 0.10197 0.10133 0.10066 0.10000 0.09937 0.09882 0.09838 0.09810 0.09805 0.09827 0.09882 0.09976 0.10103 0.10253 0.10413 0.10572 0.10719 0.10848 0.10962 0.11072 0.11186 0.11313 0.11459 0.11623 0.11787 0.11938 0.12060 0.12137 0.12155 0.12105 0.11981 0.11775 0.11480 0.11089 0.10626 0.10153 0.09733 0.09431 0.09309 0.09416 0.09704 0.10092 0.10496 0.10834 0.11025 0.11031 0.10891 0.10649 0.10350 0.10039 0.09758
0.10549 0.10550 0.10551 0.10551 0.10546 0.10536 0.10522 0.10503 0.10482 0.10460 0.10439 0.10419 0.10398 0.10373 0.10343 0.10306 0.10259 0.10205 0.10147 0.10088 0.10031 0.09980 0.09938 0.09913 0.09912 0.09943 0.10012 0.10126 0.10279 0.10456 0.10640 0.10816 0.10969 0.11090 0.11186 0.11270 0.11355 0.11453 0.11575 0.11720 0.11871 0.12014 0.12132 0.12209 0.12232 0.12189 0.12072 0.11873 0.11582 0.11192 0.10726 0.10246 0.09814 0.09496 0.09355 0.09440 0.09706 0.10074 0.10464 0.10796 0.10992 0.11015 0.10899 0.10684 0.10409 0.10116 0.09840
0.10484 0.10501 0.10518 0.10531 0.10540 0.10541 0.10536 0.10525 0.10513 0.10499 0.10486 0.10474 0.10462 0.10447 0.10427 0.10400 0.10363 0.10319 0.10271 0.10219 0.10169 0.10122 0.10083 0.10060 0.10063 0.10100 0.10181 0.10313 0.10488 0.10687 0.10890 0.11078 0.11233 0.11340 0.11413 0.11468 0.11519 0.11583 0.11677 0.11797 0.11931 0.12061 0.12173 0.12250 0.12277 0.12242 0.12136 0.11947 0.11665 0.11280 0.10815 0.10330 0.09891 0.09561 0.09404 0.09470 0.09715 0.10063 0.10439 0.10764 0.10964 0.11003 0.10908 0.10718 0.10466 0.10188 0.09918
0.10452 0.10488 0.10523 0.10554 0.10578 0.10592 0.10599 0.10599 0.10594 0.10588 0.10582 0.10576 0.10569 0.10560 0.10546 0.10527 0.10500 0.10466 0.10427 0.10386 0.10345 0.10305 0.10271 0.10252 0.10259 0.10302 0.10391 0.10536 0.10727 0.10941 0.11156 0.11350 0.11500 0.11591 0.11638 0.11661 0.11677 0.11706 0.11767 0.11861 0.11972 0.12087 0.12188 0.12262 0.12292 0.12267 0.12172 0.11996 0.11726 0.11350 0.10888 0.10404 0.09960 0.09622 0.09452 0.09501 0.09728 0.10059 0.10422 0.10741 0.10944 0.10995 0.10920 0.10751 0.10519 0.10257 0.09993
0.10453 0.10510 0.10566 0.10617 0.10659 0.10689 0.10709 0.10720 0.10724 0.10724 0.10721 0.10717 0.10712 0.10704 0.10692 0.10678 0.10658 0.10635 0.10610 0.10582 0.10553 0.10524 0.10498 0.10487 0.10500 0.10549 0.10644 0.10797 0.10995 0.11215 0.11432 0.11623 0.11761 0.11833 0.11854 0.11845 0.11827 0.11822 0.11850 0.11914 0.12000 0.12095 0.12182 0.12250 0.12282 0.12265 0.12183 0.12021 0.11764 0.11399 0.10945 0.10464 0.10019 0.09675 0.09497 0.09533 0.09744 0.10061 0.10412 0.10726 0.10931 0.10994 0.10935 0.10785 0.10571 0.10321 0.10063
