data_raster/melanesia/PNMC_chlorophylle_2021/chl-202106.grd
DSAA																																																																																																																																																																																																																																																																																																																																																																																																																											
412	268																																																																																																																																																																																																																																																																																																																																																																																																																										
156	174.5																																																																																																																																																																																																																																																																																																																																																																																																																										
-26.5	-14.5																																																																																																																																																																																																																																																																																																																																																																																																																										
0.0610	0.3284																																																																																																																																																																																																																																																																																																																																																																																																																										
[rows 58 to 86 of 268, columns 335 to 401 of 412]
0.09517 0.09493 0.09451 0.09389 0.09307 0.09209 0.09097 0.08979 0.08857 0.08739 0.08628 0.08526 0.08434 0.08351 0.08276 0.08209 0.08150 0.08099 0.08055 0.08017 0.07986 0.07960 0.07940 0.07924 0.07912 0.07902 0.07893 0.07886 0.07878 0.07871 0.07862 0.07853 0.07842 0.07829 0.07815 0.07799 0.07783 0.07765 0.07746 0.07725 0.07701 0.07672 0.07636 0.07592 0.07541 0.07487 0.07436 0.07391 0.07357 0.07339 0.07336 0.07343 0.07358 0.07375 0.07392 0.07405 0.07415 0.07422 0.07427 0.07428 0.07426 0.07423 0.07417 0.07410 0.07402 0.07394 0.07385
0.09495 0.09471 0.09429 0.09370 0.09294 0.09204 0.09102 0.08993 0.08881 0.08769 0.08662 0.08562 0.08468 0.08381 0.08302 0.08230 0.08167 0.08110 0.08061 0.08019 0.07983 0.07952 0.07926 0.07906 0.07889 0.07877 0.07867 0.07861 0.07856 0.07852 0.07848 0.07841 0.07831 0.07818 0.07801 0.07782 0.07761 0.07739 0.07716 0.07692 0.07664 0.07634 0.07598 0.07558 0.07512 0.07465 0.07421 0.07382 0.07353 0.07336 0.07332 0.07336 0.07346 0.07358 0.07370 0.07380 0.07386 0.07391 0.07393 0.07392 0.07390 0.07386 0.07380 0.07373 0.07366 0.07358 0.07351
0.09470 0.09443 0.09400 0.09342 0.09271 0.09189 0.09098 0.09001 0.08900 0.08798 0.08697 0.08600 0.08506 0.08418 0.08335 0.08259 0.08191 0.08130 0.08076 0.08028 0.07986 0.07949 0.07917 0.07891 0.07869 0.07853 0.07842 0.07836 0.07833 0.07831 0.07829 0.07825 0.07816 0.07802 0.07784 0.07762 0.07738 0.07712 0.07685 0.07657 0.07627 0.07595 0.07561 0.07523 0.07483 0.07443 0.07406 0.07374 0.07350 0.07335 0.07330 0.07331 0.07337 0.07345 0.07352 0.07358 0.07362 0.07364 0.07365 0.07364 0.07361 0.07356 0.07351 0.07345 0.07339 0.07334 0.07328
0.09441 0.09408 0.09361 0.09303 0.09235 0.09161 0.09080 0.08995 0.08907 0.08816 0.08724 0.08632 0.08541 0.08453 0.08370 0.08292 0.08220 0.08156 0.08097 0.08043 0.07995 0.07952 0.07914 0.07881 0.07854 0.07834 0.07820 0.07812 0.07810 0.07809 0.07808 0.07805 0.07797 0.07782 0.07762 0.07739 0.07712 0.07683 0.07653 0.07623 0.07591 0.07559 0.07526 0.07491 0.07457 0.07424 0.07393 0.07368 0.07348 0.07335 0.07329 0.07329 0.07331 0.07335 0.07339 0.07343 0.07344 0.07345 0.07344 0.07343 0.07340 0.07336 0.07332 0.07327 0.07323 0.07318 0.07315
0.09406 0.09365 0.09311 0.09250 0.09184 0.09115 0.09045 0.08971 0.08896 0.08817 0.08735 0.08651 0.08566 0.08482 0.08400 0.08323 0.08250 0.08183 0.08121 0.08063 0.08010 0.07962 0.07918 0.07879 0.07847 0.07821 0.07804 0.07794 0.07790 0.07788 0.07787 0.07783 0.07774 0.07758 0.07737 0.07711 0.07683 0.07653 0.07622 0.07590 0.07559 0.07528 0.07497 0.07466 0.07437 0.07409 0.07384 0.07363 0.07347 0.07336 0.07330 0.07328 0.07329 0.07331 0.07333 0.07334 0.07334 0.07334 0.07333 0.07331 0.07329 0.07326 0.07322 0.07319 0.07315 0.07312 0.07309
0.09370 0.09316 0.09254 0.09188 0.09121 0.09057 0.08995 0.08932 0.08868 0.08802 0.08731 0.08656 0.08580 0.08502 0.08425 0.08350 0.08278 0.08210 0.08145 0.08084 0.08027 0.07973 0.07925 0.07881 0.07844 0.07814 0.07793 0.07779 0.07772 0.07768 0.07765 0.07759 0.07748 0.07730 0.07708 0.07681 0.07652 0.07621 0.07591 0.07561 0.07531 0.07503 0.07475 0.07448 0.07422 0.07399 0.07378 0.07360 0.07347 0.07338 0.07332 0.07330 0.07330 0.07331 0.07332 0.07332 0.07332 0.07331 0.07329 0.07328 0.07326 0.07324 0.07321 0.07319 0.07316 0.07313 0.07310
0.09336 0.09269 0.09197 0.09124 0.09056 0.08994 0.08938 0.08885 0.08831 0.08776 0.08716 0.08652 0.08584 0.08514 0.08443 0.08371 0.08301 0.08232 0.08166 0.08102 0.08041 0.07984 0.07931 0.07883 0.07842 0.07809 0.07783 0.07766 0.07756 0.07749 0.07743 0.07735 0.07721 0.07702 0.07678 0.07650 0.07621 0.07591 0.07563 0.07535 0.07509 0.07483 0.07459 0.07436 0.07414 0.07394 0.07376 0.07360 0.07349 0.07341 0.07337 0.07335 0.07335 0.07335 0.07336 0.07336 0.07335 0.07334 0.07333 0.07332 0.07330 0.07329 0.07327 0.07325 0.07323 0.07320 0.07317
0.09309 0.09229 0.09146 0.09066 0.08995 0.08934 0.08882 0.08836 0.08791 0.08746 0.08696 0.08641 0.08582 0.08519 0.08453 0.08386 0.08317 0.08248 0.08179 0.08112 0.08048 0.07988 0.07932 0.07882 0.07838 0.07801 0.07773 0.07753 0.07740 0.07730 0.07721 0.07710 0.07694 0.07673 0.07649 0.07621 0.07593 0.07565 0.07539 0.07514 0.07491 0.07470 0.07449 0.07429 0.07410 0.07393 0.07377 0.07363 0.07353 0.07346 0.07343 0.07342 0.07342 0.07343 0.07344 0.07345 0.07344 0.07343 0.07342 0.07341 0.07340 0.07339 0.07338 0.07336 0.07334 0.07331 0.07327
0.09293 0.09201 0.09108 0.09021 0.08946 0.08885 0.08835 0.08793 0.08754 0.08716 0.08674 0.08626 0.08574 0.08518 0.08457 0.08392 0.08323 0.08253 0.08182 0.08112 0.08044 0.07981 0.07923 0.07872 0.07826 0.07789 0.07759 0.07737 0.07721 0.07709 0.07698 0.07685 0.07669 0.07647 0.07623 0.07596 0.07570 0.07544 0.07520 0.07499 0.07480 0.07462 0.07445 0.07428 0.07411 0.07396 0.07381 0.07369 0.07360 0.07354 0.07352 0.07352 0.07353 0.07355 0.07356 0.07357 0.07357 0.07357 0.07356 0.07356 0.07355 0.07354 0.07352 0.07351 0.07348 0.07344 0.07339
0.09293 0.09191 0.09089 0.08996 0.08916 0.08853 0.08803 0.08762 0.08727 0.08692 0.08654 0.08611 0.08564 0.08511 0.08452 0.08388 0.08318 0.08244 0.08170 0.08096 0.08025 0.07960 0.07901 0.07849 0.07804 0.07767 0.07737 0.07715 0.07699 0.07686 0.07675 0.07662 0.07646 0.07626 0.07602 0.07578 0.07553 0.07530 0.07510 0.07492 0.07475 0.07460 0.07446 0.07431 0.07417 0.07402 0.07389 0.07379 0.07370 0.07366 0.07364 0.07365 0.07367 0.07369 0.07371 0.07373 0.07374 0.07374 0.07374 0.07373 0.07372 0.07371 0.07369 0.07366 0.07363 0.07358 0.07352
0.09311 0.09200 0.09093 0.08994 0.08910 0.08843 0.08791 0.08748 0.08712 0.08677 0.08640 0.08598 0.08551 0.08498 0.08439 0.08373 0.08299 0.08221 0.08142 0.08063 0.07989 0.07922 0.07863 0.07813 0.07770 0.07735 0.07708 0.07688 0.07674 0.07662 0.07652 0.07641 0.07627 0.07609 0.07588 0.07567 0.07545 0.07525 0.07507 0.07491 0.07477 0.07464 0.07451 0.07438 0.07425 0.07413 0.07401 0.07391 0.07384 0.07380 0.07379 0.07380 0.07383 0.07386 0.07389 0.07391 0.07392 0.07393 0.07393 0.07392 0.07391 0.07389 0.07386 0.07382 0.07377 0.07371 0.07364
0.09341 0.09224 0.09112 0.09009 0.08920 0.08850 0.08793 0.08747 0.08707 0.08669 0.08629 0.08585 0.08536 0.08481 0.08418 0.08348 0.08270 0.08187 0.08102 0.08019 0.07942 0.07874 0.07816 0.07768 0.07729 0.07698 0.07675 0.07658 0.07647 0.07639 0.07632 0.07623 0.07612 0.07598 0.07581 0.07562 0.07544 0.07526 0.07511 0.07497 0.07484 0.07472 0.07461 0.07449 0.07437 0.07426 0.07416 0.07407 0.07401 0.07398 0.07397 0.07399 0.07401 0.07404 0.07407 0.07410 0.07412 0.07413 0.07413 0.07412 0.07410 0.07406 0.07402 0.07397 0.07391 0.07384 0.07376
0.09375 0.09256 0.09140 0.09034 0.08941 0.08866 0.08805 0.08754 0.08708 0.08665 0.08620 0.08571 0.08517 0.08457 0.08390 0.08315 0.08231 0.08143 0.08054 0.07967 0.07888 0.07820 0.07765 0.07720 0.07686 0.07660 0.07642 0.07630 0.07622 0.07618 0.07614 0.07610 0.07602 0.07592 0.07579 0.07564 0.07549 0.07534 0.07520 0.07508 0.07496 0.07484 0.07474 0.07463 0.07452 0.07442 0.07434 0.07426 0.07421 0.07418 0.07418 0.07419 0.07421 0.07424 0.07427 0.07429 0.07431 0.07432 0.07432 0.07431 0.07428 0.07423 0.07417 0.07410 0.07402 0.07394 0.07385
0.09409 0.09287 0.09170 0.09062 0.08967 0.08888 0.08821 0.08764 0.08713 0.08663 0.08611 0.08556 0.08495 0.08429 0.08355 0.08275 0.08186 0.08093 0.08001 0.07913 0.07834 0.07768 0.07716 0.07675 0.07646 0.07626 0.07613 0.07606 0.07602 0.07602 0.07602 0.07601 0.07598 0.07591 0.07582 0.07571 0.07559 0.07547 0.07534 0.07523 0.07511 0.07500 0.07490 0.07480 0.07470 0.07462 0.07454 0.07448 0.07444 0.07441 0.07440 0.07441 0.07442 0.07444 0.07446 0.07448 0.07450 0.07450 0.07450 0.07448 0.07443 0.07437 0.07430 0.07421 0.07412 0.07402 0.07392
0.09435 0.09313 0.09195 0.09086 0.08989 0.08907 0.08837 0.08775 0.08717 0.08661 0.08601 0.08537 0.08469 0.08394 0.08314 0.08228 0.08136 0.08041 0.07949 0.07862 0.07785 0.07723 0.07675 0.07639 0.07615 0.07600 0.07592 0.07589 0.07590 0.07593 0.07596 0.07599 0.07599 0.07595 0.07590 0.07582 0.07573 0.07563 0.07552 0.07541 0.07530 0.07519 0.07509 0.07500 0.07491 0.07484 0.07478 0.07473 0.07469 0.07466 0.07464 0.07463 0.07463 0.07464 0.07465 0.07466 0.07466 0.07466 0.07465 0.07461 0.07456 0.07448 0.07439 0.07429 0.07418 0.07407 0.07396
0.09448 0.09327 0.09209 0.09100 0.09003 0.08919 0.08847 0.08781 0.08718 0.08655 0.08588 0.08515 0.08437 0.08354 0.08267 0.08177 0.08083 0.07990 0.07900 0.07818 0.07747 0.07690 0.07647 0.07617 0.07598 0.07588 0.07584 0.07584 0.07588 0.07593 0.07598 0.07603 0.07605 0.07605 0.07602 0.07597 0.07590 0.07581 0.07571 0.07561 0.07550 0.07540 0.07530 0.07522 0.07514 0.07508 0.07503 0.07499 0.07495 0.07492 0.07489 0.07487 0.07484 0.07483 0.07482 0.07481 0.07480 0.07478 0.07475 0.07471 0.07464 0.07455 0.07444 0.07433 0.07421 0.07409 0.07397
0.09447 0.09327 0.09211 0.09103 0.09006 0.08922 0.08848 0.08780 0.08713 0.08644 0.08569 0.08487 0.08400 0.08309 0.08216 0.08122 0.08030 0.07940 0.07857 0.07783 0.07719 0.07670 0.07634 0.07609 0.07595 0.07588 0.07587 0.07590 0.07595 0.07601 0.07608 0.07614 0.07618 0.07619 0.07617 0.07614 0.07608 0.07601 0.07592 0.07582 0.07572 0.07562 0.07553 0.07545 0.07539 0.07535 0.07531 0.07527 0.07524 0.07520 0.07515 0.07510 0.07505 0.07501 0.07497 0.07494 0.07490 0.07487 0.07482 0.07476 0.07468 0.07458 0.07447 0.07434 0.07421 0.07407 0.07394
0.09436 0.09318 0.09203 0.09096 0.09001 0.08917 0.08842 0.08772 0.08702 0.08627 0.08545 0.08454 0.08359 0.08260 0.08162 0.08067 0.07977 0.07894 0.07820 0.07755 0.07702 0.07660 0.07631 0.07613 0.07602 0.07599 0.07600 0.07604 0.07610 0.07617 0.07624 0.07629 0.07634 0.07635 0.07635 0.07633 0.07628 0.07622 0.07613 0.07604 0.07594 0.07585 0.07577 0.07570 0.07566 0.07563 0.07560 0.07557 0.07554 0.07549 0.07542 0.07534 0.07527 0.07519 0.07512 0.07505 0.07499 0.07493 0.07487 0.07479 0.07470 0.07459 0.07447 0.07433 0.07419 0.07405 0.07390
0.09417 0.09301 0.09188 0.09083 0.08988 0.08904 0.08828 0.08756 0.08682 0.08602 0.08514 0.08416 0.08313 0.08209 0.08107 0.08012 0.07927 0.07852 0.07788 0.07734 0.07691 0.07659 0.07637 0.07624 0.07618 0.07616 0.07619 0.07624 0.07630 0.07636 0.07643 0.07648 0.07652 0.07654 0.07654 0.07652 0.07648 0.07643 0.07635 0.07626 0.07617 0.07608 0.07601 0.07595 0.07593 0.07591 0.07590 0.07589 0.07585 0.07579 0.07570 0.07559 0.07548 0.07537 0.07526 0.07516 0.07507 0.07499 0.07490 0.07481 0.07471 0.07459 0.07446 0.07433 0.07418 0.07403 0.07387
0.09395 0.09280 0.09169 0.09064 0.08969 0.08884 0.08806 0.08730 0.08653 0.08569 0.08474 0.08371 0.08263 0.08155 0.08053 0.07961 0.07882 0.07816 0.07762 0.07720 0.07687 0.07664 0.07649 0.07641 0.07637 0.07638 0.07642 0.07647 0.07653 0.07659 0.07664 0.07669 0.07672 0.07674 0.07674 0.07673 0.07669 0.07663 0.07656 0.07647 0.07638 0.07630 0.07624 0.07620 0.07619 0.07620 0.07621 0.07621 0.07617 0.07610 0.07599 0.07585 0.07570 0.07555 0.07540 0.07527 0.07516 0.07505 0.07494 0.07483 0.07472 0.07460 0.07447 0.07433 0.07418 0.07402 0.07385
0.09372 0.09258 0.09148 0.09043 0.08946 0.08858 0.08776 0.08696 0.08613 0.08524 0.08425 0.08319 0.08209 0.08102 0.08001 0.07914 0.07842 0.07786 0.07742 0.07710 0.07687 0.07672 0.07663 0.07659 0.07659 0.07662 0.07666 0.07671 0.07676 0.07681 0.07686 0.07690 0.07693 0.07694 0.07694 0.07692 0.07689 0.07683 0.07676 0.07667 0.07658 0.07651 0.07645 0.07644 0.07645 0.07649 0.07652 0.07653 0.07651 0.07642 0.07629 0.07612 0.07593 0.07574 0.07555 0.07539 0.07525 0.07512 0.07499 0.07488 0.07476 0.07464 0.07451 0.07437 0.07421 0.07405 0.07386
0.09350 0.09237 0.09127 0.09020 0.08920 0.08827 0.08738 0.08651 0.08562 0.08469 0.08368 0.08261 0.08153 0.08049 0.07954 0.07873 0.07810 0.07762 0.07728 0.07705 0.07691 0.07682 0.07678 0.07678 0.07680 0.07684 0.07689 0.07694 0.07698 0.07703 0.07706 0.07709 0.07712 0.07713 0.07713 0.07711 0.07707 0.07702 0.07694 0.07685 0.07676 0.07669 0.07665 0.07665 0.07670 0.07676 0.07682 0.07686 0.07684 0.07675 0.07660 0.07639 0.07617 0.07593 0.07571 0.07552 0.07535 0.07521 0.07507 0.07495 0.07482 0.07470 0.07457 0.07444 0.07428 0.07411 0.07392
0.09327 0.09215 0.09103 0.08994 0.08889 0.08790 0.08694 0.08599 0.08504 0.08406 0.08303 0.08199 0.08095 0.07999 0.07912 0.07840 0.07785 0.07746 0.07720 0.07704 0.07696 0.07693 0.07693 0.07696 0.07700 0.07705 0.07711 0.07715 0.07719 0.07723 0.07725 0.07728 0.07729 0.07730 0.07730 0.07728 0.07725 0.07719 0.07711 0.07701 0.07692 0.07685 0.07682 0.07684 0.07692 0.07702 0.07711 0.07717 0.07716 0.07707 0.07689 0.07666 0.07640 0.07613 0.07588 0.07566 0.07547 0.07531 0.07517 0.07504 0.07492 0.07480 0.07467 0.07454 0.07439 0.07422 0.07403
0.09302 0.09189 0.09076 0.08963 0.08854 0.08747 0.08643 0.08541 0.08439 0.08338 0.08236 0.08136 0.08040 0.07952 0.07876 0.07813 0.07768 0.07736 0.07717 0.07707 0.07704 0.07705 0.07708 0.07713 0.07719 0.07725 0.07731 0.07735 0.07738 0.07741 0.07743 0.07744 0.07745 0.07746 0.07745 0.07744 0.07740 0.07734 0.07725 0.07715 0.07706 0.07699 0.07697 0.07700 0.07710 0.07723 0.07736 0.07744 0.07745 0.07736 0.07717 0.07691 0.07662 0.07632 0.07604 0.07580 0.07560 0.07543 0.07528 0.07515 0.07503 0.07491 0.07479 0.07467 0.07453 0.07437 0.07418
0.09271 0.09157 0.09042 0.08927 0.08812 0.08699 0.08587 0.08479 0.08373 0.08270 0.08170 0.08076 0.07989 0.07912 0.07846 0.07794 0.07757 0.07733 0.07719 0.07714 0.07714 0.07718 0.07723 0.07730 0.07737 0.07743 0.07749 0.07753 0.07756 0.07757 0.07758 0.07759 0.07759 0.07760 0.07759 0.07757 0.07754 0.07747 0.07738 0.07727 0.07717 0.07710 0.07708 0.07713 0.07725 0.07741 0.07756 0.07766 0.07769 0.07759 0.07739 0.07712 0.07681 0.07649 0.07619 0.07594 0.07572 0.07555 0.07539 0.07526 0.07515 0.07504 0.07493 0.07482 0.07469 0.07454 0.07438
0.09233 0.09117 0.09000 0.08882 0.08763 0.08644 0.08528 0.08415 0.08306 0.08204 0.08109 0.08022 0.07945 0.07879 0.07824 0.07782 0.07753 0.07735 0.07726 0.07724 0.07727 0.07732 0.07739 0.07746 0.07753 0.07760 0.07765 0.07769 0.07771 0.07772 0.07772 0.07771 0.07771 0.07771 0.07771 0.07769 0.07765 0.07758 0.07748 0.07737 0.07726 0.07718 0.07716 0.07721 0.07735 0.07752 0.07769 0.07781 0.07785 0.07776 0.07756 0.07728 0.07696 0.07663 0.07633 0.07606 0.07584 0.07566 0.07551 0.07538 0.07527 0.07517 0.07508 0.07498 0.07488 0.07476 0.07462
0.09184 0.09067 0.08948 0.08827 0.08705 0.08584 0.08465 0.08351 0.08243 0.08144 0.08055 0.07977 0.07910 0.07855 0.07810 0.07777 0.07755 0.07742 0.07736 0.07737 0.07741 0.07747 0.07754 0.07762 0.07769 0.07775 0.07780 0.07783 0.07784 0.07783 0.07783 0.07782 0.07781 0.07781 0.07780 0.07778 0.07774 0.07767 0.07756 0.07743 0.07732 0.07723 0.07720 0.07725 0.07739 0.07756 0.07774 0.07787 0.07791 0.07784 0.07765 0.07738 0.07707 0.07674 0.07644 0.07617 0.07595 0.07577 0.07561 0.07549 0.07539 0.07530 0.07523 0.07516 0.07508 0.07500 0.07489
0.09127 0.09007 0.08886 0.08763 0.08641 0.08519 0.08401 0.08289 0.08185 0.08091 0.08010 0.07941 0.07885 0.07839 0.07805 0.07779 0.07763 0.07753 0.07750 0.07751 0.07756 0.07762 0.07769 0.07776 0.07783 0.07788 0.07792 0.07794 0.07794 0.07793 0.07791 0.07790 0.07789 0.07788 0.07787 0.07785 0.07780 0.07773 0.07761 0.07748 0.07735 0.07725 0.07721 0.07725 0.07738 0.07754 0.07771 0.07784 0.07789 0.07783 0.07766 0.07741 0.07712 0.07681 0.07652 0.07626 0.07604 0.07586 0.07570 0.07558 0.07549 0.07542 0.07537 0.07533 0.07529 0.07525 0.07520
0.09060 0.08939 0.08816 0.08693 0.08571 0.08452 0.08337 0.08230 0.08132 0.08046 0.07973 0.07914 0.07867 0.07831 0.07805 0.07786 0.07774 0.07768 0.07766 0.07767 0.07772 0.07777 0.07783 0.07789 0.07795 0.07800 0.07803 0.07803 0.07802 0.07800 0.07798 0.07796 0.07794 0.07793 0.07792 0.07789 0.07785 0.07777 0.07765 0.07751 0.07737 0.07726 0.07720 0.07723 0.07733 0.07748 0.07763 0.07775 0.07781 0.07776 0.07761 0.07739 0.07713 0.07685 0.07658 0.07633 0.07611 0.07593 0.07578 0.07566 0.07558 0.07553 0.07550 0.07549 0.07549 0.07549 0.07550
